# exterior:
# ---------
 2.84639941   0.00000000  0.0
 2.83556608  -0.24435612  0.0
 2.80315718  -0.48685645  0.0
 2.74941179  -0.72564515  0.0
 2.67473977  -0.95891767  0.0
 2.57971604  -1.18488650  0.0
 2.46505788  -1.40184381  0.0
 2.33163624  -1.60812732  0.0
 2.18047008  -1.80217722  0.0
 2.01270932  -1.98250765  0.0
 1.82963482  -2.14775233  0.0
 1.63262988  -2.29664744  0.0
 1.42320310  -2.42807145  0.0
 1.20294277  -2.54101102  0.0
 0.97352826  -2.63461218  0.0
 0.73670728  -2.70815762  0.0
 0.49427308  -2.76110080  0.0
 0.24808157  -2.79302611  0.0
 0.00000000  -2.80369445  0.0
-0.24808157  -2.79302611  0.0
-0.49427308  -2.76110080  0.0
-0.73670728  -2.70815762  0.0
-0.97352826  -2.63461218  0.0
-1.20294277  -2.54101102  0.0
-1.42320310  -2.42807145  0.0
-1.63262988  -2.29664744  0.0
-1.82963482  -2.14775233  0.0
-2.01270932  -1.98250765  0.0
-2.18047008  -1.80217722  0.0
-2.33163624  -1.60812732  0.0
-2.46505788  -1.40184381  0.0
-2.57971604  -1.18488650  0.0
-2.67473977  -0.95891767  0.0
-2.74941179  -0.72564515  0.0
-2.80315718  -0.48685645  0.0
-2.83556608  -0.24435612  0.0
-2.84639941   0.00000000  0.0
-2.83556608   0.24435612  0.0
-2.80315718   0.48685645  0.0
-2.74941179   0.72564515  0.0
-2.67473977   0.95891767  0.0
-2.57971604   1.18488650  0.0
-2.46505788   1.40184381  0.0
-2.33163624   1.60812732  0.0
-2.18047008   1.80217722  0.0
-2.01270932   1.98250765  0.0
-1.82963482   2.14775233  0.0
-1.63262988   2.29664744  0.0
-1.42320310   2.42807145  0.0
-1.20294277   2.54101102  0.0
-0.97352826   2.63461218  0.0
-0.73670728   2.70815762  0.0
-0.49427308   2.76110080  0.0
-0.24808157   2.79302611  0.0
 0.00000000   2.80369445  0.0
 0.24808157   2.79302611  0.0
 0.49427308   2.76110080  0.0
 0.73670728   2.70815762  0.0
 0.97352826   2.63461218  0.0
 1.20294277   2.54101102  0.0
 1.42320310   2.42807145  0.0
 1.63262988   2.29664744  0.0
 1.82963482   2.14775233  0.0
 2.01270932   1.98250765  0.0
 2.18047008   1.80217722  0.0
 2.33163624   1.60812732  0.0
 2.46505788   1.40184381  0.0
 2.57971604   1.18488650  0.0
 2.67473977   0.95891767  0.0
 2.74941179   0.72564515  0.0
 2.80315718   0.48685645  0.0
 2.83556608   0.24435612  0.0
 2.84639941   0.00000000  0.0
;;

# interior:
# ---------
 2.84139450   0.00000000  0.0
 2.83058080   0.24391336  0.0
 2.79823058   0.48597460  0.0
 2.74458239   0.72433146  0.0
 2.67004511   0.95718303  0.0
 2.57519242   1.18274514  0.0
 2.46074003   1.39931308  0.0
 2.32755701   1.60522767  0.0
 2.17666018   1.79893182  0.0
 2.00919715   1.97894222  0.0
 1.82644631   2.14389476  0.0
 1.62978828   2.29252767  0.0
 1.42072892   2.42372112  0.0
 1.20085377   2.53646318  0.0
 0.97183925   2.62990115  0.0
 0.73543008   2.70331870  0.0
 0.49341661   2.75616999  0.0
 0.24765186   2.78803996  0.0
 0.00000000   2.79868982  0.0
-0.24765186   2.78803996  0.0
-0.49341661   2.75616999  0.0
-0.73543008   2.70331870  0.0
-0.97183925   2.62990115  0.0
-1.20085377   2.53646318  0.0
-1.42072892   2.42372112  0.0
-1.62978828   2.29252767  0.0
-1.82644631   2.14389476  0.0
-2.00919715   1.97894222  0.0
-2.17666018   1.79893182  0.0
-2.32755701   1.60522767  0.0
-2.46074003   1.39931308  0.0
-2.57519242   1.18274514  0.0
-2.67004511   0.95718303  0.0
-2.74458239   0.72433146  0.0
-2.79823058   0.48597460  0.0
-2.83058080   0.24391336  0.0
-2.84139450   0.00000000  0.0
-2.83058080  -0.24391336  0.0
-2.79823058  -0.48597460  0.0
-2.74458239  -0.72433146  0.0
-2.67004511  -0.95718303  0.0
-2.57519242  -1.18274514  0.0
-2.46074003  -1.39931308  0.0
-2.32755701  -1.60522767  0.0
-2.17666018  -1.79893182  0.0
-2.00919715  -1.97894222  0.0
-1.82644631  -2.14389476  0.0
-1.62978828  -2.29252767  0.0
-1.42072892  -2.42372112  0.0
-1.20085377  -2.53646318  0.0
-0.97183925  -2.62990115  0.0
-0.73543008  -2.70331870  0.0
-0.49341661  -2.75616999  0.0
-0.24765186  -2.78803996  0.0
 0.00000000  -2.79868982  0.0
 0.24765186  -2.78803996  0.0
 0.49341661  -2.75616999  0.0
 0.73543008  -2.70331870  0.0
 0.97183925  -2.62990115  0.0
 1.20085377  -2.53646318  0.0
 1.42072892  -2.42372112  0.0
 1.62978828  -2.29252767  0.0
 1.82644631  -2.14389476  0.0
 2.00919715  -1.97894222  0.0
 2.17666018  -1.79893182  0.0
 2.32755701  -1.60522767  0.0
 2.46074003  -1.39931308  0.0
 2.57519242  -1.18274514  0.0
 2.67004511  -0.95718303  0.0
 2.74458239  -0.72433146  0.0
 2.79823058  -0.48597460  0.0
 2.83058080  -0.24391336  0.0
 2.84139450   0.00000000  0.0
;;

