# exterior:
# ---------
 2.84639941   0.00000000  0.0
 2.83556608  -0.24435612  0.0
 2.80315718  -0.48685645  0.0
 2.74941179  -0.72564515  0.0
 2.67473977  -0.95891767  0.0
 2.57971604  -1.18488650  0.0
 2.46505788  -1.40184381  0.0
 2.33163624  -1.60812732  0.0
 2.18047008  -1.80217722  0.0
 2.01270932  -1.98250765  0.0
 1.91900363  -2.06708724  0.0
 1.91557488  -2.06344651  0.0
 2.00919715  -1.97894222  0.0
 2.17666018  -1.79893182  0.0
 2.32755701  -1.60522767  0.0
 2.46074003  -1.39931308  0.0
 2.57519242  -1.18274514  0.0
 2.67004511  -0.95718303  0.0
 2.74458239  -0.72433146  0.0
 2.79823058  -0.48597460  0.0
 2.83058080  -0.24391336  0.0
 2.84139450   0.00000000  0.0
 2.83058080   0.24391336  0.0
 2.79823058   0.48597460  0.0
 2.74458239   0.72433146  0.0
 2.67004511   0.95718303  0.0
 2.57519242   1.18274514  0.0
 2.46074003   1.39931308  0.0
 2.32755701   1.60522767  0.0
 2.17666018   1.79893182  0.0
 2.00919715   1.97894222  0.0
 1.91557488   2.06344651  0.0
 1.91900363   2.06708724  0.0
 2.01270932   1.98250765  0.0
 2.18047008   1.80217722  0.0
 2.33163624   1.60812732  0.0
 2.46505788   1.40184381  0.0
 2.57971604   1.18488650  0.0
 2.67473977   0.95891767  0.0
 2.74941179   0.72564515  0.0
 2.80315718   0.48685645  0.0
 2.83556608   0.24435612  0.0
 2.84639941   0.00000000  0.0
;;

