# exterior:
# ---------
-0.75000000  -2.70465779  0.0
-0.97373094  -2.63517751  0.0
-1.20319345  -2.54155676  0.0
-1.42350000  -2.42859349  0.0
-1.63297087  -2.29714181  0.0
-1.83001744  -2.14821524  0.0
-2.01313078  -1.98293550  0.0
-2.18092727  -1.80256666  0.0
-2.33212574  -1.60847528  0.0
-2.46557602  -1.40214750  0.0
-2.58025888  -1.18514347  0.0
-2.67530312  -0.95912583  0.0
-2.74999132  -0.72580279  0.0
-2.80374838  -0.48696227  0.0
-2.83616432  -0.24440926  0.0
-2.84700000   0.00000000  0.0
-2.83616432   0.24440926  0.0
-2.80374838   0.48696227  0.0
-2.74999132   0.72580279  0.0
-2.67530312   0.95912583  0.0
-2.58025888   1.18514347  0.0
-2.46557602   1.40214750  0.0
-2.33212574   1.60847528  0.0
-2.18092727   1.80256666  0.0
-2.01313078   1.98293550  0.0
-1.83001744   2.14821524  0.0
-1.63297087   2.29714181  0.0
-1.42350000   2.42859349  0.0
-1.20319345   2.54155676  0.0
-0.97373094   2.63517751  0.0
-0.75000000   2.70465779  0.0
-0.75000000   2.70402953  0.0
-0.97352826   2.63461218  0.0
-1.20294277   2.54101102  0.0
-1.42320310   2.42807145  0.0
-1.63262988   2.29664744  0.0
-1.82963482   2.14775233  0.0
-2.01270932   1.98250765  0.0
-2.18047008   1.80217722  0.0
-2.33163624   1.60812732  0.0
-2.46505788   1.40184381  0.0
-2.57971604   1.18488650  0.0
-2.67473977   0.95891767  0.0
-2.74941179   0.72564515  0.0
-2.80315718   0.48685645  0.0
-2.83556608   0.24435612  0.0
-2.84639941   0.00000000  0.0
-2.83556608  -0.24435612  0.0
-2.80315718  -0.48685645  0.0
-2.74941179  -0.72564515  0.0
-2.67473977  -0.95891767  0.0
-2.57971604  -1.18488650  0.0
-2.46505788  -1.40184381  0.0
-2.33163624  -1.60812732  0.0
-2.18047008  -1.80217722  0.0
-2.01270932  -1.98250765  0.0
-1.82963482  -2.14775233  0.0
-1.63262988  -2.29664744  0.0
-1.42320310  -2.42807145  0.0
-1.20294277  -2.54101102  0.0
-0.97352826  -2.63461218  0.0
-0.75000000  -2.70402953  0.0
-0.75000000  -2.70465779  0.0
;;

