# exterior:
# ---------
-0.75000000   2.70402953  0.0
-0.73670728   2.70815762  0.0
-0.49427308   2.76110080  0.0
-0.24808157   2.79302611  0.0
 0.00000000   2.80369445  0.0
 0.24808157   2.79302611  0.0
 0.49427308   2.76110080  0.0
 0.73670728   2.70815762  0.0
 0.75000000   2.70402953  0.0
 0.75000000   2.69879397  0.0
 0.73543008   2.70331870  0.0
 0.49341661   2.75616999  0.0
 0.24765186   2.78803996  0.0
 0.00000000   2.79868982  0.0
-0.24765186   2.78803996  0.0
-0.49341661   2.75616999  0.0
-0.73543008   2.70331870  0.0
-0.75000000   2.69879397  0.0
-0.75000000   2.70402953  0.0
;;

