# exterior:
# ---------
-0.75000000   2.58047034  0.0
-0.70656535   2.59395909  0.0
-0.47406044   2.64473389  0.0
-0.23794058   2.67535315  0.0
 0.00000000   2.68558539  0.0
 0.23794058   2.67535315  0.0
 0.47406044   2.64473389  0.0
 0.70656535   2.59395909  0.0
 0.75000000   2.58047034  0.0
 0.75000000   2.57547163  0.0
 0.74997227   2.57547041  0.0
 0.74948060   2.57549739  0.0
 0.74899397   2.57557259  0.0
 0.74851710   2.57569530  0.0
 0.70528815   2.58912017  0.0
 0.47320397   2.63980309  0.0
 0.23751088   2.67036700  0.0
 0.00000000   2.68058077  0.0
-0.23751088   2.67036700  0.0
-0.47320397   2.63980309  0.0
-0.70528815   2.58912017  0.0
-0.74851710   2.57569530  0.0
-0.74899397   2.57557259  0.0
-0.74948060   2.57549739  0.0
-0.74997227   2.57547041  0.0
-0.75000000   2.57547163  0.0
-0.75000000   2.58047034  0.0
;;

