# exterior:
# ---------
 1.84700000   1.98659058  0.0
 1.93684641   1.90549441  0.0
 2.09817622   1.73207677  0.0
 2.24352491   1.54549468  0.0
 2.37179241   1.34718001  0.0
 2.48200582   1.13863309  0.0
 2.57333522   0.92144946  0.0
 2.64509667   0.69726946  0.0
 2.69674262   0.46780851  0.0
 2.72788399   0.23479247  0.0
 2.73829332   0.00000000  0.0
 2.72788399  -0.23479247  0.0
 2.69674262  -0.46780851  0.0
 2.64509667  -0.69726946  0.0
 2.57333522  -0.92144946  0.0
 2.48200582  -1.13863309  0.0
 2.37179241  -1.34718001  0.0
 2.24352491  -1.54549468  0.0
 2.09817622  -1.73207677  0.0
 1.93684641  -1.90549441  0.0
 1.84700000  -1.98659058  0.0
 1.84700000  -1.97985503  0.0
 1.93333424  -1.90192898  0.0
 2.09436632  -1.72883138  0.0
 2.23944568  -1.54259502  0.0
 2.36747456  -1.34464928  0.0
 2.47748220  -1.13649173  0.0
 2.56864057  -0.91971482  0.0
 2.64026727  -0.69595577  0.0
 2.69181602  -0.46692666  0.0
 2.72289871  -0.23434971  0.0
 2.73328841   0.00000000  0.0
 2.72289871   0.23434971  0.0
 2.69181602   0.46692666  0.0
 2.64026727   0.69595577  0.0
 2.56864057   0.91971482  0.0
 2.47748220   1.13649173  0.0
 2.36747456   1.34464928  0.0
 2.23944568   1.54259502  0.0
 2.09436632   1.72883138  0.0
 1.93333424   1.90192898  0.0
 1.84700000   1.97985503  0.0
 1.84700000   1.98659058  0.0
;;

