# exterior:
# ---------
-0.75500000  -2.58729447  0.0
-0.93637002  -2.53096949  0.0
-1.15698493  -2.44095856  0.0
-1.36877114  -2.33236414  0.0
-1.57011476  -2.20601264  0.0
-1.75948765  -2.06288579  0.0
-1.93544154  -1.90406824  0.0
-2.09665226  -1.73077861  0.0
-2.24189322  -1.54433482  0.0
-2.37006527  -1.34616772  0.0
-2.48019637  -1.13777655  0.0
-2.57145736  -0.92075560  0.0
-2.64316491  -0.69674398  0.0
-2.69477198  -0.46745577  0.0
-2.72588988  -0.23461537  0.0
-2.73629136   0.00000000  0.0
-2.72588988   0.23461537  0.0
-2.69477198   0.46745577  0.0
-2.64316491   0.69674398  0.0
-2.57145736   0.92075560  0.0
-2.48019637   1.13777655  0.0
-2.37006527   1.34616772  0.0
-2.24189322   1.54433482  0.0
-2.09665226   1.73077861  0.0
-1.93544154   1.90406824  0.0
-1.75948765   2.06288579  0.0
-1.57011476   2.20601264  0.0
-1.36877114   2.33236414  0.0
-1.15698493   2.44095856  0.0
-0.93637002   2.53096949  0.0
-0.75500000   2.58729447  0.0
-0.75500000   2.58729446  0.0
-0.76000000   2.58050614  0.0
-0.76000000   2.58050614  0.0
-0.93468101   2.52625845  0.0
-1.15489594   2.43641072  0.0
-1.36629696   2.32801381  0.0
-1.56727317   2.20189288  0.0
-1.75629914   2.05902822  0.0
-1.93192937   1.90050281  0.0
-2.09284236   1.72753322  0.0
-2.23781399   1.54143516  0.0
-2.36574742   1.34363699  0.0
-2.47567275   1.13563519  0.0
-2.56676270   0.91902097  0.0
-2.63833551   0.69543029  0.0
-2.68984538   0.46657392  0.0
-2.72090460   0.23417261  0.0
-2.73128645   0.00000000  0.0
-2.72090460  -0.23417261  0.0
-2.68984538  -0.46657392  0.0
-2.63833551  -0.69543029  0.0
-2.56676270  -0.91902097  0.0
-2.47567275  -1.13563519  0.0
-2.36574742  -1.34363699  0.0
-2.23781399  -1.54143516  0.0
-2.09284236  -1.72753322  0.0
-1.93192937  -1.90050281  0.0
-1.75629914  -2.05902822  0.0
-1.56727317  -2.20189288  0.0
-1.36629696  -2.32801381  0.0
-1.15489594  -2.43641072  0.0
-0.93468101  -2.52625845  0.0
-0.76000000  -2.58050614  0.0
-0.76000000  -2.58050614  0.0
-0.75500000  -2.58729446  0.0
-0.75500000  -2.58729447  0.0
;;

