# exterior:
# ---------
-0.75000000  -2.59408279  0.0
-0.93805903  -2.53568052  0.0
-1.15907392  -2.44550639  0.0
-1.37124532  -2.33671447  0.0
-1.57295636  -2.21013241  0.0
-1.76267616  -2.06674336  0.0
-1.93895372  -1.90763366  0.0
-2.10046216  -1.73402401  0.0
-2.24597245  -1.54723448  0.0
-2.37438311  -1.34869845  0.0
-2.48471999  -1.13991791  0.0
-2.57615201  -0.92249024  0.0
-2.64799432  -0.69805767  0.0
-2.69969858  -0.46833762  0.0
-2.73087516  -0.23505813  0.0
-2.74129627   0.00000000  0.0
-2.73087516   0.23505813  0.0
-2.69969858   0.46833762  0.0
-2.64799432   0.69805767  0.0
-2.57615201   0.92249024  0.0
-2.48471999   1.13991791  0.0
-2.37438311   1.34869845  0.0
-2.24597245   1.54723448  0.0
-2.10046216   1.73402401  0.0
-1.93895372   1.90763366  0.0
-1.76267616   2.06674336  0.0
-1.57295636   2.21013241  0.0
-1.37124532   2.33671447  0.0
-1.15907392   2.44550639  0.0
-0.93805903   2.53568052  0.0
-0.75000000   2.59408279  0.0
-0.75000000   2.59408279  0.0
-0.75500000   2.58729446  0.0
-0.75500000   2.58729447  0.0
-0.93637002   2.53096949  0.0
-1.15698493   2.44095856  0.0
-1.36877114   2.33236414  0.0
-1.57011476   2.20601264  0.0
-1.75948765   2.06288579  0.0
-1.93544154   1.90406824  0.0
-2.09665226   1.73077861  0.0
-2.24189322   1.54433482  0.0
-2.37006527   1.34616772  0.0
-2.48019637   1.13777655  0.0
-2.57145736   0.92075560  0.0
-2.64316491   0.69674398  0.0
-2.69477198   0.46745577  0.0
-2.72588988   0.23461537  0.0
-2.73629136   0.00000000  0.0
-2.72588988  -0.23461537  0.0
-2.69477198  -0.46745577  0.0
-2.64316491  -0.69674398  0.0
-2.57145736  -0.92075560  0.0
-2.48019637  -1.13777655  0.0
-2.37006527  -1.34616772  0.0
-2.24189322  -1.54433482  0.0
-2.09665226  -1.73077861  0.0
-1.93544154  -1.90406824  0.0
-1.75948765  -2.06288579  0.0
-1.57011476  -2.20601264  0.0
-1.36877114  -2.33236414  0.0
-1.15698493  -2.44095856  0.0
-0.93637002  -2.53096949  0.0
-0.75500000  -2.58729447  0.0
-0.75500000  -2.58729446  0.0
-0.75000000  -2.59408279  0.0
-0.75000000  -2.59408279  0.0
;;

