# exterior:
# ---------
-0.75000000  -2.69879397  0.0
-0.97183925  -2.62990115  0.0
-1.20085377  -2.53646318  0.0
-1.42072892  -2.42372112  0.0
-1.62978828  -2.29252767  0.0
-1.82644631  -2.14389476  0.0
-2.00919715  -1.97894222  0.0
-2.17666018  -1.79893182  0.0
-2.32755701  -1.60522767  0.0
-2.46074003  -1.39931308  0.0
-2.57519242  -1.18274514  0.0
-2.67004511  -0.95718303  0.0
-2.74458239  -0.72433146  0.0
-2.79823058  -0.48597460  0.0
-2.83058080  -0.24391336  0.0
-2.84139450   0.00000000  0.0
-2.83058080   0.24391336  0.0
-2.79823058   0.48597460  0.0
-2.74458239   0.72433146  0.0
-2.67004511   0.95718303  0.0
-2.57519242   1.18274514  0.0
-2.46074003   1.39931308  0.0
-2.32755701   1.60522767  0.0
-2.17666018   1.79893182  0.0
-2.00919715   1.97894222  0.0
-1.82644631   2.14389476  0.0
-1.62978828   2.29252767  0.0
-1.42072892   2.42372112  0.0
-1.20085377   2.53646318  0.0
-0.97183925   2.62990115  0.0
-0.75000000   2.69879397  0.0
-0.75000000   2.59408279  0.0
-0.93805903   2.53568052  0.0
-1.15907392   2.44550639  0.0
-1.37124532   2.33671447  0.0
-1.57295636   2.21013241  0.0
-1.76267616   2.06674336  0.0
-1.93895372   1.90763366  0.0
-2.10046216   1.73402401  0.0
-2.24597245   1.54723448  0.0
-2.37438311   1.34869845  0.0
-2.48471999   1.13991791  0.0
-2.57615201   0.92249024  0.0
-2.64799432   0.69805767  0.0
-2.69969858   0.46833762  0.0
-2.73087516   0.23505813  0.0
-2.74129627   0.00000000  0.0
-2.73087516  -0.23505813  0.0
-2.69969858  -0.46833762  0.0
-2.64799432  -0.69805767  0.0
-2.57615201  -0.92249024  0.0
-2.48471999  -1.13991791  0.0
-2.37438311  -1.34869845  0.0
-2.24597245  -1.54723448  0.0
-2.10046216  -1.73402401  0.0
-1.93895372  -1.90763366  0.0
-1.76267616  -2.06674336  0.0
-1.57295636  -2.21013241  0.0
-1.37124532  -2.33671447  0.0
-1.15907392  -2.44550639  0.0
-0.93805903  -2.53568052  0.0
-0.75000000  -2.59408279  0.0
-0.75000000  -2.69879397  0.0
;;

