# exterior:
# ---------
 0.75000000  -2.69879397  0.0
 0.73543008  -2.70331870  0.0
 0.49341661  -2.75616999  0.0
 0.24765186  -2.78803996  0.0
 0.00000000  -2.79868982  0.0
-0.24765186  -2.78803996  0.0
-0.49341661  -2.75616999  0.0
-0.73543008  -2.70331870  0.0
-0.75000000  -2.69879397  0.0
-0.75000000  -2.59408279  0.0
-0.70988607  -2.60654029  0.0
-0.47628725  -2.65755398  0.0
-0.23905781  -2.68831712  0.0
 0.00000000  -2.69859740  0.0
 0.23905781  -2.68831712  0.0
 0.47628725  -2.65755398  0.0
 0.70988607  -2.60654029  0.0
 0.75000000  -2.59408279  0.0
 0.75000000  -2.69879397  0.0
;;

