# exterior:
# ---------
 1.91557488  -2.06344651  0.0
 1.82644631  -2.14389476  0.0
 1.62978828  -2.29252767  0.0
 1.42072892  -2.42372112  0.0
 1.20085377  -2.53646318  0.0
 0.97183925  -2.62990115  0.0
 0.75000000  -2.69879397  0.0
 0.75000000  -2.59408279  0.0
 0.93805903  -2.53568052  0.0
 1.15907392  -2.44550639  0.0
 1.37124532  -2.33671447  0.0
 1.57295636  -2.21013241  0.0
 1.76267616  -2.06674336  0.0
 1.84700000  -1.99063191  0.0
 1.84700000  -1.99063191  0.0
 1.91557488  -2.06344651  0.0
;;

