# exterior:
# ---------
 2.84139450   0.00000000  0.0
 2.83058080  -0.24391336  0.0
 2.79823058  -0.48597460  0.0
 2.74458239  -0.72433146  0.0
 2.67004511  -0.95718303  0.0
 2.57519242  -1.18274514  0.0
 2.46074003  -1.39931308  0.0
 2.32755701  -1.60522767  0.0
 2.17666018  -1.79893182  0.0
 2.00919715  -1.97894222  0.0
 1.91557488  -2.06344651  0.0
 1.84700000  -1.99063191  0.0
 1.84700000  -1.99063191  0.0
 1.93895372  -1.90763366  0.0
 2.10046216  -1.73402401  0.0
 2.24597245  -1.54723448  0.0
 2.37438311  -1.34869845  0.0
 2.48471999  -1.13991791  0.0
 2.57615201  -0.92249024  0.0
 2.64799432  -0.69805767  0.0
 2.69969858  -0.46833762  0.0
 2.73087516  -0.23505813  0.0
 2.74129627   0.00000000  0.0
 2.73087516   0.23505813  0.0
 2.69969858   0.46833762  0.0
 2.64799432   0.69805767  0.0
 2.57615201   0.92249024  0.0
 2.48471999   1.13991791  0.0
 2.37438311   1.34869845  0.0
 2.24597245   1.54723448  0.0
 2.10046216   1.73402401  0.0
 1.93895372   1.90763366  0.0
 1.84700000   1.99063191  0.0
 1.84700000   1.99063191  0.0
 1.91557488   2.06344651  0.0
 2.00919715   1.97894222  0.0
 2.17666018   1.79893182  0.0
 2.32755701   1.60522767  0.0
 2.46074003   1.39931308  0.0
 2.57519242   1.18274514  0.0
 2.67004511   0.95718303  0.0
 2.74458239   0.72433146  0.0
 2.79823058   0.48597460  0.0
 2.83058080   0.24391336  0.0
 2.84139450   0.00000000  0.0
;;

