# exterior:
# ---------
 3.69687500  -0.01256346  0.0
 3.67676400  -0.00928064  0.0
 3.59247525   0.00340113  0.0
 3.50203490   0.01507142  0.0
 3.40538380   0.02541675  0.0
 3.30252195   0.03389887  0.0
 3.19350850   0.03972514  0.0
 3.07828430   0.04203199  0.0
 2.95690850   0.04013328  0.0
 2.82932195   0.03347890  0.0
 2.69558380   0.02154834  0.0
 2.55563490   0.00386250  0.0
 2.40947525  -0.01998087  0.0
 2.25716400  -0.05001724  0.0
 2.09982500  -0.08567877  0.0
 1.94207195  -0.12500761  0.0
 1.78437805  -0.16677343  0.0
 1.62662500  -0.20992927  0.0
 1.46887195  -0.25338677  0.0
 1.31117214  -0.29609898  0.0
 1.15342500  -0.33730879  0.0
 0.99567195  -0.37641285  0.0
 0.83797805  -0.41284925  0.0
 0.68022500  -0.44611522  0.0
 0.52247195  -0.47570204  0.0
 0.36477805  -0.50117203  0.0
 0.20702500  -0.52230042  0.0
 0.04927195  -0.53909902  0.0
-0.10842195  -0.55163290  0.0
-0.26617500  -0.55973054  0.0
-0.42392805  -0.56310800  0.0
-0.58162195  -0.56145772  0.0
-0.73937500  -0.55463180  0.0
-0.89192285  -0.54288461  0.0
-1.03618970  -0.52692595  0.0
-1.17211640  -0.50724674  0.0
-1.29976210  -0.48429654  0.0
-1.41912680  -0.45861953  0.0
-1.53015135  -0.43070073  0.0
-1.63295405  -0.40093053  0.0
-1.72735745  -0.36987678  0.0
-1.81353900  -0.33782931  0.0
-1.89138040  -0.30498923  0.0
-1.96094080  -0.27129739  0.0
-2.02222020  -0.23677745  0.0
-2.07515945  -0.20163052  0.0
-2.11981770  -0.16656049  0.0
-2.15619495  -0.13241911  0.0
-2.18429120  -0.09887514  0.0
-2.20404730  -0.06467461  0.0
-2.21552240  -0.02872324  0.0
-2.21706030  -0.01890434  0.0
-2.21812500   0.00000000  0.0
-2.21079040   0.05977699  0.0
-2.19517480   0.10119382  0.0
-2.17127820   0.14052857  0.0
-2.13904145   0.18041933  0.0
-2.09852370   0.22051712  0.0
-2.04972495   0.26128921  0.0
-1.99264520   0.30339218  0.0
-1.92722530   0.34643564  0.0
-1.85352440   0.38982216  0.0
-1.77148335   0.43323235  0.0
-1.68122045   0.47622848  0.0
-1.58255825   0.51855030  0.0
-1.47567420   0.55976011  0.0
-1.36050915   0.59949116  0.0
-1.23700395   0.63739448  0.0
-1.10515860   0.67302644  0.0
-0.96509140   0.70585469  0.0
-0.81668405   0.73537054  0.0
-0.66052805   0.76081687  0.0
-0.50277500   0.78083915  0.0
-0.34502195   0.79520669  0.0
-0.18732805   0.80400229  0.0
-0.02957500   0.80710766  0.0
 0.12817805   0.80444592  0.0
 0.28587195   0.79634236  0.0
 0.44362500   0.78315783  0.0
 0.60137805   0.76530636  0.0
 0.75907195   0.74308962  0.0
 0.91681908   0.71721741  0.0
 1.07457805   0.68842910  0.0
 1.23227195   0.65709735  0.0
 1.39002500   0.62363028  0.0
 1.54777805   0.58825858  0.0
 1.70547195   0.55139038  0.0
 1.86322500   0.51330961  0.0
 2.02097805   0.47421147  0.0
 2.17867195   0.43440943  0.0
 2.33411815   0.39441220  0.0
 2.48335360   0.35527264  0.0
 2.62637830   0.31717413  0.0
 2.76325140   0.28023496  0.0
 2.89391375   0.24463848  0.0
 3.01836535   0.21053259  0.0
 3.13666535   0.17779307  0.0
 3.24881375   0.14640217  0.0
 3.35475140   0.11641311  0.0
 3.45447830   0.08768988  0.0
 3.54805360   0.06006091  0.0
 3.63541815   0.03340200  0.0
 3.65629810   0.02664116  0.0
 3.67676400   0.01966738  0.0
 3.69687500   0.01256346  0.0
 3.69687500  -0.01256346  0.0
;;

# interior:
# ---------
 3.69627500  -0.01185758  0.0
 3.69627500   0.01213907  0.0
 3.67656731   0.01910052  0.0
 3.65610891   0.02607175  0.0
 3.63523816   0.03282961  0.0
 3.54788109   0.05948624  0.0
 3.45431032   0.08711387  0.0
 3.35458666   0.11583617  0.0
 3.24865117   0.14582461  0.0
 3.13650447   0.17721504  0.0
 3.01820604   0.20995413  0.0
 2.89375560   0.24405970  0.0
 2.76309438   0.27965587  0.0
 2.62622291   0.31659460  0.0
 2.48320027   0.35469257  0.0
 2.33396729   0.39383147  0.0
 2.17852377   0.43382801  0.0
 2.02083246   0.47362939  0.0
 1.86308243   0.51272680  0.0
 1.70533325   0.55080663  0.0
 1.54764411   0.58767371  0.0
 1.38989710   0.62304406  0.0
 1.23215122   0.65650961  0.0
 1.07446572   0.68783969  0.0
 0.91671667   0.71662619  0.0
 0.75898153   0.74249643  0.0
 0.60130245   0.76471109  0.0
 0.44356627   0.78256065  0.0
 0.28583156   0.79574365  0.0
 0.12815759   0.80384617  0.0
-0.02957416   0.80650757  0.0
-0.18730543   0.80340262  0.0
-0.34497802   0.79460820  0.0
-0.50271000   0.78024259  0.0
-0.66044200   0.76022298  0.0
-0.81657725   0.73478003  0.0
-0.96496439   0.70526820  0.0
-1.10501183   0.67244458  0.0
-1.23683762   0.63681791  0.0
-1.36032324   0.59892060  0.0
-1.47546837   0.55919642  0.0
-1.58233198   0.51799449  0.0
-1.68097307   0.47568172  0.0
-1.77121391   0.43269610  0.0
-1.85323175   0.38929819  0.0
-1.92690801   0.34592617  0.0
-1.99230198   0.30289978  0.0
-2.04935418   0.26081713  0.0
-2.09811961   0.22007288  0.0
-2.13859572   0.18001629  0.0
-2.17078628   0.14018270  0.0
-2.19463306   0.10092996  0.0
-2.21020362   0.05963257  0.0
-2.21752293  -0.00001982  0.0
-2.21646292  -0.01884089  0.0
-2.21493677  -0.02858478  0.0
-2.20349539  -0.06443052  0.0
-2.18379774  -0.09852986  0.0
-2.15575810  -0.13200624  0.0
-2.11942635  -0.16610491  0.0
-2.07480767  -0.20114387  0.0
-2.02190661  -0.23626545  0.0
-1.96066252  -0.27076550  0.0
-1.89113285  -0.30444246  0.0
-1.81331772  -0.33727145  0.0
-1.72715907  -0.36931041  0.0
-1.63277680  -0.40035721  0.0
-1.52999469  -0.43012144  0.0
-1.41899051  -0.45803512  0.0
-1.29964589  -0.48370781  0.0
-1.17202030  -0.50665440  0.0
-1.03611371  -0.52633069  0.0
-0.89186682  -0.54228715  0.0
-0.73933899  -0.55403280  0.0
-0.58160584  -0.56085785  0.0
-0.42393133  -0.56250793  0.0
-0.26619681  -0.55913086  0.0
-0.10846111  -0.55103412  0.0
 0.04921640  -0.53850154  0.0
 0.20695340  -0.52170465  0.0
 0.36469037  -0.50057842  0.0
 0.52236880  -0.47511093  0.0
 0.68010778  -0.44552674  0.0
 0.83784860  -0.41226336  0.0
 0.99553222  -0.37582933  0.0
 1.15327699  -0.33672732  0.0
 1.31101788  -0.29551915  0.0
 1.46871385  -0.25280797  0.0
 1.62646565  -0.20935081  0.0
 1.62646668  -0.20935053  0.0
 1.78421973  -0.16619469  0.0
 1.78422443  -0.16619342  0.0
 1.94191833  -0.12442761  0.0
 1.94192681  -0.12442543  0.0
 2.09967986  -0.08509659  0.0
 2.09969237  -0.08509362  0.0
 2.25703137  -0.04943208  0.0
 2.25704791  -0.04942858  0.0
 2.40935916  -0.01939221  0.0
 2.40937865  -0.01938870  0.0
 2.55553830   0.00445467  0.0
 2.55555967   0.00445776  0.0
 2.69550857   0.02214361  0.0
 2.69553049   0.02214597  0.0
 2.82926864   0.03407653  0.0
 2.82929070   0.03407809  0.0
 2.95687725   0.04073246  0.0
 2.95689912   0.04073320  0.0
 3.07827492   0.04263192  0.0
 3.07829631   0.04263187  0.0
 3.19352051   0.04032502  0.0
 3.19354052   0.04032428  0.0
 3.30255397   0.03449801  0.0
 3.30257126   0.03449684  0.0
 3.40543311   0.02601473  0.0
 3.40544766   0.02601335  0.0
 3.50209876   0.01566801  0.0
 3.50211169   0.01566649  0.0
 3.59255204   0.00399619  0.0
 3.59256452   0.00399445  0.0
 3.67685327  -0.00868731  0.0
 3.67686066  -0.00868847  0.0
 3.69627500  -0.01185758  0.0
;;

