# exterior:
# ---------
-0.48750000   0.14401792  0.0
-0.42362395   0.16413106  0.0
-0.41310000   0.16700072  0.0
-0.33074255   0.18651740  0.0
-0.32130000   0.18844888  0.0
-0.23757106   0.20317543  0.0
-0.22950000   0.20435965  0.0
-0.14422331   0.21478262  0.0
-0.13770000   0.21542339  0.0
-0.05077458   0.22169149  0.0
-0.04590000   0.22191365  0.0
 0.04272188   0.22316580  0.0
 0.04590000   0.22311072  0.0
 0.13618163   0.21872268  0.0
 0.13770000   0.21861252  0.0
 0.22950000   0.20968038  0.0
 0.32130000   0.19714417  0.0
 0.32260907   0.19694772  0.0
 0.41310000   0.18158224  0.0
 0.41546477   0.18114710  0.0
 0.48750000   0.16688557  0.0
 0.48750000   0.16627393  0.0
 0.41535221   0.18055774  0.0
 0.41299548   0.18099139  0.0
 0.32251432   0.19635522  0.0
 0.32121488   0.19655023  0.0
 0.22943033   0.20908433  0.0
 0.13764923   0.21801463  0.0
 0.13614535   0.21812373  0.0
 0.04588023   0.22251097  0.0
 0.04272092   0.22256573  0.0
-0.04588210   0.22131384  0.0
-0.05073934   0.22109248  0.0
-0.13764909   0.21482550  0.0
-0.14415758   0.21418619  0.0
-0.22942004   0.20376496  0.0
-0.23747552   0.20258303  0.0
-0.32118789   0.18785938  0.0
-0.33061322   0.18593143  0.0
-0.41295186   0.16641921  0.0
-0.42345486   0.16355526  0.0
-0.48750000   0.14338888  0.0
-0.48750000   0.14401792  0.0
;;

