# exterior:
# ---------
 0.48750000   0.16627393  0.0
 0.50477933   0.16285296  0.0
 0.50790671   0.16218792  0.0
 0.59656705   0.14252927  0.0
 0.60015103   0.14169515  0.0
 0.68835795   0.12042047  0.0
 0.69206831   0.11950710  0.0
 0.78015049   0.09702252  0.0
 0.78364599   0.09611608  0.0
 0.87194722   0.07289833  0.0
 0.87489885   0.07212004  0.0
 0.90583148   0.06391195  0.0
 0.90583148   0.05873892  0.0
 0.87362024   0.06728629  0.0
 0.87067407   0.06806314  0.0
 0.78238271   0.09127829  0.0
 0.77890461   0.09218022  0.0
 0.69085237   0.11465715  0.0
 0.68717419   0.11556261  0.0
 0.59899815   0.13682983  0.0
 0.59545914   0.13765349  0.0
 0.50684550   0.15730178  0.0
 0.50377375   0.15795500  0.0
 0.48750000   0.16117688  0.0
 0.48750000   0.16627393  0.0
;;

