# exterior:
# ---------
 0.48750000   0.16688557  0.0
 0.50490000   0.16344072  0.0
 0.50803405   0.16277425  0.0
 0.59670000   0.14311436  0.0
 0.60028938   0.14227898  0.0
 0.68850000   0.12100342  0.0
 0.69221423   0.12008909  0.0
 0.78030000   0.09760360  0.0
 0.78379758   0.09669661  0.0
 0.87210000   0.07347856  0.0
 0.87505229   0.07270009  0.0
 0.90583148   0.06453272  0.0
 0.90583148   0.06391195  0.0
 0.87489885   0.07212004  0.0
 0.87194722   0.07289833  0.0
 0.78364599   0.09611608  0.0
 0.78015049   0.09702252  0.0
 0.69206831   0.11950710  0.0
 0.68835795   0.12042047  0.0
 0.60015103   0.14169515  0.0
 0.59656705   0.14252927  0.0
 0.50790671   0.16218792  0.0
 0.50477933   0.16285296  0.0
 0.48750000   0.16627393  0.0
 0.48750000   0.16688557  0.0
;;

