# exterior:
# ---------
 1.14690000   0.00066974  0.0
 1.05576571   0.01071091  0.0
 1.05572161   0.01071413  0.0
 1.05470263   0.01075085  0.0
 1.05467045   0.01075115  0.0
 0.96635912   0.00919550  0.0
 0.96635912   0.01419628  0.0
 1.05458239   0.01575038  0.0
 1.05471647   0.01575094  0.0
 1.05474864   0.01575064  0.0
 1.05488269   0.01574761  0.0
 1.05590167   0.01571089  0.0
 1.05608568   0.01570086  0.0
 1.05612978   0.01569764  0.0
 1.05631330   0.01568084  0.0
 1.08375628   0.01265717  0.0
 1.08375628   0.01265717  0.0
 1.14690000   0.00200000  0.0
 1.14690000   0.00066974  0.0
;;

