# exterior:
# ---------
 0.96635912   0.00919550  0.0
 0.96388943   0.00915199  0.0
 0.96386654   0.00915115  0.0
 0.96176249   0.00903365  0.0
 0.96175094   0.00903289  0.0
 0.90583148   0.00482640  0.0
 0.90583148   0.00984053  0.0
 0.96137588   0.01401881  0.0
 0.96142399   0.01402219  0.0
 0.96143554   0.01402295  0.0
 0.96148369   0.01402587  0.0
 0.96358775   0.01414338  0.0
 0.96368308   0.01414779  0.0
 0.96370597   0.01414863  0.0
 0.96380137   0.01415122  0.0
 0.96635912   0.01419628  0.0
 0.96635912   0.00919550  0.0
;;

