# exterior:
# ---------
 0.48750000  -0.05083395  0.0
 0.41301114  -0.06221250  0.0
 0.41064861  -0.06255918  0.0
 0.32121731  -0.07553178  0.0
 0.31991235  -0.07570566  0.0
 0.22942826  -0.08755798  0.0
 0.13915565  -0.09747689  0.0
 0.13764660  -0.09762835  0.0
 0.04903789  -0.10457106  0.0
 0.04587345  -0.10474839  0.0
-0.04103846  -0.10757723  0.0
-0.04590135  -0.10763034  0.0
-0.13116827  -0.10708328  0.0
-0.13768291  -0.10694209  0.0
-0.22140322  -0.10398460  0.0
-0.22946527  -0.10357747  0.0
-0.31181366  -0.09818573  0.0
-0.32124642  -0.09742274  0.0
-0.40251172  -0.08942251  0.0
-0.41302345  -0.08819015  0.0
-0.48750000  -0.07775862  0.0
-0.48750000  -0.07270982  0.0
-0.41238549  -0.08323070  0.0
-0.40197564  -0.08445112  0.0
-0.32079989  -0.09244253  0.0
-0.31144875  -0.09319891  0.0
-0.22917582  -0.09858571  0.0
-0.22118886  -0.09898906  0.0
-0.13754047  -0.10194401  0.0
-0.13109806  -0.10208363  0.0
-0.04591262  -0.10263017  0.0
-0.04114710  -0.10257812  0.0
 0.04565222  -0.09975294  0.0
 0.04870270  -0.09958200  0.0
 0.13720161  -0.09264789  0.0
 0.13863293  -0.09250424  0.0
 0.22883045  -0.08259357  0.0
 0.31925747  -0.07074873  0.0
 0.32052822  -0.07057941  0.0
 0.40992676  -0.05761156  0.0
 0.41227067  -0.05726761  0.0
 0.48750000  -0.04577595  0.0
 0.48750000  -0.05083395  0.0
;;

