# exterior:
# ---------
 0.96635912   0.02819845  0.0
 0.96355479   0.02814905  0.0
 0.96345938   0.02814691  0.0
 0.96338306   0.02814484  0.0
 0.96328767   0.02814179  0.0
 0.96307405   0.02813395  0.0
 0.96297869   0.02812999  0.0
 0.96290243   0.02812646  0.0
 0.96280711   0.02812159  0.0
 0.96070306   0.02800409  0.0
 0.96065490   0.02800129  0.0
 0.96061639   0.02799895  0.0
 0.96056825   0.02799591  0.0
 0.96046043   0.02798884  0.0
 0.96041231   0.02798557  0.0
 0.96037381   0.02798287  0.0
 0.96032570   0.02797936  0.0
 0.90583148   0.02388008  0.0
 0.90583148   0.02889421  0.0
 0.93574289   0.03114427  0.0
 0.96635912   0.02819845  0.0
;;

