# exterior:
# ---------
 0.48250000   0.15197268  0.0
 0.48250000   0.14690514  0.0
 0.48252411   0.14641474  0.0
 0.48259620   0.14592906  0.0
 0.48271558   0.14545280  0.0
 0.48288109   0.14499054  0.0
 0.48309115   0.14454675  0.0
 0.48334372   0.14412569  0.0
 0.48363637   0.14373144  0.0
 0.48396628   0.14336780  0.0
 0.48433026   0.14303826  0.0
 0.48472481   0.14274601  0.0
 0.48514612   0.14249388  0.0
 0.48559014   0.14228427  0.0
 0.48605256   0.14211923  0.0
 0.48652895   0.14200034  0.0
 0.49995253   0.13934274  0.0
 0.50281291   0.13873447  0.0
 0.59124910   0.11912553  0.0
 0.59461720   0.11834165  0.0
 0.68267592   0.09710272  0.0
 0.68623177   0.09622738  0.0
 0.77417025   0.07377948  0.0
 0.77758226   0.07289469  0.0
 0.86583609   0.04968941  0.0
 0.86876152   0.04891803  0.0
 0.93574289   0.03114427  0.0
 0.87025470   0.02621798  0.0
 0.87024353   0.02621712  0.0
 0.87019883   0.02621366  0.0
 0.87018766   0.02621278  0.0
 0.87015191   0.02620993  0.0
 0.87014074   0.02620903  0.0
 0.87009606   0.02620536  0.0
 0.87008489   0.02620444  0.0
 0.86998483   0.02619601  0.0
 0.86997366   0.02619505  0.0
 0.86992900   0.02619119  0.0
 0.86991783   0.02619021  0.0
 0.86988211   0.02618704  0.0
 0.86987095   0.02618604  0.0
 0.86982630   0.02618197  0.0
 0.86981514   0.02618095  0.0
 0.86686286   0.02590555  0.0
 0.86685137   0.02590446  0.0
 0.86680542   0.02590007  0.0
 0.86679394   0.02589896  0.0
 0.86675719   0.02589536  0.0
 0.86674571   0.02589422  0.0
 0.86669979   0.02588961  0.0
 0.86668831   0.02588845  0.0
 0.86658546   0.02587790  0.0
 0.86657399   0.02587671  0.0
 0.86652809   0.02587189  0.0
 0.86651661   0.02587067  0.0
 0.86647990   0.02586673  0.0
 0.86646843   0.02586549  0.0
 0.86642255   0.02586046  0.0
 0.86641108   0.02585919  0.0
 0.77756337   0.01591358  0.0
 0.77755669   0.01591283  0.0
 0.77753000   0.01590980  0.0
 0.77752333   0.01590904  0.0
 0.77750197   0.01590659  0.0
 0.77749530   0.01590582  0.0
 0.77746861   0.01590273  0.0
 0.77746194   0.01590195  0.0
 0.77740217   0.01589493  0.0
 0.77739550   0.01589415  0.0
 0.77736882   0.01589098  0.0
 0.77736215   0.01589018  0.0
 0.77734081   0.01588762  0.0
 0.77733415   0.01588681  0.0
 0.77730748   0.01588357  0.0
 0.77730081   0.01588276  0.0
 0.77380323   0.01545314  0.0
 0.77379532   0.01545216  0.0
 0.77376370   0.01544822  0.0
 0.77375580   0.01544723  0.0
 0.77373051   0.01544404  0.0
 0.77372260   0.01544304  0.0
 0.77369100   0.01543901  0.0
 0.77368310   0.01543799  0.0
 0.77361231   0.01542884  0.0
 0.77360441   0.01542781  0.0
 0.77357281   0.01542367  0.0
 0.77356492   0.01542263  0.0
 0.77353965   0.01541928  0.0
 0.77353175   0.01541823  0.0
 0.77350017   0.01541399  0.0
 0.77349227   0.01541293  0.0
 0.68518985   0.00342201  0.0
 0.68518376   0.00342118  0.0
 0.68515941   0.00341784  0.0
 0.68515332   0.00341700  0.0
 0.68513383   0.00341431  0.0
 0.68512775   0.00341346  0.0
 0.68510340   0.00341006  0.0
 0.68509731   0.00340921  0.0
 0.68504278   0.00340153  0.0
 0.68503669   0.00340067  0.0
 0.68501235   0.00339721  0.0
 0.68500626   0.00339635  0.0
 0.68498679   0.00339356  0.0
 0.68498071   0.00339268  0.0
 0.68495638   0.00338916  0.0
 0.68495030   0.00338828  0.0
 0.68123317   0.00284624  0.0
 0.68121424   0.00284346  0.0
 0.68118476   0.00283912  0.0
 0.68117034   0.00283698  0.0
 0.68116522   0.00283622  0.0
 0.59306856  -0.01030198  0.0
 0.59304974  -0.01030480  0.0
 0.59302044  -0.01030922  0.0
 0.59300610  -0.01031139  0.0
 0.59300102  -0.01031216  0.0
 0.58940094  -0.01086092  0.0
 0.58938257  -0.01086373  0.0
 0.58937761  -0.01086449  0.0
 0.50115271  -0.02445308  0.0
 0.50114020  -0.02445502  0.0
 0.50112969  -0.02445665  0.0
 0.50111718  -0.02445859  0.0
 0.50109226  -0.02446248  0.0
 0.50107975  -0.02446444  0.0
 0.50106925  -0.02446609  0.0
 0.50105674  -0.02446807  0.0
 0.49798695  -0.02495362  0.0
 0.48674498  -0.02667089  0.0
 0.48624867  -0.02677267  0.0
 0.48576520  -0.02692416  0.0
 0.48529954  -0.02712379  0.0
 0.48485648  -0.02736952  0.0
 0.48444056  -0.02765883  0.0
 0.48405605  -0.02798875  0.0
 0.48370691  -0.02835588  0.0
 0.48339671  -0.02875646  0.0
 0.48312864  -0.02918638  0.0
 0.48290545  -0.02964121  0.0
 0.48272944  -0.03011630  0.0
 0.48260241  -0.03060676  0.0
 0.48252567  -0.03110756  0.0
 0.48250000  -0.03161356  0.0
 0.48250000  -0.03642373  0.0
 0.41078971  -0.04737784  0.0
 0.40848307  -0.04771631  0.0
 0.31915004  -0.06067467  0.0
 0.31794771  -0.06083486  0.0
 0.22763483  -0.07266476  0.0
 0.13758750  -0.08255892  0.0
 0.13631164  -0.08268697  0.0
 0.04803230  -0.08960388  0.0
 0.04520976  -0.08976205  0.0
-0.04136439  -0.09257989  0.0
-0.04593515  -0.09262982  0.0
-0.13095764  -0.09208432  0.0
-0.13725561  -0.09194783  0.0
-0.22076013  -0.08899796  0.0
-0.22859694  -0.08860220  0.0
-0.31071891  -0.08322529  0.0
-0.31990685  -0.08248211  0.0
-0.40090350  -0.07450832  0.0
-0.41110958  -0.07331180  0.0
-0.48680645  -0.06270934  0.0
-0.49141322  -0.06206410  0.0
-0.50220277  -0.06026109  0.0
-0.53672238  -0.05390979  0.0
-0.54745933  -0.05171553  0.0
-0.58217947  -0.04358603  0.0
-0.59225936  -0.04085332  0.0
-0.62788443  -0.02934786  0.0
-0.63645028  -0.02603344  0.0
-0.64995669  -0.01966363  0.0
-0.65695596  -0.01542146  0.0
-0.65806214  -0.01463000  0.0
-0.66269205  -0.01088047  0.0
-0.66378382  -0.00987787  0.0
-0.66669407  -0.00681164  0.0
-0.67249476   0.00340571  0.0
-0.67055555   0.02332798  0.0
-0.66879669   0.02636108  0.0
-0.66689160   0.02905862  0.0
-0.66288811   0.03396211  0.0
-0.66244273   0.03445604  0.0
-0.65503806   0.04184579  0.0
-0.64249556   0.05224994  0.0
-0.63383929   0.05860411  0.0
-0.59955430   0.08002419  0.0
-0.58962617   0.08538347  0.0
-0.55544868   0.10172382  0.0
-0.54484016   0.10629839  0.0
-0.51047291   0.11989725  0.0
-0.49987979   0.12376472  0.0
-0.48599830   0.12813569  0.0
-0.41922766   0.14916027  0.0
-0.40924834   0.15188143  0.0
-0.32738003   0.17128219  0.0
-0.31838517   0.17312209  0.0
-0.23508708   0.18777287  0.0
-0.22742106   0.18889766  0.0
-0.14251425   0.19927542  0.0
-0.13637628   0.19987833  0.0
-0.04985831   0.20611706  0.0
-0.04543458   0.20631867  0.0
 0.04269691   0.20756389  0.0
 0.04538605   0.20751728  0.0
 0.13523841   0.20315011  0.0
 0.13638001   0.20306728  0.0
 0.22768858   0.19418296  0.0
 0.31908695   0.18170160  0.0
 0.32014550   0.18154274  0.0
 0.41038256   0.16622037  0.0
 0.41253824   0.16582371  0.0
 0.48250000   0.15197268  0.0
;;

# interior:
# ---------
 0.47750000   0.14786553  0.0
 0.41160025   0.16091236  0.0
 0.40951159   0.16129669  0.0
 0.31935589   0.17660525  0.0
 0.31837763   0.17675206  0.0
 0.22710799   0.18921584  0.0
 0.13595694   0.19808484  0.0
 0.13493610   0.19815890  0.0
 0.04522132   0.20251939  0.0
 0.04268891   0.20256328  0.0
-0.04528540   0.20132028  0.0
-0.04956464   0.20112525  0.0
-0.13595202   0.19489595  0.0
-0.14196648   0.19430516  0.0
-0.22675473   0.18394189  0.0
-0.23429093   0.18283615  0.0
-0.31745092   0.16820966  0.0
-0.32630230   0.16639911  0.0
-0.40801383   0.14703550  0.0
-0.41781859   0.14436194  0.0
-0.48449660   0.12336653  0.0
-0.49827074   0.11902936  0.0
-0.50869538   0.11522341  0.0
-0.54292996   0.10167704  0.0
-0.55337962   0.09717097  0.0
-0.58735891   0.08092538  0.0
-0.59703959   0.07569968  0.0
-0.63103138   0.05446279  0.0
-0.63941739   0.04830699  0.0
-0.65166885   0.03814427  0.0
-0.65881756   0.03100995  0.0
-0.65909263   0.03070490  0.0
-0.66290814   0.02603166  0.0
-0.66458351   0.02365939  0.0
-0.66568447   0.02176083  0.0
-0.66736488   0.00449729  0.0
-0.66264729  -0.00381227  0.0
-0.66027542  -0.00631127  0.0
-0.65942455  -0.00709265  0.0
-0.65503136  -0.01065048  0.0
-0.65420147  -0.01124425  0.0
-0.64758808  -0.01525255  0.0
-0.63447922  -0.02143486  0.0
-0.62621260  -0.02463350  0.0
-0.59083608  -0.03605869  0.0
-0.58095500  -0.03873750  0.0
-0.54638861  -0.04683100  0.0
-0.53576934  -0.04900121  0.0
-0.50133828  -0.05533622  0.0
-0.49065426  -0.05712159  0.0
-0.48611289  -0.05775768  0.0
-0.41047163  -0.06835235  0.0
-0.40036742  -0.06953693  0.0
-0.31946033  -0.07750189  0.0
-0.31035399  -0.07823847  0.0
-0.22830749  -0.08361045  0.0
-0.22054577  -0.08400242  0.0
-0.13711318  -0.08694974  0.0
-0.13088743  -0.08708467  0.0
-0.04594642  -0.08762964  0.0
-0.04147304  -0.08758078  0.0
 0.04498853  -0.08476660  0.0
 0.04769710  -0.08461482  0.0
 0.13586665  -0.07770651  0.0
 0.13706479  -0.07758626  0.0
 0.22703702  -0.06770035  0.0
 0.31729283  -0.05587793  0.0
 0.31846095  -0.05572229  0.0
 0.40776122  -0.04276869  0.0
 0.41004924  -0.04243295  0.0
 0.47750000  -0.03212951  0.0
 0.47750000  -0.03161356  0.0
 0.47750642  -0.03136023  0.0
 0.47753209  -0.03085424  0.0
 0.47758336  -0.03035020  0.0
 0.47766011  -0.02984940  0.0
 0.47776212  -0.02935313  0.0
 0.47788915  -0.02886267  0.0
 0.47804087  -0.02837927  0.0
 0.47821688  -0.02790418  0.0
 0.47841673  -0.02743862  0.0
 0.47863992  -0.02698379  0.0
 0.47888586  -0.02654084  0.0
 0.47915393  -0.02611092  0.0
 0.47944344  -0.02569514  0.0
 0.47975364  -0.02529456  0.0
 0.48008374  -0.02491021  0.0
 0.48043288  -0.02454308  0.0
 0.48080018  -0.02419411  0.0
 0.48118469  -0.02386419  0.0
 0.48158542  -0.02355418  0.0
 0.48200134  -0.02326488  0.0
 0.48243138  -0.02299701  0.0
 0.48287444  -0.02275128  0.0
 0.48332938  -0.02252831  0.0
 0.48379504  -0.02232867  0.0
 0.48427021  -0.02215289  0.0
 0.48475368  -0.02200140  0.0
 0.48524420  -0.02187461  0.0
 0.48574052  -0.02177282  0.0
 0.48598997  -0.02172822  0.0
 0.49721886  -0.02001295  0.0
 0.50027784  -0.01952911  0.0
 0.50029280  -0.01952675  0.0
 0.50030586  -0.01952470  0.0
 0.50032099  -0.01952233  0.0
 0.50034829  -0.01951807  0.0
 0.50036325  -0.01951574  0.0
 0.50037631  -0.01951371  0.0
 0.50039157  -0.01951135  0.0
 0.58861895  -0.00592238  0.0
 0.58862639  -0.00592124  0.0
 0.58864749  -0.00591801  0.0
 0.59225012  -0.00536887  0.0
 0.59225774  -0.00536771  0.0
 0.59227537  -0.00536504  0.0
 0.59230882  -0.00536000  0.0
 0.59233104  -0.00535667  0.0
 0.68043027   0.00778191  0.0
 0.68043794   0.00778305  0.0
 0.68045567   0.00778567  0.0
 0.68048933   0.00779063  0.0
 0.68051169   0.00779391  0.0
 0.68423185   0.00833639  0.0
 0.68424098   0.00833772  0.0
 0.68426835   0.00834167  0.0
 0.68427748   0.00834299  0.0
 0.68429999   0.00834621  0.0
 0.68430912   0.00834751  0.0
 0.68433650   0.00835140  0.0
 0.68434563   0.00835269  0.0
 0.68440321   0.00836080  0.0
 0.68441234   0.00836208  0.0
 0.68443973   0.00836590  0.0
 0.68444886   0.00836717  0.0
 0.68447139   0.00837028  0.0
 0.68448052   0.00837154  0.0
 0.68450792   0.00837529  0.0
 0.68451706   0.00837654  0.0
 0.77282343   0.02036799  0.0
 0.77283527   0.02036959  0.0
 0.77287080   0.02037435  0.0
 0.77288264   0.02037593  0.0
 0.77291186   0.02037980  0.0
 0.77292371   0.02038136  0.0
 0.77295925   0.02038601  0.0
 0.77297110   0.02038755  0.0
 0.77304584   0.02039721  0.0
 0.77305769   0.02039874  0.0
 0.77309325   0.02040327  0.0
 0.77310511   0.02040478  0.0
 0.77313435   0.02040846  0.0
 0.77314621   0.02040995  0.0
 0.77318178   0.02041437  0.0
 0.77319364   0.02041584  0.0
 0.77669455   0.02084587  0.0
 0.77670455   0.02084709  0.0
 0.77673456   0.02085073  0.0
 0.77674456   0.02085194  0.0
 0.77676923   0.02085490  0.0
 0.77677924   0.02085610  0.0
 0.77680925   0.02085966  0.0
 0.77681926   0.02086084  0.0
 0.77688236   0.02086824  0.0
 0.77689237   0.02086941  0.0
 0.77692239   0.02087289  0.0
 0.77693240   0.02087405  0.0
 0.77695709   0.02087688  0.0
 0.77696710   0.02087802  0.0
 0.77699713   0.02088142  0.0
 0.77700714   0.02088254  0.0
 0.86585485   0.03082816  0.0
 0.86586059   0.03082880  0.0
 0.86587206   0.03083007  0.0
 0.86587779   0.03083070  0.0
 0.86592367   0.03083573  0.0
 0.86592941   0.03083635  0.0
 0.86594088   0.03083759  0.0
 0.86594661   0.03083821  0.0
 0.86598332   0.03084215  0.0
 0.86598906   0.03084276  0.0
 0.86600054   0.03084398  0.0
 0.86600627   0.03084459  0.0
 0.86605217   0.03084940  0.0
 0.86605791   0.03085000  0.0
 0.86606939   0.03085119  0.0
 0.86607513   0.03085179  0.0
 0.86617797   0.03086234  0.0
 0.86618371   0.03086292  0.0
 0.86619519   0.03086409  0.0
 0.86620093   0.03086467  0.0
 0.86624685   0.03086927  0.0
 0.86625259   0.03086984  0.0
 0.86626408   0.03087098  0.0
 0.86626982   0.03087155  0.0
 0.86630657   0.03087515  0.0
 0.86631231   0.03087570  0.0
 0.86632379   0.03087682  0.0
 0.86632953   0.03087737  0.0
 0.86637548   0.03088176  0.0
 0.86638122   0.03088231  0.0
 0.86639271   0.03088339  0.0
 0.86639845   0.03088393  0.0
 0.86935074   0.03115933  0.0
 0.86935632   0.03115985  0.0
 0.86936748   0.03116088  0.0
 0.86937306   0.03116139  0.0
 0.86941771   0.03116545  0.0
 0.86942329   0.03116596  0.0
 0.86943445   0.03116696  0.0
 0.86944003   0.03116746  0.0
 0.86947575   0.03117063  0.0
 0.86948134   0.03117112  0.0
 0.86949250   0.03117210  0.0
 0.86949808   0.03117259  0.0
 0.86954275   0.03117645  0.0
 0.86954833   0.03117693  0.0
 0.86955949   0.03117788  0.0
 0.86956508   0.03117836  0.0
 0.86966514   0.03118679  0.0
 0.86967072   0.03118725  0.0
 0.86968189   0.03118818  0.0
 0.86968748   0.03118864  0.0
 0.86973216   0.03119231  0.0
 0.86973774   0.03119276  0.0
 0.86974891   0.03119366  0.0
 0.86975450   0.03119411  0.0
 0.86979025   0.03119696  0.0
 0.86979583   0.03119741  0.0
 0.86980701   0.03119828  0.0
 0.86981259   0.03119872  0.0
 0.86985729   0.03120218  0.0
 0.86986288   0.03120261  0.0
 0.86987405   0.03120347  0.0
 0.86987964   0.03120389  0.0
 0.90583148   0.03390834  0.0
 0.86748290   0.04408428  0.0
 0.86456293   0.04485422  0.0
 0.77631898   0.06805690  0.0
 0.77292437   0.06893718  0.0
 0.68501582   0.09137744  0.0
 0.68149216   0.09224485  0.0
 0.59346432   0.11347634  0.0
 0.59014119   0.11424975  0.0
 0.50175170   0.13384834  0.0
 0.49894695   0.13444478  0.0
 0.48555790   0.13709554  0.0
 0.48531824   0.13714914  0.0
 0.48484186   0.13726803  0.0
 0.48437188   0.13741016  0.0
 0.48390946   0.13757521  0.0
 0.48345569   0.13776275  0.0
 0.48301168   0.13797235  0.0
 0.48257850   0.13820350  0.0
 0.48215719   0.13845564  0.0
 0.48174876   0.13872816  0.0
 0.48135421   0.13902041  0.0
 0.48097449   0.13933168  0.0
 0.48061050   0.13966121  0.0
 0.48026314   0.14000822  0.0
 0.47993323   0.14037187  0.0
 0.47962157   0.14075127  0.0
 0.47932892   0.14114552  0.0
 0.47905598   0.14155367  0.0
 0.47880341   0.14197472  0.0
 0.47857182   0.14240767  0.0
 0.47836176   0.14285146  0.0
 0.47817375   0.14330504  0.0
 0.47800823   0.14376729  0.0
 0.47786562   0.14423712  0.0
 0.47774624   0.14471338  0.0
 0.47765039   0.14519493  0.0
 0.47757830   0.14568061  0.0
 0.47753014   0.14616924  0.0
 0.47750603   0.14665964  0.0
 0.47750000   0.14690514  0.0
 0.47750000   0.14786553  0.0
;;

