# exterior:
# ---------
-0.48750000  -0.06766101  0.0
-0.49217218  -0.06700660  0.0
-0.50306727  -0.06518596  0.0
-0.53767542  -0.05881836  0.0
-0.54853006  -0.05660005  0.0
-0.58340393  -0.04843456  0.0
-0.59368264  -0.04564795  0.0
-0.62955626  -0.03406222  0.0
-0.63842134  -0.03063201  0.0
-0.65232530  -0.02407472  0.0
-0.65971046  -0.01959866  0.0
-0.66109293  -0.01860952  0.0
-0.66595955  -0.01466829  0.0
-0.66729221  -0.01344448  0.0
-0.67074084  -0.00981100  0.0
-0.67762465   0.00231414  0.0
-0.67542664   0.02489513  0.0
-0.67300987   0.02906278  0.0
-0.67087506   0.03208559  0.0
-0.66668358   0.03721931  0.0
-0.66606790   0.03790213  0.0
-0.65840727   0.04554732  0.0
-0.64557374   0.05619288  0.0
-0.63664721   0.06274544  0.0
-0.60206901   0.08434870  0.0
-0.59189342   0.08984156  0.0
-0.55751773   0.10627667  0.0
-0.54675037   0.11091974  0.0
-0.51225045   0.12457110  0.0
-0.50148883   0.12850009  0.0
-0.48750000   0.13290485  0.0
-0.48750000   0.12766284  0.0
-0.49987979   0.12376472  0.0
-0.51047291   0.11989725  0.0
-0.54484016   0.10629839  0.0
-0.55544868   0.10172382  0.0
-0.58962617   0.08538347  0.0
-0.59955430   0.08002419  0.0
-0.63383929   0.05860411  0.0
-0.64249556   0.05224994  0.0
-0.65503806   0.04184579  0.0
-0.66244273   0.03445604  0.0
-0.66288811   0.03396211  0.0
-0.66689160   0.02905862  0.0
-0.66879669   0.02636108  0.0
-0.67055555   0.02332798  0.0
-0.67249476   0.00340571  0.0
-0.66669407  -0.00681164  0.0
-0.66378382  -0.00987787  0.0
-0.66269205  -0.01088047  0.0
-0.65806214  -0.01463000  0.0
-0.65695596  -0.01542146  0.0
-0.64995669  -0.01966363  0.0
-0.63645028  -0.02603344  0.0
-0.62788443  -0.02934786  0.0
-0.59225936  -0.04085332  0.0
-0.58217947  -0.04358603  0.0
-0.54745933  -0.05171553  0.0
-0.53672238  -0.05390979  0.0
-0.50220277  -0.06026109  0.0
-0.49141322  -0.06206410  0.0
-0.48750000  -0.06261220  0.0
-0.48750000  -0.06766101  0.0
;;

