# exterior:
# ---------
 0.48477517   0.14271588  0.0
 0.48514612   0.14249388  0.0
 0.48559014   0.14228427  0.0
 0.48605256   0.14211923  0.0
 0.48652895   0.14200034  0.0
 0.49995253   0.13934274  0.0
 0.50281291   0.13873447  0.0
 0.59124910   0.11912553  0.0
 0.59461720   0.11834165  0.0
 0.68267592   0.09710272  0.0
 0.68623177   0.09622738  0.0
 0.77417025   0.07377948  0.0
 0.77758226   0.07289469  0.0
 0.86583609   0.04968941  0.0
 0.86876152   0.04891803  0.0
 0.90583148   0.03908137  0.0
 0.90583148   0.03390834  0.0
 0.86748290   0.04408428  0.0
 0.86456293   0.04485422  0.0
 0.77631898   0.06805690  0.0
 0.77292437   0.06893718  0.0
 0.68501582   0.09137744  0.0
 0.68149216   0.09224485  0.0
 0.59346432   0.11347634  0.0
 0.59014119   0.11424975  0.0
 0.50175170   0.13384834  0.0
 0.49894695   0.13444478  0.0
 0.48555790   0.13709554  0.0
 0.48531824   0.13714914  0.0
 0.48484186   0.13726803  0.0
 0.48437188   0.13741016  0.0
 0.48390946   0.13757521  0.0
 0.48345569   0.13776275  0.0
 0.48301168   0.13797235  0.0
 0.48257850   0.13820350  0.0
 0.48215719   0.13845564  0.0
 0.48205048   0.13852684  0.0
 0.48477517   0.14271588  0.0
;;

