# exterior:
# ---------
-0.48750000  -0.07270982  0.0
-0.49293115  -0.07194910  0.0
-0.50393176  -0.07011082  0.0
-0.53862846  -0.06372694  0.0
-0.54960079  -0.06148458  0.0
-0.58462839  -0.05328309  0.0
-0.59510593  -0.05044258  0.0
-0.63122809  -0.03877658  0.0
-0.64039241  -0.03523058  0.0
-0.65469391  -0.02848580  0.0
-0.66246496  -0.02377586  0.0
-0.66412371  -0.02258905  0.0
-0.66922705  -0.01845611  0.0
-0.67080060  -0.01701108  0.0
-0.67478761  -0.01281036  0.0
-0.68275453   0.00122256  0.0
-0.68029773   0.02646228  0.0
-0.67722305   0.03176447  0.0
-0.67485852   0.03511255  0.0
-0.67047906   0.04047652  0.0
-0.66969306   0.04134821  0.0
-0.66177648   0.04924884  0.0
-0.64865191   0.06013583  0.0
-0.63945513   0.06688677  0.0
-0.60458373   0.08867321  0.0
-0.59416068   0.09429965  0.0
-0.55958679   0.11082952  0.0
-0.54866057   0.11554109  0.0
-0.51402798   0.12924495  0.0
-0.50309787   0.13323545  0.0
-0.48750000   0.13814687  0.0
-0.48750000   0.13290485  0.0
-0.50148883   0.12850009  0.0
-0.51225045   0.12457110  0.0
-0.54675037   0.11091974  0.0
-0.55751773   0.10627667  0.0
-0.59189342   0.08984156  0.0
-0.60206901   0.08434870  0.0
-0.63664721   0.06274544  0.0
-0.64557374   0.05619288  0.0
-0.65840727   0.04554732  0.0
-0.66606790   0.03790213  0.0
-0.66668358   0.03721931  0.0
-0.67087506   0.03208559  0.0
-0.67300987   0.02906278  0.0
-0.67542664   0.02489513  0.0
-0.67762465   0.00231414  0.0
-0.67074084  -0.00981100  0.0
-0.66729221  -0.01344448  0.0
-0.66595955  -0.01466829  0.0
-0.66109293  -0.01860952  0.0
-0.65971046  -0.01959866  0.0
-0.65232530  -0.02407472  0.0
-0.63842134  -0.03063201  0.0
-0.62955626  -0.03406222  0.0
-0.59368264  -0.04564795  0.0
-0.58340393  -0.04843456  0.0
-0.54853006  -0.05660005  0.0
-0.53767542  -0.05881836  0.0
-0.50306727  -0.06518596  0.0
-0.49217218  -0.06700660  0.0
-0.48750000  -0.06766101  0.0
-0.48750000  -0.07270982  0.0
;;

