# exterior:
# ---------
 0.96635912   0.02819845  0.0
 0.96101211   0.02960672  0.0
 0.96100192   0.02960941  0.0
 0.96099378   0.02961157  0.0
 0.96098359   0.02961427  0.0
 0.96096078   0.02962033  0.0
 0.96095060   0.02962304  0.0
 0.96094246   0.02962521  0.0
 0.96093228   0.02962793  0.0
 0.95885062   0.03018558  0.0
 0.90583148   0.04425441  0.0
 0.90583148   0.05460049  0.0
 0.96142684   0.03984805  0.0
 0.96351992   0.03928733  0.0
 0.96352806   0.03928516  0.0
 0.96355087   0.03927910  0.0
 0.96355902   0.03927695  0.0
 0.96635912   0.03853947  0.0
 0.96635912   0.02819845  0.0
;;

