# exterior:
# ---------
 0.96635912   0.01419628  0.0
 0.96380137   0.01415122  0.0
 0.96358775   0.01414338  0.0
 0.96148369   0.01402587  0.0
 0.96137588   0.01401881  0.0
 0.90583148   0.00984053  0.0
 0.90583148   0.01385183  0.0
 0.96107583   0.01800754  0.0
 0.96111432   0.01801025  0.0
 0.96122213   0.01801731  0.0
 0.96126065   0.01801965  0.0
 0.96336471   0.01813715  0.0
 0.96344098   0.01814068  0.0
 0.96365460   0.01814853  0.0
 0.96373092   0.01815060  0.0
 0.96635912   0.01819690  0.0
 0.96635912   0.01419628  0.0
;;

