# exterior:
# ---------
 0.90583148   0.04425441  0.0
 0.87004013   0.05375178  0.0
 0.86710924   0.05452460  0.0
 0.77884553   0.07773248  0.0
 0.77541613   0.07862178  0.0
 0.68744772   0.10107732  0.0
 0.68385967   0.10196058  0.0
 0.59577008   0.12320696  0.0
 0.59235700   0.12400131  0.0
 0.50387412   0.14362061  0.0
 0.50095812   0.14424070  0.0
 0.48750000   0.14690514  0.0
 0.48750000   0.15709924  0.0
 0.50296928   0.15403663  0.0
 0.50599653   0.15339287  0.0
 0.59457282   0.13375287  0.0
 0.59807585   0.13293758  0.0
 0.68622719   0.11167631  0.0
 0.68987961   0.11077720  0.0
 0.77790790   0.08830638  0.0
 0.78137209   0.08740806  0.0
 0.86965555   0.06419499  0.0
 0.87259735   0.06341929  0.0
 0.90583148   0.05460049  0.0
 0.90583148   0.04425441  0.0
;;

