# exterior:
# ---------
 0.90583148   0.01385183  0.0
 0.87137988   0.01126024  0.0
 0.87134413   0.01125739  0.0
 0.87124407   0.01124896  0.0
 0.87120835   0.01124579  0.0
 0.86825606   0.01097039  0.0
 0.86821931   0.01096679  0.0
 0.86811647   0.01095623  0.0
 0.86807976   0.01095230  0.0
 0.77923205   0.00100668  0.0
 0.77921069   0.00100424  0.0
 0.77915092   0.00099722  0.0
 0.77912958   0.00099466  0.0
 0.77563200   0.00056503  0.0
 0.77560671   0.00056184  0.0
 0.77553593   0.00055269  0.0
 0.77551066   0.00054934  0.0
 0.68720824  -0.01144157  0.0
 0.68718875  -0.01144427  0.0
 0.68713422  -0.01145195  0.0
 0.68711475  -0.01145474  0.0
 0.68340052  -0.01199636  0.0
 0.68339411  -0.01199730  0.0
 0.68337616  -0.01199995  0.0
 0.68336975  -0.01200090  0.0
 0.59528397  -0.02513748  0.0
 0.59527760  -0.02513843  0.0
 0.59525976  -0.02514112  0.0
 0.59525338  -0.02514209  0.0
 0.59166400  -0.02568922  0.0
 0.59165231  -0.02569101  0.0
 0.50343862  -0.03927788  0.0
 0.50343061  -0.03927912  0.0
 0.50340820  -0.03928262  0.0
 0.50340019  -0.03928388  0.0
 0.50029122  -0.03977563  0.0
 0.48750000  -0.04172955  0.0
 0.48750000  -0.03161356  0.0
 0.49875504  -0.02989429  0.0
 0.50183789  -0.02940667  0.0
 0.50184790  -0.02940509  0.0
 0.50185590  -0.02940384  0.0
 0.50186591  -0.02940227  0.0
 0.50188832  -0.02939877  0.0
 0.50189833  -0.02939721  0.0
 0.50190634  -0.02939597  0.0
 0.50191635  -0.02939442  0.0
 0.59013874  -0.01580621  0.0
 0.59015711  -0.01580340  0.0
 0.59375446  -0.01525507  0.0
 0.59376880  -0.01525290  0.0
 0.59379461  -0.01524901  0.0
 0.59380895  -0.01524686  0.0
 0.68190273  -0.00210909  0.0
 0.68191716  -0.00210695  0.0
 0.68194312  -0.00210313  0.0
 0.68195755  -0.00210101  0.0
 0.68567178  -0.00155939  0.0
 0.68569611  -0.00155588  0.0
 0.68571558  -0.00155309  0.0
 0.68573992  -0.00154963  0.0
 0.68579446  -0.00154195  0.0
 0.68581881  -0.00153855  0.0
 0.68583829  -0.00153586  0.0
 0.68586265  -0.00153252  0.0
 0.77416507   0.01045840  0.0
 0.77419665   0.01046264  0.0
 0.77422192   0.01046598  0.0
 0.77425351   0.01047012  0.0
 0.77432430   0.01047927  0.0
 0.77435591   0.01048331  0.0
 0.77438120   0.01048650  0.0
 0.77441282   0.01049043  0.0
 0.77791040   0.01092006  0.0
 0.77793707   0.01092330  0.0
 0.77795841   0.01092586  0.0
 0.77798509   0.01092903  0.0
 0.77804486   0.01093605  0.0
 0.77807155   0.01093914  0.0
 0.77809290   0.01094159  0.0
 0.77811959   0.01094461  0.0
 0.86696731   0.02089023  0.0
 0.86701319   0.02089526  0.0
 0.86704990   0.02089919  0.0
 0.86709580   0.02090401  0.0
 0.86719864   0.02091456  0.0
 0.86724457   0.02091917  0.0
 0.86728131   0.02092277  0.0
 0.86732726   0.02092716  0.0
 0.87027955   0.02120256  0.0
 0.87032419   0.02120662  0.0
 0.87035991   0.02120979  0.0
 0.87040458   0.02121366  0.0
 0.87050464   0.02122209  0.0
 0.87054932   0.02122575  0.0
 0.87058507   0.02122860  0.0
 0.87062976   0.02123206  0.0
 0.90583148   0.02388008  0.0
 0.90583148   0.01385183  0.0
;;

