# exterior:
# ---------
 1.08375628   0.01265717  0.0
 1.05631330   0.01568084  0.0
 1.05590167   0.01571089  0.0
 1.05488269   0.01574761  0.0
 1.05458239   0.01575038  0.0
 0.96380137   0.01415122  0.0
 0.96358775   0.01414338  0.0
 0.96148369   0.01402587  0.0
 0.96137588   0.01401881  0.0
 0.87167993   0.00727151  0.0
 0.87157987   0.00726308  0.0
 0.86862758   0.00698768  0.0
 0.86852474   0.00697712  0.0
 0.77967703  -0.00296849  0.0
 0.77961726  -0.00297550  0.0
 0.77611968  -0.00340513  0.0
 0.77604889  -0.00341428  0.0
 0.68774647  -0.01540520  0.0
 0.68769194  -0.01541288  0.0
 0.68397771  -0.01595450  0.0
 0.68395976  -0.01595714  0.0
 0.59587398  -0.02909372  0.0
 0.59585614  -0.02909641  0.0
 0.59226676  -0.02964354  0.0
 0.59225815  -0.02964486  0.0
 0.50404753  -0.04323126  0.0
 0.50402511  -0.04323476  0.0
 0.50090569  -0.04372817  0.0
 0.48750000  -0.04577595  0.0
 0.48750000  -0.04172955  0.0
 0.50029122  -0.03977563  0.0
 0.50340019  -0.03928388  0.0
 0.50340820  -0.03928262  0.0
 0.50343061  -0.03927912  0.0
 0.50343862  -0.03927788  0.0
 0.59165231  -0.02569101  0.0
 0.59166400  -0.02568922  0.0
 0.59525338  -0.02514209  0.0
 0.59525976  -0.02514112  0.0
 0.59527760  -0.02513843  0.0
 0.59528397  -0.02513748  0.0
 0.68336975  -0.01200090  0.0
 0.68337616  -0.01199995  0.0
 0.68339411  -0.01199730  0.0
 0.68340052  -0.01199636  0.0
 0.68711475  -0.01145474  0.0
 0.68713422  -0.01145195  0.0
 0.68718875  -0.01144427  0.0
 0.68720824  -0.01144157  0.0
 0.77551066   0.00054934  0.0
 0.77553593   0.00055269  0.0
 0.77560671   0.00056184  0.0
 0.77563200   0.00056503  0.0
 0.77912958   0.00099466  0.0
 0.77915092   0.00099722  0.0
 0.77921069   0.00100424  0.0
 0.77923205   0.00100668  0.0
 0.86807976   0.01095230  0.0
 0.86811647   0.01095623  0.0
 0.86821931   0.01096679  0.0
 0.86825606   0.01097039  0.0
 0.87120835   0.01124579  0.0
 0.87124407   0.01124896  0.0
 0.87134413   0.01125739  0.0
 0.87137988   0.01126024  0.0
 0.96107583   0.01800754  0.0
 0.96111432   0.01801025  0.0
 0.96122213   0.01801731  0.0
 0.96126065   0.01801965  0.0
 0.96336471   0.01813715  0.0
 0.96344098   0.01814068  0.0
 0.96365460   0.01814853  0.0
 0.96373092   0.01815060  0.0
 1.03875464   0.01947218  0.0
 0.96355902   0.03927695  0.0
 0.96355087   0.03927910  0.0
 0.96352806   0.03928516  0.0
 0.96351992   0.03928733  0.0
 0.96142684   0.03984805  0.0
 0.87259735   0.06341929  0.0
 0.86965555   0.06419499  0.0
 0.78137209   0.08740806  0.0
 0.77790790   0.08830638  0.0
 0.68987961   0.11077720  0.0
 0.68622719   0.11167631  0.0
 0.59807585   0.13293758  0.0
 0.59457282   0.13375287  0.0
 0.50599653   0.15339287  0.0
 0.50296928   0.15403663  0.0
 0.48750000   0.15709924  0.0
 0.48750000   0.16117688  0.0
 0.50377375   0.15795500  0.0
 0.50684550   0.15730178  0.0
 0.59545914   0.13765349  0.0
 0.59899815   0.13682983  0.0
 0.68717419   0.11556261  0.0
 0.69085237   0.11465715  0.0
 0.77890461   0.09218022  0.0
 0.78238271   0.09127829  0.0
 0.87067407   0.06806314  0.0
 0.87362024   0.06728629  0.0
 0.96245732   0.04371303  0.0
 0.96455498   0.04315110  0.0
 0.96457779   0.04314504  0.0
 1.05423815   0.01953060  0.0
 1.05522168   0.01925769  0.0
 1.05545792   0.01919764  0.0
 1.08375628   0.01265717  0.0
;;

