# exterior:
# ---------
 2.76131462   0.00000000  0.0
 2.75082015  -0.23490969  0.0
 2.71942385  -0.46804638  0.0
 2.66735457  -0.69762883  0.0
 2.59500366  -0.92192382  0.0
 2.50292221  -1.13923538  0.0
 2.39179878  -1.34789870  0.0
 2.26246837  -1.54633372  0.0
 2.11591114  -1.73303220  0.0
 1.95323509  -1.90656657  0.0
 1.84700000  -2.00172525  0.0
 1.84700000  -1.99501268  0.0
 1.94973651  -1.90298780  0.0
 2.11211347  -1.72977249  0.0
 2.25839960  -1.54341937  0.0
 2.38748936  -1.34535358  0.0
 2.49840488  -1.13708066  0.0
 2.59031327  -0.92017752  0.0
 2.66252766  -0.69630577  0.0
 2.71449835  -0.46715800  0.0
 2.74583509  -0.23446357  0.0
 2.75630963   0.00000000  0.0
 2.74583509   0.23446357  0.0
 2.71449835   0.46715800  0.0
 2.66252766   0.69630577  0.0
 2.59031327   0.92017752  0.0
 2.49840488   1.13708066  0.0
 2.38748936   1.34535358  0.0
 2.25839960   1.54341937  0.0
 2.11211347   1.72977249  0.0
 1.94973651   1.90298780  0.0
 1.84700000   1.99501268  0.0
 1.84700000   2.00172525  0.0
 1.95323509   1.90656657  0.0
 2.11591114   1.73303220  0.0
 2.26246837   1.54633372  0.0
 2.39179878   1.34789870  0.0
 2.50292221   1.13923538  0.0
 2.59500366   0.92192382  0.0
 2.66735457   0.69762883  0.0
 2.71942385   0.46804638  0.0
 2.75082015   0.23490969  0.0
 2.76131462   0.00000000  0.0
;;

