# exterior:
# ---------
 2.84639943   0.00000000  0.0
 2.83556603  -0.24808079  0.0
 2.80315693  -0.49427157  0.0
 2.74941122  -0.73670510  0.0
 2.67473877  -0.97352553  0.0
 2.57971457  -1.20293964  0.0
 2.46505591  -1.42319971  0.0
 2.33163379  -1.63262640  0.0
 2.18046721  -1.82963139  0.0
 2.01270611  -2.01270611  0.0
 1.82963139  -2.18046721  0.0
 1.63262640  -2.33163379  0.0
 1.42319971  -2.46505591  0.0
 1.20293964  -2.57971457  0.0
 0.97352553  -2.67473877  0.0
 0.73670510  -2.74941122  0.0
 0.49427157  -2.80315693  0.0
 0.24808079  -2.83556603  0.0
 0.00000000  -2.84639943  0.0
 0.00000000  -2.84139466  0.0
 0.24764460  -2.83058031  0.0
 0.49340253  -2.79822819  0.0
 0.73540974  -2.74457699  0.0
 0.97181379  -2.67003584  0.0
 1.20082456  -2.57517870  0.0
 1.42069732  -2.46072166  0.0
 1.62975577  -2.32753413  0.0
 1.82641437  -2.17663335  0.0
 2.00916721  -2.00916721  0.0
 2.17663335  -1.82641437  0.0
 2.32753413  -1.62975577  0.0
 2.46072166  -1.42069732  0.0
 2.57517870  -1.20082456  0.0
 2.67003584  -0.97181379  0.0
 2.74457699  -0.73540974  0.0
 2.79822819  -0.49340253  0.0
 2.83058031  -0.24764460  0.0
 2.84139466   0.00000000  0.0
 2.84639943   0.00000000  0.0
;;

