# exterior:
# ---------
 0.00000000   2.84700000  0.0
 0.24813313   2.83616432  0.0
 0.49437586   2.80374838  0.0
 0.73686054   2.74999132  0.0
 0.97373094   2.67530312  0.0
 1.20319345   2.58025888  0.0
 1.42350000   2.46557602  0.0
 1.63297087   2.33212574  0.0
 1.83001744   2.18092727  0.0
 2.01313078   2.01313078  0.0
 2.18092727   1.83001744  0.0
 2.33212574   1.63297087  0.0
 2.46557602   1.42350000  0.0
 2.58025888   1.20319345  0.0
 2.67530312   0.97373094  0.0
 2.74999132   0.73686054  0.0
 2.80374838   0.49437586  0.0
 2.83616432   0.24813313  0.0
 2.84700000   0.00000000  0.0
 2.84639943   0.00000000  0.0
 2.83556603   0.24808079  0.0
 2.80315693   0.49427157  0.0
 2.74941122   0.73670510  0.0
 2.67473877   0.97352553  0.0
 2.57971457   1.20293964  0.0
 2.46505591   1.42319971  0.0
 2.33163379   1.63262640  0.0
 2.18046721   1.82963139  0.0
 2.01270611   2.01270611  0.0
 1.82963139   2.18046721  0.0
 1.63262640   2.33163379  0.0
 1.42319971   2.46505591  0.0
 1.20293964   2.57971457  0.0
 0.97352553   2.67473877  0.0
 0.73670510   2.74941122  0.0
 0.49427157   2.80315693  0.0
 0.24808079   2.83556603  0.0
 0.00000000   2.84639943  0.0
 0.00000000   2.84700000  0.0
;;

