# exterior:
# ---------
 2.67623741   0.00000000  0.0
 2.66605164  -0.23325039  0.0
 2.63557991  -0.46472426  0.0
 2.58504757  -0.69266307  0.0
 2.51483903  -0.91532641  0.0
 2.42549497  -1.13102713  0.0
 2.31769144  -1.33811844  0.0
 2.19224563  -1.53502506  0.0
 2.05011608  -1.72025272  0.0
 1.89238350  -1.89238350  0.0
 1.72025272  -2.05011608  0.0
 1.53502506  -2.19224563  0.0
 1.33811844  -2.31769144  0.0
 1.13102713  -2.42549497  0.0
 0.91532641  -2.51483903  0.0
 0.69266307  -2.58504757  0.0
 0.46472426  -2.63557991  0.0
 0.23325039  -2.66605164  0.0
 0.00000000  -2.67623741  0.0
-0.23325039  -2.66605164  0.0
-0.46472426  -2.63557991  0.0
-0.69266307  -2.58504757  0.0
-0.91532641  -2.51483903  0.0
-1.13102713  -2.42549497  0.0
-1.33811844  -2.31769144  0.0
-1.53502506  -2.19224563  0.0
-1.72025272  -2.05011608  0.0
-1.89238350  -1.89238350  0.0
-2.05011608  -1.72025272  0.0
-2.19224563  -1.53502506  0.0
-2.31769144  -1.33811844  0.0
-2.42549497  -1.13102713  0.0
-2.51483903  -0.91532641  0.0
-2.58504757  -0.69266307  0.0
-2.63557991  -0.46472426  0.0
-2.66605164  -0.23325039  0.0
-2.67623741   0.00000000  0.0
-2.66605164   0.23325039  0.0
-2.63557991   0.46472426  0.0
-2.58504757   0.69266307  0.0
-2.51483903   0.91532641  0.0
-2.42549497   1.13102713  0.0
-2.31769144   1.33811844  0.0
-2.19224563   1.53502506  0.0
-2.05011608   1.72025272  0.0
-1.89238350   1.89238350  0.0
-1.72025272   2.05011608  0.0
-1.53502506   2.19224563  0.0
-1.33811844   2.31769144  0.0
-1.13102713   2.42549497  0.0
-0.91532641   2.51483903  0.0
-0.69266307   2.58504757  0.0
-0.46472426   2.63557991  0.0
-0.23325039   2.66605164  0.0
 0.00000000   2.67623741  0.0
 0.23325039   2.66605164  0.0
 0.46472426   2.63557991  0.0
 0.69266307   2.58504757  0.0
 0.91532641   2.51483903  0.0
 1.13102713   2.42549497  0.0
 1.33811844   2.31769144  0.0
 1.53502506   2.19224563  0.0
 1.72025272   2.05011608  0.0
 1.89238350   1.89238350  0.0
 2.05011608   1.72025272  0.0
 2.19224563   1.53502506  0.0
 2.31769144   1.33811844  0.0
 2.42549497   1.13102713  0.0
 2.51483903   0.91532641  0.0
 2.58504757   0.69266307  0.0
 2.63557991   0.46472426  0.0
 2.66605164   0.23325039  0.0
 2.67623741   0.00000000  0.0
;;

# interior:
# ---------
 2.67123265   0.00000000  0.0
 2.66106593   0.23281420  0.0
 2.63065117   0.46385523  0.0
 2.58021334   0.69136771  0.0
 2.51013610   0.91361467  0.0
 2.42095910   1.12891206  0.0
 2.31335719   1.33561605  0.0
 2.18814598   1.53215443  0.0
 2.04628222   1.71703571  0.0
 1.88884460   1.88884460  0.0
 1.71703571   2.04628222  0.0
 1.53215443   2.18814598  0.0
 1.33561605   2.31335719  0.0
 1.12891206   2.42095910  0.0
 0.91361467   2.51013610  0.0
 0.69136771   2.58021334  0.0
 0.46385523   2.63065117  0.0
 0.23281420   2.66106593  0.0
 0.00000000   2.67123265  0.0
-0.23281420   2.66106593  0.0
-0.46385523   2.63065117  0.0
-0.69136771   2.58021334  0.0
-0.91361467   2.51013610  0.0
-1.12891206   2.42095910  0.0
-1.33561605   2.31335719  0.0
-1.53215443   2.18814598  0.0
-1.71703571   2.04628222  0.0
-1.88884460   1.88884460  0.0
-2.04628222   1.71703571  0.0
-2.18814598   1.53215443  0.0
-2.31335719   1.33561605  0.0
-2.42095910   1.12891206  0.0
-2.51013610   0.91361467  0.0
-2.58021334   0.69136771  0.0
-2.63065117   0.46385523  0.0
-2.66106593   0.23281420  0.0
-2.67123265   0.00000000  0.0
-2.66106593  -0.23281420  0.0
-2.63065117  -0.46385523  0.0
-2.58021334  -0.69136771  0.0
-2.51013610  -0.91361467  0.0
-2.42095910  -1.12891206  0.0
-2.31335719  -1.33561605  0.0
-2.18814598  -1.53215443  0.0
-2.04628222  -1.71703571  0.0
-1.88884460  -1.88884460  0.0
-1.71703571  -2.04628222  0.0
-1.53215443  -2.18814598  0.0
-1.33561605  -2.31335719  0.0
-1.12891206  -2.42095910  0.0
-0.91361467  -2.51013610  0.0
-0.69136771  -2.58021334  0.0
-0.46385523  -2.63065117  0.0
-0.23281420  -2.66106593  0.0
 0.00000000  -2.67123265  0.0
 0.23281420  -2.66106593  0.0
 0.46385523  -2.63065117  0.0
 0.69136771  -2.58021334  0.0
 0.91361467  -2.51013610  0.0
 1.12891206  -2.42095910  0.0
 1.33561605  -2.31335719  0.0
 1.53215443  -2.18814598  0.0
 1.71703571  -2.04628222  0.0
 1.88884460  -1.88884460  0.0
 2.04628222  -1.71703571  0.0
 2.18814598  -1.53215443  0.0
 2.31335719  -1.33561605  0.0
 2.42095910  -1.12891206  0.0
 2.51013610  -0.91361467  0.0
 2.58021334  -0.69136771  0.0
 2.63065117  -0.46385523  0.0
 2.66106593  -0.23281420  0.0
 2.67123265   0.00000000  0.0
;;

