# exterior:
# ---------
 3.44240000  -4.74856013  0.0
 3.35746989  -4.75840930  0.0
 3.35744822  -4.75841221  0.0
 3.20339211  -4.78199349  0.0
 3.20337316  -4.78199670  0.0
 3.05015130  -4.81050030  0.0
 3.05013413  -4.81050376  0.0
 2.89780815  -4.84346654  0.0
 2.89779314  -4.84346999  0.0
 2.74636152  -4.88033323  0.0
 2.74634900  -4.88033642  0.0
 2.67962110  -4.89811040  0.0
 2.67962110  -4.89552323  0.0
 2.74570552  -4.87792065  0.0
 2.74573157  -4.87791386  0.0
 2.74574409  -4.87791067  0.0
 2.74577021  -4.87790417  0.0
 2.89720183  -4.84104093  0.0
 2.89723306  -4.84103354  0.0
 2.89724808  -4.84103009  0.0
 2.89727940  -4.84102310  0.0
 3.04960538  -4.80806031  0.0
 3.04964109  -4.80805286  0.0
 3.04965826  -4.80804940  0.0
 3.04969407  -4.80804247  0.0
 3.20291593  -4.77953887  0.0
 3.20295535  -4.77953186  0.0
 3.20297431  -4.77952865  0.0
 3.20301384  -4.77952227  0.0
 3.35706995  -4.75594099  0.0
 3.35711504  -4.75593451  0.0
 3.35713670  -4.75593160  0.0
 3.35718190  -4.75592594  0.0
 3.44240000  -4.74604337  0.0
 3.44240000  -4.74856013  0.0
;;

