# exterior:
# ---------
 3.44240000  -4.74916415  0.0
 3.35753901  -4.75900530  0.0
 3.20348289  -4.78258658  0.0
 3.05026103  -4.81109018  0.0
 2.89793505  -4.84405297  0.0
 2.74650343  -4.88091620  0.0
 2.67962110  -4.89873132  0.0
 2.67962110  -4.89811040  0.0
 2.74634900  -4.88033642  0.0
 2.74636152  -4.88033323  0.0
 2.89779314  -4.84346999  0.0
 2.89780815  -4.84346654  0.0
 3.05013413  -4.81050376  0.0
 3.05015130  -4.81050030  0.0
 3.20337316  -4.78199670  0.0
 3.20339211  -4.78199349  0.0
 3.35744822  -4.75841221  0.0
 3.35746989  -4.75840930  0.0
 3.44240000  -4.74856013  0.0
 3.44240000  -4.74916415  0.0
;;

