# exterior:
# ---------
 3.44240000  -4.71584232  0.0
 3.35372602  -4.72612566  0.0
 3.35318369  -4.72619356  0.0
 3.35307175  -4.72620861  0.0
 3.35253074  -4.72628639  0.0
 3.19847462  -4.74986767  0.0
 3.19800023  -4.74994418  0.0
 3.19790232  -4.74996077  0.0
 3.19742921  -4.75004487  0.0
 3.04420736  -4.77854847  0.0
 3.04377757  -4.77863167  0.0
 3.04368888  -4.77864952  0.0
 3.04326035  -4.77873898  0.0
 2.89093437  -4.81170176  0.0
 2.89055847  -4.81178564  0.0
 2.89048090  -4.81180347  0.0
 2.89010610  -4.81189216  0.0
 2.73867448  -4.84875540  0.0
 2.73836106  -4.84883348  0.0
 2.73829637  -4.84884997  0.0
 2.73798381  -4.84893143  0.0
 2.67962110  -4.86447721  0.0
 2.68262110  -4.86057351  0.0
 2.68262110  -4.86057351  0.0
 2.73721164  -4.84603250  0.0
 2.73722726  -4.84602839  0.0
 2.73753982  -4.84594693  0.0
 2.73755546  -4.84594290  0.0
 2.73762014  -4.84592642  0.0
 2.73763580  -4.84592247  0.0
 2.73794922  -4.84584438  0.0
 2.73796491  -4.84584052  0.0
 2.88939653  -4.80897729  0.0
 2.88941525  -4.80897279  0.0
 2.88979005  -4.80888410  0.0
 2.88980880  -4.80887972  0.0
 2.88988638  -4.80886189  0.0
 2.88990516  -4.80885764  0.0
 2.89028106  -4.80877376  0.0
 2.89029987  -4.80876963  0.0
 3.04262585  -4.77580685  0.0
 3.04264726  -4.77580229  0.0
 3.04307578  -4.77571283  0.0
 3.04309723  -4.77570844  0.0
 3.04318592  -4.77569059  0.0
 3.04320739  -4.77568636  0.0
 3.04363718  -4.77560315  0.0
 3.04365868  -4.77559907  0.0
 3.19688054  -4.74709547  0.0
 3.19690418  -4.74709117  0.0
 3.19737729  -4.74700707  0.0
 3.19740096  -4.74700296  0.0
 3.19749887  -4.74698637  0.0
 3.19752257  -4.74698245  0.0
 3.19799697  -4.74690594  0.0
 3.19802070  -4.74690221  0.0
 3.35207682  -4.72332093  0.0
 3.35210385  -4.72331692  0.0
 3.35264486  -4.72323914  0.0
 3.35267193  -4.72323538  0.0
 3.35278387  -4.72322032  0.0
 3.35281097  -4.72321680  0.0
 3.35335330  -4.72314890  0.0
 3.35338044  -4.72314563  0.0
 3.43940000  -4.71317012  0.0
 3.43940000  -4.71317012  0.0
 3.44240000  -4.71584232  0.0
;;

