# exterior:
# ---------
-0.83600000  -3.84992408  0.0
-0.83600000  -5.77144429  0.0
-0.86284715  -5.77164421  0.0
-1.01661165  -5.76416458  0.0
-1.16968480  -5.74777312  0.0
-1.32172848  -5.72285350  0.0
-1.47245107  -5.69018291  0.0
-1.62159218  -5.65047630  0.0
-1.76887346  -5.60418033  0.0
-1.91398532  -5.55148589  0.0
-2.05657173  -5.49237155  0.0
-2.19629681  -5.42687624  0.0
-2.33271084  -5.35495403  0.0
-2.46503628  -5.27620103  0.0
-2.59208216  -5.18987389  0.0
-2.71172246  -5.09480400  0.0
-2.81925626  -4.98890596  0.0
-2.90282073  -4.86897929  0.0
-2.92825830  -4.76516624  0.0
-2.92669376  -4.73922841  0.0
-2.87050577  -4.60772401  0.0
-2.77201185  -4.49779845  0.0
-2.65485954  -4.40157396  0.0
-2.52769632  -4.31663792  0.0
-2.39392313  -4.24126534  0.0
-2.25539166  -4.17416633  0.0
-2.11324867  -4.11444266  0.0
-1.96828987  -4.06139854  0.0
-1.82108086  -4.01456118  0.0
-1.67204566  -3.97359566  0.0
-1.52152571  -3.93827844  0.0
-1.36979751  -3.90858004  0.0
-1.21706925  -3.88463313  0.0
-1.06349555  -3.86649287  0.0
-0.90926399  -3.85371632  0.0
-0.83600000  -3.84992408  0.0
;;

# interior:
# ---------
-0.83900000  -3.85308338  0.0
-0.90906257  -3.85670991  0.0
-1.06319566  -3.86947831  0.0
-1.21666079  -3.88760573  0.0
-1.36927684  -3.91153506  0.0
-1.52089471  -3.94121186  0.0
-1.67130518  -3.97650339  0.0
-1.82022817  -4.01743807  0.0
-1.96731918  -4.06423789  0.0
-2.11215156  -4.11723574  0.0
-2.25415586  -4.17690114  0.0
-2.39253160  -4.24392472  0.0
-2.52612461  -4.31919578  0.0
-2.65306998  -4.40398631  0.0
-2.76993054  -4.49997118  0.0
-2.86794138  -4.60935758  0.0
-2.92373054  -4.73992855  0.0
-2.92523639  -4.76489345  0.0
-2.90003990  -4.86772263  0.0
-2.81695353  -4.98696317  0.0
-2.70973114  -5.09255453  0.0
-2.59030345  -5.18745547  0.0
-2.46342466  -5.27366908  0.0
-2.33124315  -5.35233642  0.0
-2.19495985  -5.42418970  0.0
-2.05536000  -5.48962631  0.0
-1.91289833  -5.54868894  0.0
-1.76791120  -5.60133808  0.0
-1.62075606  -5.64759441  0.0
-1.47174702  -5.68726585  0.0
-1.32116774  -5.71990538  0.0
-1.16928217  -5.74479908  0.0
-1.01637887  -5.76117236  0.0
-0.86278540  -5.76864367  0.0
-0.83900000  -5.76846655  0.0
-0.83900000  -3.85308338  0.0
;;

