# exterior:
# ---------
-0.83600000  -5.80394519  0.0
-0.86351620  -5.80415009  0.0
-1.01913350  -5.79658034  0.0
-1.17404667  -5.77999184  0.0
-1.32780310  -5.75479150  0.0
-1.48007833  -5.72178436  0.0
-1.63065024  -5.68169683  0.0
-1.77929784  -5.63497137  0.0
-1.92576107  -5.58178621  0.0
-2.06969883  -5.52211162  0.0
-2.21078046  -5.45598043  0.0
-2.34861083  -5.38331148  0.0
-2.48249556  -5.30363048  0.0
-2.61135147  -5.21607343  0.0
-2.73329499  -5.11917333  0.0
-2.84420257  -5.00995282  0.0
-2.93294634  -4.88259314  0.0
-2.96099562  -4.76812144  0.0
-2.95879533  -4.73164364  0.0
-2.89828665  -4.59002696  0.0
-2.79455935  -4.47426061  0.0
-2.67424648  -4.37544015  0.0
-2.54472325  -4.28892779  0.0
-2.40899809  -4.21245540  0.0
-2.26877945  -4.14453920  0.0
-2.12513404  -4.08418425  0.0
-1.97880572  -4.03063900  0.0
-1.83031832  -3.98339489  0.0
-1.68006744  -3.94209522  0.0
-1.52836152  -3.90649973  0.0
-1.37543812  -3.87656739  0.0
-1.22149421  -3.85242986  0.0
-1.06674430  -3.83415068  0.0
-0.91144607  -3.82128576  0.0
-0.83600000  -3.81738057  0.0
-0.83600000  -3.81988392  0.0
-0.91127822  -3.82378041  0.0
-1.06649440  -3.83663854  0.0
-1.22115383  -3.85490704  0.0
-1.37500423  -3.87902990  0.0
-1.52783569  -3.90894425  0.0
-1.67945038  -3.94451833  0.0
-1.82960774  -3.98579230  0.0
-1.97799681  -4.03300512  0.0
-2.12421978  -4.08651182  0.0
-2.26774962  -4.14681821  0.0
-2.40783848  -4.21467155  0.0
-2.54341348  -4.29105933  0.0
-2.67275517  -4.37745044  0.0
-2.79282492  -4.47607121  0.0
-2.89614966  -4.59138827  0.0
-2.95632598  -4.73222709  0.0
-2.95847736  -4.76789412  0.0
-2.93062898  -4.88154592  0.0
-2.84228363  -5.00833383  0.0
-2.73163556  -5.11729876  0.0
-2.60986921  -5.21405808  0.0
-2.48115254  -5.30152052  0.0
-2.34738776  -5.38113014  0.0
-2.20966633  -5.45374165  0.0
-2.06868905  -5.51982392  0.0
-1.92485525  -5.57945541  0.0
-1.77849597  -5.63260283  0.0
-1.62995346  -5.67929525  0.0
-1.47949162  -5.71935348  0.0
-1.32733582  -5.75233473  0.0
-1.17371114  -5.77751348  0.0
-1.01893951  -5.79408682  0.0
-0.86346473  -5.80164964  0.0
-0.83600000  -5.80144512  0.0
-0.83600000  -5.80394519  0.0
;;

