# exterior:
# ---------
 4.21494114  -4.74258039  0.0
 4.13524915  -4.73263538  0.0
 4.13506057  -4.73261768  0.0
 3.97953150  -4.72279953  0.0
 3.97937298  -4.72279359  0.0
 3.90089835  -4.72186215  0.0
 3.90089835  -4.69686039  0.0
 3.97966969  -4.69779535  0.0
 3.98030917  -4.69781112  0.0
 3.98046768  -4.69781706  0.0
 3.98110655  -4.69784919  0.0
 4.13663562  -4.70766734  0.0
 4.13739709  -4.70772710  0.0
 4.13758567  -4.70774480  0.0
 4.13834496  -4.70782780  0.0
 4.21494114  -4.71738648  0.0
 4.21494114  -4.74258039  0.0
;;

