# exterior:
# ---------
 0.75000000  -5.50930392  0.0
 0.66522111  -5.53498772  0.0
 0.51557639  -5.57852221  0.0
 0.36533706  -5.61994710  0.0
 0.21441212  -5.65879202  0.0
 0.06274593  -5.69462441  0.0
-0.08971884  -5.72686221  0.0
-0.24305051  -5.75466852  0.0
-0.39723463  -5.77723136  0.0
-0.55218200  -5.79368482  0.0
-0.70771503  -5.80298991  0.0
-0.75000000  -5.80330479  0.0
-0.75000000  -5.80080472  0.0
-0.70779905  -5.80049047  0.0
-0.55238875  -5.79119272  0.0
-0.39754774  -5.77475055  0.0
-0.24345466  -5.75220104  0.0
-0.09020057  -5.72440879  0.0
 0.06219986  -5.69218460  0.0
 0.21381308  -5.65636472  0.0
 0.36469318  -5.61753135  0.0
 0.51489492  -5.57611682  0.0
 0.66450949  -5.53259110  0.0
 0.75000000  -5.50669172  0.0
 0.75000000  -5.50930392  0.0
;;

