# exterior:
# ---------
 4.44180000  -4.78430471  0.0
 4.28960727  -4.75441907  0.0
 4.28956596  -4.75441245  0.0
 4.13493956  -4.73511614  0.0
 4.13490307  -4.73511271  0.0
 3.97937399  -4.72529456  0.0
 3.97934331  -4.72529341  0.0
 3.82351261  -4.72344381  0.0
 3.82348540  -4.72344411  0.0
 3.66772725  -4.72866336  0.0
 3.66770196  -4.72866475  0.0
 3.51230258  -4.74045415  0.0
 3.51227885  -4.74045643  0.0
 3.35746989  -4.75840930  0.0
 3.35744822  -4.75841221  0.0
 3.20339211  -4.78199349  0.0
 3.20337316  -4.78199670  0.0
 3.05015130  -4.81050030  0.0
 3.05013413  -4.81050376  0.0
 2.89780815  -4.84346654  0.0
 2.89779314  -4.84346999  0.0
 2.74636152  -4.88033323  0.0
 2.74634900  -4.88033642  0.0
 2.59574616  -4.92045174  0.0
 2.59573605  -4.92045453  0.0
 2.44585638  -4.96319710  0.0
 2.44584839  -4.96319944  0.0
 2.29657800  -5.00801637  0.0
 2.29657169  -5.00801831  0.0
 2.14779890  -5.05447608  0.0
 2.14779416  -5.05447758  0.0
 1.99941090  -5.10216661  0.0
 1.99940758  -5.10216769  0.0
 1.85130649  -5.15071870  0.0
 1.85130441  -5.15071938  0.0
 1.70338055  -5.19981074  0.0
 1.70337962  -5.19981105  0.0
 1.55553617  -5.24914470  0.0
 1.40767979  -5.29843771  0.0
 1.25971982  -5.34741380  0.0
 1.11156795  -5.39580023  0.0
 0.96313778  -5.44332478  0.0
 0.81437702  -5.48980088  0.0
 0.66522111  -5.53498772  0.0
 0.51557639  -5.57852221  0.0
 0.36533706  -5.61994710  0.0
 0.21441212  -5.65879202  0.0
 0.06274593  -5.69462441  0.0
-0.08971884  -5.72686221  0.0
-0.24305051  -5.75466852  0.0
-0.39723463  -5.77723136  0.0
-0.55218200  -5.79368482  0.0
-0.70771503  -5.80298991  0.0
-0.86351620  -5.80415009  0.0
-1.01913350  -5.79658034  0.0
-1.17404667  -5.77999184  0.0
-1.32780310  -5.75479150  0.0
-1.48007833  -5.72178436  0.0
-1.63065024  -5.68169683  0.0
-1.77929784  -5.63497137  0.0
-1.92576107  -5.58178621  0.0
-2.06969883  -5.52211162  0.0
-2.21078046  -5.45598043  0.0
-2.34861083  -5.38331148  0.0
-2.48249556  -5.30363048  0.0
-2.61135147  -5.21607343  0.0
-2.73329499  -5.11917333  0.0
-2.84420257  -5.00995282  0.0
-2.93294634  -4.88259314  0.0
-2.96099562  -4.76812144  0.0
-2.95879533  -4.73164364  0.0
-2.89828665  -4.59002696  0.0
-2.79455935  -4.47426061  0.0
-2.67424648  -4.37544015  0.0
-2.54472325  -4.28892779  0.0
-2.40899809  -4.21245540  0.0
-2.26877945  -4.14453920  0.0
-2.12513404  -4.08418425  0.0
-1.97880572  -4.03063900  0.0
-1.83031832  -3.98339489  0.0
-1.68006744  -3.94209522  0.0
-1.52836152  -3.90649973  0.0
-1.37543812  -3.87656739  0.0
-1.22149421  -3.85242986  0.0
-1.06674430  -3.83415068  0.0
-0.91144607  -3.82128576  0.0
-0.75582081  -3.81323039  0.0
-0.60002889  -3.80948149  0.0
-0.44419071  -3.80967232  0.0
-0.28839926  -3.81351302  0.0
-0.13273061  -3.82079047  0.0
 0.02276198  -3.83126476  0.0
 0.17802895  -3.84467689  0.0
 0.33304033  -3.86077774  0.0
 0.48778103  -3.87930852  0.0
 0.64223821  -3.90007868  0.0
 0.79640938  -3.92288175  0.0
 0.95030495  -3.94748328  0.0
 1.10394123  -3.97366064  0.0
 1.25732367  -4.00128937  0.0
 1.41046718  -4.03021715  0.0
 1.56338552  -4.06031493  0.0
 1.71608777  -4.09149107  0.0
 1.86859384  -4.12361711  0.0
 2.02092351  -4.15657406  0.0
 2.17309044  -4.19027424  0.0
 2.32511115  -4.22462994  0.0
 2.47700770  -4.25953171  0.0
 2.62878331  -4.29495581  0.0
 2.78044067  -4.33088335  0.0
 2.93198992  -4.36726573  0.0
 3.08344099  -4.40405532  0.0
 3.23480906  -4.44118581  0.0
 3.38611032  -4.47858940  0.0
 3.53736446  -4.51618364  0.0
 3.68856749  -4.55398236  0.0
 3.83971116  -4.59201713  0.0
 3.99078204  -4.63033649  0.0
 4.14168409  -4.66930660  0.0
 4.29223218  -4.70960953  0.0
 4.44180000  -4.75177226  0.0
 4.44180000  -4.78430471  0.0
;;

# interior:
# ---------
 4.43930000  -4.78126605  0.0
 4.43930000  -4.75366495  0.0
 4.29156974  -4.71202022  0.0
 4.14104827  -4.67172442  0.0
 3.99016215  -4.63275843  0.0
 3.83909878  -4.59444097  0.0
 3.68795928  -4.55640725  0.0
 3.53675979  -4.51860941  0.0
 3.38550882  -4.48101596  0.0
 3.23421128  -4.44361330  0.0
 3.08284813  -4.40648401  0.0
 2.93140306  -4.36969587  0.0
 2.77986072  -4.33331515  0.0
 2.62821105  -4.29738943  0.0
 2.47644366  -4.26196725  0.0
 2.32455569  -4.22706745  0.0
 2.17254460  -4.19271393  0.0
 2.02038890  -4.15901623  0.0
 1.86807185  -4.12606202  0.0
 1.71558006  -4.09393898  0.0
 1.56289407  -4.06276616  0.0
 1.40999376  -4.03267193  0.0
 1.25687005  -4.00374790  0.0
 1.10350967  -3.97612314  0.0
 0.94989767  -3.94994992  0.0
 0.79602915  -3.92535271  0.0
 0.64188871  -3.90255418  0.0
 0.48746579  -3.88178863  0.0
 0.33276254  -3.86326234  0.0
 0.17779221  -3.84716575  0.0
 0.02257037  -3.83375752  0.0
-0.13287301  -3.82328655  0.0
-0.28848845  -3.81601158  0.0
-0.44422305  -3.81217228  0.0
-0.60000034  -3.81198153  0.0
-0.75572610  -3.81572884  0.0
-0.91127822  -3.82378041  0.0
-1.06649440  -3.83663854  0.0
-1.22115383  -3.85490704  0.0
-1.37500423  -3.87902990  0.0
-1.52783569  -3.90894425  0.0
-1.67945038  -3.94451833  0.0
-1.82960774  -3.98579230  0.0
-1.97799681  -4.03300512  0.0
-2.12421978  -4.08651182  0.0
-2.26774962  -4.14681821  0.0
-2.40783848  -4.21467155  0.0
-2.54341348  -4.29105933  0.0
-2.67275517  -4.37745044  0.0
-2.79282492  -4.47607121  0.0
-2.89614966  -4.59138827  0.0
-2.95632598  -4.73222709  0.0
-2.95847736  -4.76789412  0.0
-2.93062898  -4.88154592  0.0
-2.84228363  -5.00833383  0.0
-2.73163556  -5.11729876  0.0
-2.60986921  -5.21405808  0.0
-2.48115254  -5.30152052  0.0
-2.34738776  -5.38113014  0.0
-2.20966633  -5.45374165  0.0
-2.06868905  -5.51982392  0.0
-1.92485525  -5.57945541  0.0
-1.77849597  -5.63260283  0.0
-1.62995346  -5.67929525  0.0
-1.47949162  -5.71935348  0.0
-1.32733582  -5.75233473  0.0
-1.17371114  -5.77751348  0.0
-1.01893951  -5.79408682  0.0
-0.86346473  -5.80164964  0.0
-0.70779905  -5.80049047  0.0
-0.55238875  -5.79119272  0.0
-0.39754774  -5.77475055  0.0
-0.24345466  -5.75220104  0.0
-0.09020057  -5.72440879  0.0
 0.06219986  -5.69218460  0.0
 0.21381308  -5.65636472  0.0
 0.36469318  -5.61753135  0.0
 0.51489492  -5.57611682  0.0
 0.66450949  -5.53259110  0.0
 0.81364183  -5.48741140  0.0
 0.96238384  -5.44094115  0.0
 1.11079870  -5.39342151  0.0
 1.25893894  -5.34503888  0.0
 1.40689165  -5.29606519  0.0
 1.55474516  -5.24677314  0.0
 1.70259023  -5.19743895  0.0
 1.70259311  -5.19743799  0.0
 1.85051697  -5.14834663  0.0
 1.85052130  -5.14834520  0.0
 1.85052338  -5.14834452  0.0
 1.85052771  -5.14834309  0.0
 1.99862880  -5.09979208  0.0
 1.99863572  -5.09978982  0.0
 1.99863904  -5.09978875  0.0
 1.99864596  -5.09978651  0.0
 2.14702921  -5.05209749  0.0
 2.14703908  -5.05209434  0.0
 2.14704382  -5.05209284  0.0
 2.14705370  -5.05208973  0.0
 2.29582649  -5.00563195  0.0
 2.29583963  -5.00562789  0.0
 2.29584594  -5.00562596  0.0
 2.29585910  -5.00562197  0.0
 2.44512950  -4.96080503  0.0
 2.44514612  -4.96080010  0.0
 2.44515411  -4.96079776  0.0
 2.44517077  -4.96079295  0.0
 2.59505043  -4.91805038  0.0
 2.59507148  -4.91804448  0.0
 2.59508159  -4.91804169  0.0
 2.59510268  -4.91803597  0.0
 2.74570552  -4.87792065  0.0
 2.74573157  -4.87791386  0.0
 2.74574409  -4.87791067  0.0
 2.74577021  -4.87790417  0.0
 2.89720183  -4.84104093  0.0
 2.89723306  -4.84103354  0.0
 2.89724808  -4.84103009  0.0
 2.89727940  -4.84102310  0.0
 3.04960538  -4.80806031  0.0
 3.04964109  -4.80805286  0.0
 3.04965826  -4.80804940  0.0
 3.04969407  -4.80804247  0.0
 3.20291593  -4.77953887  0.0
 3.20295535  -4.77953186  0.0
 3.20297431  -4.77952865  0.0
 3.20301384  -4.77952227  0.0
 3.35706995  -4.75594099  0.0
 3.35711504  -4.75593451  0.0
 3.35713670  -4.75593160  0.0
 3.35718190  -4.75592594  0.0
 3.51199086  -4.73797307  0.0
 3.51204025  -4.73796784  0.0
 3.51206398  -4.73796556  0.0
 3.51211346  -4.73796131  0.0
 3.66751284  -4.72617191  0.0
 3.66756551  -4.72616847  0.0
 3.66759080  -4.72616709  0.0
 3.66764353  -4.72616477  0.0
 3.82340167  -4.72094551  0.0
 3.82345836  -4.72094425  0.0
 3.82348558  -4.72094396  0.0
 3.82354228  -4.72094399  0.0
 3.97937298  -4.72279359  0.0
 3.97943693  -4.72279517  0.0
 3.97946761  -4.72279632  0.0
 3.97953150  -4.72279953  0.0
 4.13506057  -4.73261768  0.0
 4.13513672  -4.73262365  0.0
 4.13517322  -4.73262708  0.0
 4.13524915  -4.73263538  0.0
 4.28987554  -4.75193169  0.0
 4.28996185  -4.75194399  0.0
 4.29000316  -4.75195062  0.0
 4.29008899  -4.75196592  0.0
 4.43930000  -4.78126605  0.0
;;

