# exterior:
# ---------
 3.44240000  -4.74604337  0.0
 3.35718190  -4.75592594  0.0
 3.35706995  -4.75594099  0.0
 3.20301384  -4.77952227  0.0
 3.20291593  -4.77953887  0.0
 3.04969407  -4.80804247  0.0
 3.04960538  -4.80806031  0.0
 2.89727940  -4.84102310  0.0
 2.89720183  -4.84104093  0.0
 2.74577021  -4.87790417  0.0
 2.74570552  -4.87792065  0.0
 2.67962110  -4.89552323  0.0
 2.67962110  -4.86447721  0.0
 2.73798381  -4.84893143  0.0
 2.73829637  -4.84884997  0.0
 2.73836106  -4.84883348  0.0
 2.73867448  -4.84875540  0.0
 2.89010610  -4.81189216  0.0
 2.89048090  -4.81180347  0.0
 2.89055847  -4.81178564  0.0
 2.89093437  -4.81170176  0.0
 3.04326035  -4.77873898  0.0
 3.04368888  -4.77864952  0.0
 3.04377757  -4.77863167  0.0
 3.04420736  -4.77854847  0.0
 3.19742921  -4.75004487  0.0
 3.19790232  -4.74996077  0.0
 3.19800023  -4.74994418  0.0
 3.19847462  -4.74986767  0.0
 3.35253074  -4.72628639  0.0
 3.35307175  -4.72620861  0.0
 3.35318369  -4.72619356  0.0
 3.35372602  -4.72612566  0.0
 3.44240000  -4.71584232  0.0
 3.44240000  -4.74604337  0.0
;;

