# exterior:
# ---------
-0.75000000  -3.81249015  0.0
-0.60003574  -3.80888149  0.0
-0.44418294  -3.80907233  0.0
-0.28837786  -3.81291336  0.0
-0.13269644  -3.82019141  0.0
 0.02280796  -3.83066650  0.0
 0.17808576  -3.84407956  0.0
 0.33310700  -3.86018144  0.0
 0.48785668  -3.87871329  0.0
 0.64232209  -3.89948456  0.0
 0.75000000  -3.91541093  0.0
 0.75000000  -3.91601746  0.0
 0.64223821  -3.90007868  0.0
 0.48778103  -3.87930852  0.0
 0.33304033  -3.86077774  0.0
 0.17802895  -3.84467689  0.0
 0.02276198  -3.83126476  0.0
-0.13273061  -3.82079047  0.0
-0.28839926  -3.81351302  0.0
-0.44419071  -3.80967232  0.0
-0.60002889  -3.80948149  0.0
-0.75000000  -3.81309033  0.0
-0.75000000  -3.81249015  0.0
;;

