# exterior:
# ---------
 0.75000000  -3.98324092  0.0
 0.75000000  -5.43981925  0.0
 0.64629212  -5.47123759  0.0
 0.49744941  -5.51453877  0.0
 0.34820997  -5.55568796  0.0
 0.19847768  -5.59422592  0.0
 0.04822035  -5.62972545  0.0
-0.10253300  -5.66160138  0.0
-0.25380109  -5.68903347  0.0
-0.40556330  -5.71124189  0.0
-0.55768160  -5.72739495  0.0
-0.70994985  -5.73650471  0.0
-0.75000000  -5.73680295  0.0
-0.75000000  -3.87960958  0.0
-0.59926960  -3.87598247  0.0
-0.44505100  -3.87617132  0.0
-0.29077174  -3.87997474  0.0
-0.13651846  -3.88718602  0.0
 0.01766529  -3.89757214  0.0
 0.17173180  -3.91088057  0.0
 0.32565115  -3.92686800  0.0
 0.47939572  -3.94527948  0.0
 0.63294150  -3.96592709  0.0
 0.75000000  -3.98324092  0.0
;;

# interior:
# ---------
 0.74700000  -3.98582984  0.0
 0.63252210  -3.96889770  0.0
 0.47901743  -3.94825562  0.0
 0.32531780  -3.92984952  0.0
 0.17144772  -3.91386721  0.0
 0.01743536  -3.90056345  0.0
-0.13668934  -3.89018131  0.0
-0.29087877  -3.88297301  0.0
-0.44508981  -3.87917127  0.0
-0.59923535  -3.87898252  0.0
-0.74700000  -3.88253825  0.0
-0.74700000  -5.73378052  0.0
-0.71005067  -5.73350538  0.0
-0.55792971  -5.72440442  0.0
-0.40593903  -5.70826492  0.0
-0.25428608  -5.68607249  0.0
-0.10311109  -5.65865728  0.0
 0.04756506  -5.62679768  0.0
 0.19775883  -5.59131316  0.0
 0.34743732  -5.55278906  0.0
 0.49663165  -5.51165230  0.0
 0.64543818  -5.46836165  0.0
 0.74700000  -5.43759346  0.0
 0.74700000  -3.98582984  0.0
;;

