# exterior:
# ---------
-0.75000000  -3.81309033  0.0
-0.60002889  -3.80948149  0.0
-0.44419071  -3.80967232  0.0
-0.28839926  -3.81351302  0.0
-0.13273061  -3.82079047  0.0
 0.02276198  -3.83126476  0.0
 0.17802895  -3.84467689  0.0
 0.33304033  -3.86077774  0.0
 0.48778103  -3.87930852  0.0
 0.64223821  -3.90007868  0.0
 0.75000000  -3.91601746  0.0
 0.75000000  -3.91854466  0.0
 0.64188871  -3.90255418  0.0
 0.48746579  -3.88178863  0.0
 0.33276254  -3.86326234  0.0
 0.17779221  -3.84716575  0.0
 0.02257037  -3.83375752  0.0
-0.13287301  -3.82328655  0.0
-0.28848845  -3.81601158  0.0
-0.44422305  -3.81217228  0.0
-0.60000034  -3.81198153  0.0
-0.75000000  -3.81559105  0.0
-0.75000000  -3.81309033  0.0
;;

