# exterior:
# ---------
 0.83600000  -3.92860304  0.0
 0.95040270  -3.94689129  0.0
 1.10404481  -3.97306964  0.0
 1.25743254  -4.00069933  0.0
 1.41058080  -4.02962800  0.0
 1.56350346  -4.05972663  0.0
 1.71620962  -4.09090357  0.0
 1.86871912  -4.12303033  0.0
 2.02105182  -4.15598794  0.0
 2.17322144  -4.18968872  0.0
 2.32524447  -4.22404493  0.0
 2.47714306  -4.25894718  0.0
 2.59362110  -4.28613290  0.0
 2.59362110  -4.28674902  0.0
 2.47700770  -4.25953171  0.0
 2.32511115  -4.22462994  0.0
 2.17309044  -4.19027424  0.0
 2.02092351  -4.15657406  0.0
 1.86859384  -4.12361711  0.0
 1.71608777  -4.09149107  0.0
 1.56338552  -4.06031493  0.0
 1.41046718  -4.03021715  0.0
 1.25732367  -4.00128937  0.0
 1.10394123  -3.97366064  0.0
 0.95030495  -3.94748328  0.0
 0.83600000  -3.92921066  0.0
 0.83600000  -3.92860304  0.0
;;

