# exterior:
# ---------
-0.75000000  -3.87960958  0.0
-0.59926960  -3.87598247  0.0
-0.44505100  -3.87617132  0.0
-0.29077174  -3.87997474  0.0
-0.13651846  -3.88718602  0.0
 0.01766529  -3.89757214  0.0
 0.17173180  -3.91088057  0.0
 0.32565115  -3.92686800  0.0
 0.47939572  -3.94527948  0.0
 0.63294150  -3.96592709  0.0
 0.75000000  -3.98324092  0.0
 0.74700000  -3.98582984  0.0
 0.63252210  -3.96889770  0.0
 0.47901743  -3.94825562  0.0
 0.32531780  -3.92984952  0.0
 0.17144772  -3.91386721  0.0
 0.01743536  -3.90056345  0.0
-0.13668934  -3.89018131  0.0
-0.29087877  -3.88297301  0.0
-0.44508981  -3.87917127  0.0
-0.59923535  -3.87898252  0.0
-0.74700000  -3.88253825  0.0
-0.75000000  -3.87960958  0.0
;;

