# exterior:
# ---------
 2.59362110  -4.92168159  0.0
 2.44602093  -4.96377409  0.0
 2.29675053  -5.00859103  0.0
 2.14797774  -5.05504881  0.0
 1.99959449  -5.10273783  0.0
 1.85149340  -5.15128884  0.0
 1.70356954  -5.20038020  0.0
 1.55572601  -5.24971388  0.0
 1.40786895  -5.29900711  0.0
 1.25990724  -5.34798378  0.0
 1.11175257  -5.39637112  0.0
 0.96331872  -5.44389685  0.0
 0.83600000  -5.48367399  0.0
 0.83600000  -5.48304539  0.0
 0.96313778  -5.44332478  0.0
 1.11156795  -5.39580023  0.0
 1.25971982  -5.34741380  0.0
 1.40767979  -5.29843771  0.0
 1.55553617  -5.24914470  0.0
 1.70337962  -5.19981105  0.0
 1.70338055  -5.19981074  0.0
 1.85130441  -5.15071938  0.0
 1.85130649  -5.15071870  0.0
 1.99940758  -5.10216769  0.0
 1.99941090  -5.10216661  0.0
 2.14779416  -5.05447758  0.0
 2.14779890  -5.05447608  0.0
 2.29657169  -5.00801831  0.0
 2.29657800  -5.00801637  0.0
 2.44584839  -4.96319944  0.0
 2.44585638  -4.96319710  0.0
 2.59362110  -4.92105767  0.0
 2.59362110  -4.92168159  0.0
;;

