# exterior:
# ---------
 3.44240000  -4.52606904  0.0
 3.44240000  -4.55182968  0.0
 3.52345709  -4.57197644  0.0
 3.67457884  -4.60975485  0.0
 3.82562642  -4.64776543  0.0
 3.90089835  -4.66685828  0.0
 3.82419505  -4.66594786  0.0
 3.82385482  -4.66594575  0.0
 3.82328777  -4.66594545  0.0
 3.82294754  -4.66594720  0.0
 3.82280693  -4.66594872  0.0
 3.82246674  -4.66595433  0.0
 3.82189983  -4.66596689  0.0
 3.82155972  -4.66597636  0.0
 3.66580158  -4.67119562  0.0
 3.66548514  -4.67120789  0.0
 3.66495787  -4.67123114  0.0
 3.66464157  -4.67124675  0.0
 3.66451088  -4.67125390  0.0
 3.66419477  -4.67127285  0.0
 3.66366810  -4.67130722  0.0
 3.66335221  -4.67132951  0.0
 3.50795283  -4.68311891  0.0
 3.50765581  -4.68314293  0.0
 3.50716099  -4.68318542  0.0
 3.50686422  -4.68321238  0.0
 3.50674162  -4.68322414  0.0
 3.50644514  -4.68325405  0.0
 3.50595126  -4.68330636  0.0
 3.50565509  -4.68333921  0.0
 3.44240000  -4.69067477  0.0
 3.44240000  -4.71584232  0.0
 3.35372602  -4.72612566  0.0
 3.35318369  -4.72619356  0.0
 3.35307175  -4.72620861  0.0
 3.35253074  -4.72628639  0.0
 3.19847462  -4.74986767  0.0
 3.19800023  -4.74994418  0.0
 3.19790232  -4.74996077  0.0
 3.19742921  -4.75004487  0.0
 3.04420736  -4.77854847  0.0
 3.04377757  -4.77863167  0.0
 3.04368888  -4.77864952  0.0
 3.04326035  -4.77873898  0.0
 2.89093437  -4.81170176  0.0
 2.89055847  -4.81178564  0.0
 2.89048090  -4.81180347  0.0
 2.89010610  -4.81189216  0.0
 2.73867448  -4.84875540  0.0
 2.73836106  -4.84883348  0.0
 2.73829637  -4.84884997  0.0
 2.73798381  -4.84893143  0.0
 2.67962110  -4.86447721  0.0
 2.67962110  -4.34039877  0.0
 2.77290136  -4.36249682  0.0
 2.92436075  -4.39885762  0.0
 3.07573383  -4.43562827  0.0
 3.22703790  -4.47274306  0.0
 3.37829083  -4.51013470  0.0
 3.44240000  -4.52606904  0.0
;;

# interior:
# ---------
 3.43940000  -4.52841467  0.0
 3.37756903  -4.51304657  0.0
 3.22632057  -4.47565604  0.0
 3.07502240  -4.43854269  0.0
 2.92365651  -4.40177379  0.0
 2.77220543  -4.36541498  0.0
 2.68262110  -4.34419251  0.0
 2.68262110  -4.86057351  0.0
 2.73721164  -4.84603250  0.0
 2.73722726  -4.84602839  0.0
 2.73753982  -4.84594693  0.0
 2.73755546  -4.84594290  0.0
 2.73762014  -4.84592642  0.0
 2.73763580  -4.84592247  0.0
 2.73794922  -4.84584438  0.0
 2.73796491  -4.84584052  0.0
 2.88939653  -4.80897729  0.0
 2.88941525  -4.80897279  0.0
 2.88979005  -4.80888410  0.0
 2.88980880  -4.80887972  0.0
 2.88988638  -4.80886189  0.0
 2.88990516  -4.80885764  0.0
 2.89028106  -4.80877376  0.0
 2.89029987  -4.80876963  0.0
 3.04262585  -4.77580685  0.0
 3.04264726  -4.77580229  0.0
 3.04307578  -4.77571283  0.0
 3.04309723  -4.77570844  0.0
 3.04318592  -4.77569059  0.0
 3.04320739  -4.77568636  0.0
 3.04363718  -4.77560315  0.0
 3.04365868  -4.77559907  0.0
 3.19688054  -4.74709547  0.0
 3.19690418  -4.74709117  0.0
 3.19737729  -4.74700707  0.0
 3.19740096  -4.74700296  0.0
 3.19749887  -4.74698637  0.0
 3.19752257  -4.74698245  0.0
 3.19799697  -4.74690594  0.0
 3.19802070  -4.74690221  0.0
 3.35207682  -4.72332093  0.0
 3.35210385  -4.72331692  0.0
 3.35264486  -4.72323914  0.0
 3.35267193  -4.72323538  0.0
 3.35278387  -4.72322032  0.0
 3.35281097  -4.72321680  0.0
 3.35335330  -4.72314890  0.0
 3.35338044  -4.72314563  0.0
 3.43940000  -4.71317012  0.0
 3.43940000  -4.69067477  0.0
 3.43941411  -4.69038416  0.0
 3.43945630  -4.69009628  0.0
 3.43952619  -4.68981385  0.0
 3.43962310  -4.68953951  0.0
 3.43974614  -4.68927584  0.0
 3.43989413  -4.68902534  0.0
 3.44006570  -4.68879035  0.0
 3.44025922  -4.68857309  0.0
 3.44047288  -4.68837560  0.0
 3.44070467  -4.68819973  0.0
 3.44095240  -4.68804714  0.0
 3.44121375  -4.68791927  0.0
 3.44148626  -4.68781731  0.0
 3.44176736  -4.68774224  0.0
 3.44205441  -4.68769475  0.0
 3.50530950  -4.68035919  0.0
 3.50532430  -4.68035751  0.0
 3.50562048  -4.68032465  0.0
 3.50563529  -4.68032304  0.0
 3.50612917  -4.68027074  0.0
 3.50614399  -4.68026920  0.0
 3.50644047  -4.68023929  0.0
 3.50645530  -4.68023783  0.0
 3.50657790  -4.68022608  0.0
 3.50659274  -4.68022469  0.0
 3.50688950  -4.68019772  0.0
 3.50690434  -4.68019641  0.0
 3.50739917  -4.68015393  0.0
 3.50741401  -4.68015269  0.0
 3.50771103  -4.68012867  0.0
 3.50772589  -4.68012751  0.0
 3.66312527  -4.66833810  0.0
 3.66314106  -4.66833695  0.0
 3.66345695  -4.66831466  0.0
 3.66347275  -4.66831358  0.0
 3.66399942  -4.66827922  0.0
 3.66401522  -4.66827823  0.0
 3.66433133  -4.66825927  0.0
 3.66434714  -4.66825837  0.0
 3.66447783  -4.66825122  0.0
 3.66449364  -4.66825040  0.0
 3.66480994  -4.66823479  0.0
 3.66482575  -4.66823405  0.0
 3.66535303  -4.66821080  0.0
 3.66536885  -4.66821015  0.0
 3.66568529  -4.66819787  0.0
 3.66570111  -4.66819730  0.0
 3.82145925  -4.66297804  0.0
 3.82147626  -4.66297752  0.0
 3.82181636  -4.66296806  0.0
 3.82183337  -4.66296763  0.0
 3.82240028  -4.66295507  0.0
 3.82241729  -4.66295474  0.0
 3.82275748  -4.66294913  0.0
 3.82277449  -4.66294890  0.0
 3.82291510  -4.66294738  0.0
 3.82293211  -4.66294724  0.0
 3.82327234  -4.66294549  0.0
 3.82328935  -4.66294545  0.0
 3.82385640  -4.66294575  0.0
 3.82387341  -4.66294581  0.0
 3.82421364  -4.66294792  0.0
 3.82423065  -4.66294807  0.0
 3.87568883  -4.66355885  0.0
 3.82489156  -4.65067404  0.0
 3.67384899  -4.61266471  0.0
 3.52273149  -4.57488737  0.0
 3.44167637  -4.55474110  0.0
 3.44140403  -4.55465953  0.0
 3.44114064  -4.55455255  0.0
 3.44088855  -4.55442112  0.0
 3.44065004  -4.55426641  0.0
 3.44042725  -4.55408983  0.0
 3.44022217  -4.55389295  0.0
 3.44003664  -4.55367753  0.0
 3.43987234  -4.55344553  0.0
 3.43973074  -4.55319901  0.0
 3.43961311  -4.55294020  0.0
 3.43952051  -4.55267142  0.0
 3.43945376  -4.55239508  0.0
 3.43941347  -4.55211366  0.0
 3.43940000  -4.55182968  0.0
 3.43940000  -4.52841467  0.0
;;

