# exterior:
# ---------
 3.43940000  -4.52841467  0.0
 3.43940000  -4.55182968  0.0
 3.43941347  -4.55211366  0.0
 3.43945376  -4.55239508  0.0
 3.43952051  -4.55267142  0.0
 3.43961311  -4.55294020  0.0
 3.43973074  -4.55319901  0.0
 3.43987234  -4.55344553  0.0
 3.44003664  -4.55367753  0.0
 3.44022217  -4.55389295  0.0
 3.44042725  -4.55408983  0.0
 3.44065004  -4.55426641  0.0
 3.44088855  -4.55442112  0.0
 3.44114064  -4.55455255  0.0
 3.44140403  -4.55465953  0.0
 3.44167637  -4.55474110  0.0
 3.52273149  -4.57488737  0.0
 3.67384899  -4.61266471  0.0
 3.82489156  -4.65067404  0.0
 3.87568883  -4.66355885  0.0
 3.82423065  -4.66294807  0.0
 3.82421364  -4.66294792  0.0
 3.82387341  -4.66294581  0.0
 3.82385640  -4.66294575  0.0
 3.82328935  -4.66294545  0.0
 3.82327234  -4.66294549  0.0
 3.82293211  -4.66294724  0.0
 3.82291510  -4.66294738  0.0
 3.82277449  -4.66294890  0.0
 3.82275748  -4.66294913  0.0
 3.82241729  -4.66295474  0.0
 3.82240028  -4.66295507  0.0
 3.82183337  -4.66296763  0.0
 3.82181636  -4.66296806  0.0
 3.82147626  -4.66297752  0.0
 3.82145925  -4.66297804  0.0
 3.66570111  -4.66819730  0.0
 3.66568529  -4.66819787  0.0
 3.66536885  -4.66821015  0.0
 3.66535303  -4.66821080  0.0
 3.66482575  -4.66823405  0.0
 3.66480994  -4.66823479  0.0
 3.66449364  -4.66825040  0.0
 3.66447783  -4.66825122  0.0
 3.66434714  -4.66825837  0.0
 3.66433133  -4.66825927  0.0
 3.66401522  -4.66827823  0.0
 3.66399942  -4.66827922  0.0
 3.66347275  -4.66831358  0.0
 3.66345695  -4.66831466  0.0
 3.66314106  -4.66833695  0.0
 3.66312527  -4.66833810  0.0
 3.50772589  -4.68012751  0.0
 3.50771103  -4.68012867  0.0
 3.50741401  -4.68015269  0.0
 3.50739917  -4.68015393  0.0
 3.50690434  -4.68019641  0.0
 3.50688950  -4.68019772  0.0
 3.50659274  -4.68022469  0.0
 3.50657790  -4.68022608  0.0
 3.50645530  -4.68023783  0.0
 3.50644047  -4.68023929  0.0
 3.50614399  -4.68026920  0.0
 3.50612917  -4.68027074  0.0
 3.50563529  -4.68032304  0.0
 3.50562048  -4.68032465  0.0
 3.50532430  -4.68035751  0.0
 3.50530950  -4.68035919  0.0
 3.44205441  -4.68769475  0.0
 3.44176736  -4.68774224  0.0
 3.44148626  -4.68781731  0.0
 3.44121375  -4.68791927  0.0
 3.44095240  -4.68804714  0.0
 3.44070467  -4.68819973  0.0
 3.44047288  -4.68837560  0.0
 3.44025922  -4.68857309  0.0
 3.44006570  -4.68879035  0.0
 3.43989413  -4.68902534  0.0
 3.43974614  -4.68927584  0.0
 3.43962310  -4.68953951  0.0
 3.43952619  -4.68981385  0.0
 3.43945630  -4.69009628  0.0
 3.43941411  -4.69038416  0.0
 3.43940000  -4.69067477  0.0
 3.43940000  -4.71317012  0.0
 3.35338044  -4.72314563  0.0
 3.35335330  -4.72314890  0.0
 3.35281097  -4.72321680  0.0
 3.35278387  -4.72322032  0.0
 3.35267193  -4.72323538  0.0
 3.35264486  -4.72323914  0.0
 3.35210385  -4.72331692  0.0
 3.35207682  -4.72332093  0.0
 3.19802070  -4.74690221  0.0
 3.19799697  -4.74690594  0.0
 3.19752257  -4.74698245  0.0
 3.19749887  -4.74698637  0.0
 3.19740096  -4.74700296  0.0
 3.19737729  -4.74700707  0.0
 3.19690418  -4.74709117  0.0
 3.19688054  -4.74709547  0.0
 3.04365868  -4.77559907  0.0
 3.04363718  -4.77560315  0.0
 3.04320739  -4.77568636  0.0
 3.04318592  -4.77569059  0.0
 3.04309723  -4.77570844  0.0
 3.04307578  -4.77571283  0.0
 3.04264726  -4.77580229  0.0
 3.04262585  -4.77580685  0.0
 2.89029987  -4.80876963  0.0
 2.89028106  -4.80877376  0.0
 2.88990516  -4.80885764  0.0
 2.88988638  -4.80886189  0.0
 2.88980880  -4.80887972  0.0
 2.88979005  -4.80888410  0.0
 2.88941525  -4.80897279  0.0
 2.88939653  -4.80897729  0.0
 2.73796491  -4.84584052  0.0
 2.73794922  -4.84584438  0.0
 2.73763580  -4.84592247  0.0
 2.73762014  -4.84592642  0.0
 2.73755546  -4.84594290  0.0
 2.73753982  -4.84594693  0.0
 2.73722726  -4.84602839  0.0
 2.73721164  -4.84603250  0.0
 2.68262110  -4.86057351  0.0
 2.68262110  -4.34419251  0.0
 2.77220543  -4.36541498  0.0
 2.92365651  -4.40177379  0.0
 3.07502240  -4.43854269  0.0
 3.22632057  -4.47565604  0.0
 3.37756903  -4.51304657  0.0
 3.43940000  -4.52841467  0.0
;;

# interior:
# ---------
 3.43440000  -4.53232405  0.0
 3.37636603  -4.51789969  0.0
 3.22512500  -4.48051100  0.0
 3.07383669  -4.44340007  0.0
 2.92248280  -4.40663408  0.0
 2.77104553  -4.37027859  0.0
 2.68762110  -4.35051539  0.0
 2.68762110  -4.85406735  0.0
 2.73592469  -4.84120097  0.0
 2.73593770  -4.84119752  0.0
 2.73595331  -4.84119341  0.0
 2.73596633  -4.84118999  0.0
 2.73627889  -4.84110854  0.0
 2.73629192  -4.84110516  0.0
 2.73630756  -4.84110113  0.0
 2.73632060  -4.84109779  0.0
 2.73638528  -4.84108130  0.0
 2.73639833  -4.84107800  0.0
 2.73641399  -4.84107405  0.0
 2.73642705  -4.84107078  0.0
 2.73674047  -4.84099269  0.0
 2.73675353  -4.84098946  0.0
 2.73676921  -4.84098559  0.0
 2.73678228  -4.84098239  0.0
 2.88821391  -4.80411916  0.0
 2.88822950  -4.80411539  0.0
 2.88824823  -4.80411089  0.0
 2.88826384  -4.80410717  0.0
 2.88863864  -4.80401848  0.0
 2.88865426  -4.80401481  0.0
 2.88867301  -4.80401043  0.0
 2.88868865  -4.80400681  0.0
 2.88876622  -4.80398898  0.0
 2.88878187  -4.80398541  0.0
 2.88880065  -4.80398116  0.0
 2.88881630  -4.80397764  0.0
 2.88919221  -4.80389376  0.0
 2.88920788  -4.80389030  0.0
 2.88922669  -4.80388616  0.0
 2.88924236  -4.80388274  0.0
 3.04156834  -4.77091996  0.0
 3.04158618  -4.77091613  0.0
 3.04160759  -4.77091158  0.0
 3.04162544  -4.77090782  0.0
 3.04205396  -4.77081836  0.0
 3.04207182  -4.77081466  0.0
 3.04209327  -4.77081027  0.0
 3.04211114  -4.77080664  0.0
 3.04219984  -4.77078879  0.0
 3.04221772  -4.77078523  0.0
 3.04223920  -4.77078099  0.0
 3.04225710  -4.77077749  0.0
 3.04268689  -4.77069429  0.0
 3.04270480  -4.77069086  0.0
 3.04272630  -4.77068678  0.0
 3.04274423  -4.77068341  0.0
 3.19596609  -4.74217981  0.0
 3.19598578  -4.74217618  0.0
 3.19600942  -4.74217188  0.0
 3.19602912  -4.74216834  0.0
 3.19650223  -4.74208424  0.0
 3.19652195  -4.74208078  0.0
 3.19654562  -4.74207667  0.0
 3.19656536  -4.74207328  0.0
 3.19666327  -4.74205669  0.0
 3.19668301  -4.74205338  0.0
 3.19670672  -4.74204946  0.0
 3.19672648  -4.74204623  0.0
 3.19720087  -4.74196972  0.0
 3.19722065  -4.74196657  0.0
 3.19724438  -4.74196284  0.0
 3.19726417  -4.74195978  0.0
 3.35132028  -4.71837849  0.0
 3.35134280  -4.71837510  0.0
 3.35136984  -4.71837109  0.0
 3.35139237  -4.71836780  0.0
 3.35193338  -4.71829002  0.0
 3.35195593  -4.71828683  0.0
 3.35198299  -4.71828307  0.0
 3.35200556  -4.71827998  0.0
 3.35211750  -4.71826493  0.0
 3.35214008  -4.71826194  0.0
 3.35216718  -4.71825842  0.0
 3.35218977  -4.71825554  0.0
 3.35273210  -4.71818764  0.0
 3.35275471  -4.71818486  0.0
 3.35278184  -4.71818159  0.0
 3.35280446  -4.71817891  0.0
 3.43440000  -4.70871645  0.0
 3.43440000  -4.69067477  0.0
 3.43440588  -4.69043231  0.0
 3.43441999  -4.69014170  0.0
 3.43446697  -4.68965906  0.0
 3.43450916  -4.68937118  0.0
 3.43460267  -4.68889535  0.0
 3.43467255  -4.68861292  0.0
 3.43481171  -4.68814839  0.0
 3.43490863  -4.68787405  0.0
 3.43509214  -4.68742519  0.0
 3.43521517  -4.68716153  0.0
 3.43544129  -4.68673255  0.0
 3.43558929  -4.68648205  0.0
 3.43585591  -4.68607700  0.0
 3.43602747  -4.68584201  0.0
 3.43633208  -4.68546469  0.0
 3.43652560  -4.68524743  0.0
 3.43686532  -4.68490139  0.0
 3.43707898  -4.68470389  0.0
 3.43745062  -4.68439239  0.0
 3.43768241  -4.68421652  0.0
 3.43808248  -4.68394249  0.0
 3.43833021  -4.68378990  0.0
 3.43875494  -4.68355591  0.0
 3.43901629  -4.68342803  0.0
 3.43946170  -4.68323629  0.0
 3.43973420  -4.68313433  0.0
 3.44019609  -4.68298664  0.0
 3.44047719  -4.68291156  0.0
 3.44095121  -4.68280930  0.0
 3.44123826  -4.68276181  0.0
 3.44147843  -4.68272803  0.0
 3.50473352  -4.67539247  0.0
 3.50474586  -4.67539106  0.0
 3.50476066  -4.67538938  0.0
 3.50477300  -4.67538799  0.0
 3.50506917  -4.67535514  0.0
 3.50508151  -4.67535378  0.0
 3.50509633  -4.67535218  0.0
 3.50510867  -4.67535085  0.0
 3.50560255  -4.67529855  0.0
 3.50561490  -4.67529725  0.0
 3.50562972  -4.67529572  0.0
 3.50564207  -4.67529446  0.0
 3.50593856  -4.67526455  0.0
 3.50595091  -4.67526331  0.0
 3.50596574  -4.67526186  0.0
 3.50597810  -4.67526066  0.0
 3.50610070  -4.67524890  0.0
 3.50611306  -4.67524773  0.0
 3.50612789  -4.67524635  0.0
 3.50614026  -4.67524521  0.0
 3.50643702  -4.67521824  0.0
 3.50644939  -4.67521713  0.0
 3.50646423  -4.67521582  0.0
 3.50647660  -4.67521474  0.0
 3.50697142  -4.67517226  0.0
 3.50698380  -4.67517121  0.0
 3.50699864  -4.67516997  0.0
 3.50701102  -4.67516896  0.0
 3.50730804  -4.67514494  0.0
 3.50732042  -4.67514395  0.0
 3.50733527  -4.67514279  0.0
 3.50734765  -4.67514183  0.0
 3.66274703  -4.66335243  0.0
 3.66276019  -4.66335145  0.0
 3.66277598  -4.66335029  0.0
 3.66278914  -4.66334935  0.0
 3.66310503  -4.66332706  0.0
 3.66311820  -4.66332615  0.0
 3.66313399  -4.66332507  0.0
 3.66314716  -4.66332420  0.0
 3.66367383  -4.66328983  0.0
 3.66368700  -4.66328899  0.0
 3.66370280  -4.66328800  0.0
 3.66371597  -4.66328719  0.0
 3.66403208  -4.66326824  0.0
 3.66404525  -4.66326746  0.0
 3.66406106  -4.66326656  0.0
 3.66407424  -4.66326582  0.0
 3.66420492  -4.66325868  0.0
 3.66421810  -4.66325797  0.0
 3.66423391  -4.66325715  0.0
 3.66424709  -4.66325648  0.0
 3.66456338  -4.66324087  0.0
 3.66457656  -4.66324023  0.0
 3.66459238  -4.66323950  0.0
 3.66460556  -4.66323890  0.0
 3.66513284  -4.66321565  0.0
 3.66514602  -4.66321509  0.0
 3.66516184  -4.66321444  0.0
 3.66517503  -4.66321391  0.0
 3.66549147  -4.66320163  0.0
 3.66550465  -4.66320114  0.0
 3.66552048  -4.66320056  0.0
 3.66553366  -4.66320011  0.0
 3.82129180  -4.65798085  0.0
 3.82130597  -4.65798039  0.0
 3.82132298  -4.65797987  0.0
 3.82133715  -4.65797946  0.0
 3.82167725  -4.65796999  0.0
 3.82169142  -4.65796962  0.0
 3.82170843  -4.65796919  0.0
 3.82172260  -4.65796886  0.0
 3.82228951  -4.65795630  0.0
 3.82230369  -4.65795600  0.0
 3.82232069  -4.65795567  0.0
 3.82233487  -4.65795542  0.0
 3.82267506  -4.65794981  0.0
 3.82268923  -4.65794960  0.0
 3.82270624  -4.65794937  0.0
 3.82272042  -4.65794919  0.0
 3.82286103  -4.65794767  0.0
 3.82287521  -4.65794754  0.0
 3.82289222  -4.65794740  0.0
 3.82290639  -4.65794731  0.0
 3.82324662  -4.65794556  0.0
 3.82326080  -4.65794551  0.0
 3.82327781  -4.65794547  0.0
 3.82329199  -4.65794545  0.0
 3.82385904  -4.65794575  0.0
 3.82387321  -4.65794578  0.0
 3.82389023  -4.65794584  0.0
 3.82390440  -4.65794591  0.0
 3.82424463  -4.65794802  0.0
 3.82425881  -4.65794812  0.0
 3.82427582  -4.65794828  0.0
 3.82428999  -4.65794843  0.0
 3.83367295  -4.65805979  0.0
 3.82366680  -4.65552172  0.0
 3.67263259  -4.61751450  0.0
 3.52152215  -4.57973891  0.0
 3.44047031  -4.55959347  0.0
 3.44024175  -4.55953087  0.0
 3.43996942  -4.55944930  0.0
 3.43952247  -4.55929200  0.0
 3.43925908  -4.55918502  0.0
 3.43882903  -4.55898612  0.0
 3.43857695  -4.55885468  0.0
 3.43816766  -4.55861597  0.0
 3.43792915  -4.55846126  0.0
 3.43754430  -4.55818488  0.0
 3.43732150  -4.55800829  0.0
 3.43696454  -4.55769672  0.0
 3.43675946  -4.55749983  0.0
 3.43643359  -4.55715587  0.0
 3.43624807  -4.55694046  0.0
 3.43595622  -4.55656719  0.0
 3.43579192  -4.55633519  0.0
 3.43553671  -4.55593597  0.0
 3.43539511  -4.55568946  0.0
 3.43517884  -4.55526788  0.0
 3.43506121  -4.55500907  0.0
 3.43488582  -4.55456891  0.0
 3.43479321  -4.55430013  0.0
 3.43466027  -4.55384534  0.0
 3.43459352  -4.55356900  0.0
 3.43450423  -4.55310367  0.0
 3.43446394  -4.55282225  0.0
 3.43441909  -4.55235056  0.0
 3.43440562  -4.55206659  0.0
 3.43440000  -4.55182968  0.0
 3.43440000  -4.53232405  0.0
;;

