# exterior:
# ---------
 4.21494114  -4.74509978  0.0
 4.13493956  -4.73511614  0.0
 4.13490307  -4.73511271  0.0
 3.97937399  -4.72529456  0.0
 3.97934331  -4.72529341  0.0
 3.90089835  -4.72436233  0.0
 3.90089835  -4.72186215  0.0
 3.97937298  -4.72279359  0.0
 3.97943693  -4.72279517  0.0
 3.97946761  -4.72279632  0.0
 3.97953150  -4.72279953  0.0
 4.13506057  -4.73261768  0.0
 4.13513672  -4.73262365  0.0
 4.13517322  -4.73262708  0.0
 4.13524915  -4.73263538  0.0
 4.21494114  -4.74258039  0.0
 4.21494114  -4.74509978  0.0
;;

