# exterior:
# ---------
 0.74700000  -3.98582984  0.0
 0.74700000  -5.43759346  0.0
 0.64543818  -5.46836165  0.0
 0.49663165  -5.51165230  0.0
 0.34743732  -5.55278906  0.0
 0.19775883  -5.59131316  0.0
 0.04756506  -5.62679768  0.0
-0.10311109  -5.65865728  0.0
-0.25428608  -5.68607249  0.0
-0.40593903  -5.70826492  0.0
-0.55792971  -5.72440442  0.0
-0.71005067  -5.73350538  0.0
-0.74700000  -5.73378052  0.0
-0.74700000  -3.88253825  0.0
-0.59923535  -3.87898252  0.0
-0.44508981  -3.87917127  0.0
-0.29087877  -3.88297301  0.0
-0.13668934  -3.89018131  0.0
 0.01743536  -3.90056345  0.0
 0.17144772  -3.91386721  0.0
 0.32531780  -3.92984952  0.0
 0.47901743  -3.94825562  0.0
 0.63252210  -3.96889770  0.0
 0.74700000  -3.98582984  0.0
;;

# interior:
# ---------
 0.74200000  -3.99014469  0.0
 0.63182310  -3.97384870  0.0
 0.47838696  -3.95321584  0.0
 0.32476223  -3.93481871  0.0
 0.17097425  -3.91884493  0.0
 0.01705215  -3.90554897  0.0
-0.13697414  -3.89517345  0.0
-0.29105715  -3.88797013  0.0
-0.44515449  -3.88417120  0.0
-0.59917826  -3.88398259  0.0
-0.74200000  -3.88741938  0.0
-0.74200000  -5.72874315  0.0
-0.71021870  -5.72850649  0.0
-0.55834321  -5.71942022  0.0
-0.40656525  -5.70330331  0.0
-0.25509440  -5.68113752  0.0
-0.10407456  -5.65375045  0.0
 0.04647291  -5.62191805  0.0
 0.19656075  -5.58645857  0.0
 0.34614957  -5.54795754  0.0
 0.49526872  -5.50684151  0.0
 0.64401494  -5.46356841  0.0
 0.74200000  -5.43388380  0.0
 0.74200000  -3.99014469  0.0
;;

