# exterior:
# ---------
 2.59062110  -4.32250293  0.0
 2.59062110  -4.88507909  0.0
 2.58660880  -4.88614783  0.0
 2.58659614  -4.88615123  0.0
 2.58634301  -4.88621984  0.0
 2.58633036  -4.88622330  0.0
 2.58627811  -4.88623771  0.0
 2.58626547  -4.88624122  0.0
 2.58601296  -4.88631204  0.0
 2.58600034  -4.88631561  0.0
 2.43612067  -4.92905818  0.0
 2.43611067  -4.92906105  0.0
 2.43591077  -4.92911881  0.0
 2.43590078  -4.92912171  0.0
 2.43585950  -4.92913379  0.0
 2.43584952  -4.92913673  0.0
 2.43565003  -4.92919588  0.0
 2.43564006  -4.92919885  0.0
 2.28636966  -4.97401579  0.0
 2.28636176  -4.97401817  0.0
 2.28620384  -4.97406606  0.0
 2.28619595  -4.97406846  0.0
 2.28616334  -4.97407845  0.0
 2.28615546  -4.97408088  0.0
 2.28599780  -4.97412963  0.0
 2.28598992  -4.97413208  0.0
 2.13721713  -5.02058986  0.0
 2.13721120  -5.02059172  0.0
 2.13709264  -5.02062901  0.0
 2.13708672  -5.02063088  0.0
 2.13706223  -5.02063864  0.0
 2.13705631  -5.02064052  0.0
 2.13693790  -5.02067830  0.0
 2.13693199  -5.02068020  0.0
 1.98854873  -5.06836922  0.0
 1.98854458  -5.06837056  0.0
 1.98846151  -5.06839739  0.0
 1.98845736  -5.06839873  0.0
 1.98844020  -5.06840430  0.0
 1.98843605  -5.06840566  0.0
 1.98835306  -5.06843273  0.0
 1.98834892  -5.06843408  0.0
 1.84024522  -5.11698595  0.0
 1.84019063  -5.11700390  0.0
 1.84017729  -5.11700830  0.0
 1.84012273  -5.11702635  0.0
 1.69219751  -5.16611816  0.0
 1.69216938  -5.16612752  0.0
 1.69216608  -5.16612861  0.0
 1.54430393  -5.21546850  0.0
 1.39648818  -5.26474796  0.0
 1.24863131  -5.31368992  0.0
 1.10064462  -5.36202240  0.0
 0.95243192  -5.40947732  0.0
 0.83900000  -5.44491592  0.0
 0.83900000  -3.96564097  0.0
 0.94452152  -3.98250949  0.0
 1.09781307  -4.00862811  0.0
 1.25088230  -4.03620042  0.0
 1.40374465  -4.06507509  0.0
 1.55640695  -4.09512247  0.0
 1.70887824  -4.12625146  0.0
 1.86118155  -4.15833479  0.0
 2.01333198  -4.19125296  0.0
 2.16533962  -4.22491787  0.0
 2.31722352  -4.25924264  0.0
 2.46899839  -4.29411645  0.0
 2.59062110  -4.32250293  0.0
;;

# interior:
# ---------
 2.58562110  -4.32647032  0.0
 2.46787032  -4.29898755  0.0
 2.31611259  -4.26411767  0.0
 2.16424796  -4.22979725  0.0
 2.01226275  -4.19613731  0.0
 1.86013757  -4.16322461  0.0
 1.70786282  -4.13114729  0.0
 1.55542405  -4.10002494  0.0
 1.40279781  -4.06998466  0.0
 1.24997506  -4.04111747  0.0
 1.09694994  -4.01355310  0.0
 0.94370695  -3.98744275  0.0
 0.84400000  -3.97150374  0.0
 0.84400000  -5.43811548  0.0
 0.95092406  -5.40471007  0.0
 1.09910612  -5.35726496  0.0
 1.24706954  -5.30894008  0.0
 1.39491190  -5.26000292  0.0
 1.54272192  -5.21072537  0.0
 1.69058617  -5.16138479  0.0
 1.69059222  -5.16138277  0.0
 1.69062263  -5.16137267  0.0
 1.83855208  -5.11227946  0.0
 1.83861065  -5.11226008  0.0
 1.83862864  -5.11225415  0.0
 1.83868766  -5.11223474  0.0
 1.98679481  -5.06368174  0.0
 1.98680242  -5.06367925  0.0
 1.98688886  -5.06365106  0.0
 1.98689647  -5.06364858  0.0
 1.98691709  -5.06364189  0.0
 1.98692471  -5.06363943  0.0
 1.98701123  -5.06361148  0.0
 1.98701885  -5.06360903  0.0
 2.13540210  -5.01592000  0.0
 2.13540703  -5.01591842  0.0
 2.13541295  -5.01591653  0.0
 2.13541788  -5.01591495  0.0
 2.13553629  -5.01587717  0.0
 2.13554122  -5.01587559  0.0
 2.13554714  -5.01587371  0.0
 2.13555208  -5.01587214  0.0
 2.13557657  -5.01586439  0.0
 2.13558150  -5.01586283  0.0
 2.13558743  -5.01586095  0.0
 2.13559237  -5.01585940  0.0
 2.13571093  -5.01582211  0.0
 2.13571587  -5.01582055  0.0
 2.13572180  -5.01581870  0.0
 2.13572674  -5.01581715  0.0
 2.28449953  -4.96935937  0.0
 2.28450610  -4.96935733  0.0
 2.28451398  -4.96935488  0.0
 2.28452055  -4.96935284  0.0
 2.28467820  -4.96930409  0.0
 2.28468477  -4.96930206  0.0
 2.28469266  -4.96929963  0.0
 2.28469923  -4.96929762  0.0
 2.28473184  -4.96928763  0.0
 2.28473841  -4.96928562  0.0
 2.28474631  -4.96928322  0.0
 2.28475289  -4.96928122  0.0
 2.28491081  -4.96923333  0.0
 2.28491739  -4.96923134  0.0
 2.28492529  -4.96922895  0.0
 2.28493187  -4.96922697  0.0
 2.43420226  -4.92441004  0.0
 2.43421057  -4.92440755  0.0
 2.43422054  -4.92440457  0.0
 2.43422885  -4.92440210  0.0
 2.43442835  -4.92434296  0.0
 2.43443666  -4.92434050  0.0
 2.43444664  -4.92433756  0.0
 2.43445496  -4.92433512  0.0
 2.43449623  -4.92432304  0.0
 2.43450455  -4.92432061  0.0
 2.43451455  -4.92431771  0.0
 2.43452287  -4.92431529  0.0
 2.43472278  -4.92425753  0.0
 2.43473111  -4.92425513  0.0
 2.43474111  -4.92425226  0.0
 2.43474944  -4.92424988  0.0
 2.58462911  -4.88150731  0.0
 2.58463962  -4.88150433  0.0
 2.58465224  -4.88150076  0.0
 2.58466276  -4.88149780  0.0
 2.58491528  -4.88142698  0.0
 2.58492580  -4.88142404  0.0
 2.58493844  -4.88142052  0.0
 2.58494897  -4.88141761  0.0
 2.58500122  -4.88140320  0.0
 2.58501176  -4.88140030  0.0
 2.58502440  -4.88139685  0.0
 2.58503495  -4.88139398  0.0
 2.58528808  -4.88132537  0.0
 2.58529863  -4.88132252  0.0
 2.58531129  -4.88131912  0.0
 2.58532185  -4.88131629  0.0
 2.58562110  -4.88123658  0.0
 2.58562110  -4.32647032  0.0
;;

