# exterior:
# ---------
 4.21494114  -4.71738648  0.0
 4.13834496  -4.70782780  0.0
 4.13758567  -4.70774480  0.0
 4.13739709  -4.70772710  0.0
 4.13663562  -4.70766734  0.0
 3.98110655  -4.69784919  0.0
 3.98046768  -4.69781706  0.0
 3.98030917  -4.69781112  0.0
 3.97966969  -4.69779535  0.0
 3.82383899  -4.69594575  0.0
 3.82327194  -4.69594545  0.0
 3.82313133  -4.69594697  0.0
 3.82256442  -4.69595953  0.0
 3.66680628  -4.70117879  0.0
 3.66627900  -4.70120203  0.0
 3.66614831  -4.70120918  0.0
 3.66562165  -4.70124354  0.0
 3.51022227  -4.71303295  0.0
 3.50972744  -4.71307544  0.0
 3.50960484  -4.71308719  0.0
 3.50911096  -4.71313950  0.0
 3.44240000  -4.72087583  0.0
 3.44240000  -4.69067477  0.0
 3.50565509  -4.68333921  0.0
 3.50595126  -4.68330636  0.0
 3.50644514  -4.68325405  0.0
 3.50674162  -4.68322414  0.0
 3.50686422  -4.68321238  0.0
 3.50716099  -4.68318542  0.0
 3.50765581  -4.68314293  0.0
 3.50795283  -4.68311891  0.0
 3.66335221  -4.67132951  0.0
 3.66366810  -4.67130722  0.0
 3.66419477  -4.67127285  0.0
 3.66451088  -4.67125390  0.0
 3.66464157  -4.67124675  0.0
 3.66495787  -4.67123114  0.0
 3.66548514  -4.67120789  0.0
 3.66580158  -4.67119562  0.0
 3.82155972  -4.66597636  0.0
 3.82189983  -4.66596689  0.0
 3.82246674  -4.66595433  0.0
 3.82280693  -4.66594872  0.0
 3.82294754  -4.66594720  0.0
 3.82328777  -4.66594545  0.0
 3.82385482  -4.66594575  0.0
 3.82419505  -4.66594786  0.0
 3.90089835  -4.66685828  0.0
 3.82562642  -4.64776543  0.0
 3.67457884  -4.60975485  0.0
 3.52345709  -4.57197644  0.0
 3.44240000  -4.55182968  0.0
 3.44240000  -4.52091691  0.0
 3.53071311  -4.54286715  0.0
 3.68187726  -4.58065616  0.0
 3.83297498  -4.61867936  0.0
 3.98396325  -4.65697777  0.0
 4.13469007  -4.69590262  0.0
 4.21494114  -4.71738648  0.0
;;

