# exterior:
# ---------
-0.83900000  -3.85308338  0.0
-0.83900000  -3.85308338  0.0
-0.84400000  -3.85834888  0.0
-0.90872687  -3.86169922  0.0
-1.06269585  -3.87445403  0.0
-1.21598003  -3.89256008  0.0
-1.36840905  -3.91646008  0.0
-1.51984304  -3.94610090  0.0
-1.67007106  -3.98134961  0.0
-1.81880702  -4.02223288  0.0
-1.96570136  -4.06897012  0.0
-2.11032304  -4.12189088  0.0
-2.25209620  -4.18145916  0.0
-2.39021238  -4.24835702  0.0
-2.52350508  -4.32345888  0.0
-2.65008737  -4.40800690  0.0
-2.76646169  -4.50359239  0.0
-2.86366740  -4.61208021  0.0
-2.91879184  -4.74109543  0.0
-2.92019988  -4.76443880  0.0
-2.89540519  -4.86562819  0.0
-2.81311563  -4.98372519  0.0
-2.70641229  -5.08880540  0.0
-2.58733895  -5.18342477  0.0
-2.46073862  -5.26944917  0.0
-2.32879700  -5.34797373  0.0
-2.19273160  -5.41971213  0.0
-2.05334045  -5.48505092  0.0
-1.91108668  -5.54402735  0.0
-1.76630745  -5.59660100  0.0
-1.61936251  -5.64279125  0.0
-1.47057359  -5.68240409  0.0
-1.32023318  -5.71499184  0.0
-1.16861111  -5.73984235  0.0
-1.01599089  -5.75618532  0.0
-0.86268247  -5.76364276  0.0
-0.84400000  -5.76350364  0.0
-0.83900000  -5.76846655  0.0
-0.86278540  -5.76864367  0.0
-1.01637887  -5.76117236  0.0
-1.16928217  -5.74479908  0.0
-1.32116774  -5.71990538  0.0
-1.47174702  -5.68726585  0.0
-1.62075606  -5.64759441  0.0
-1.76791120  -5.60133808  0.0
-1.91289833  -5.54868894  0.0
-2.05536000  -5.48962631  0.0
-2.19495985  -5.42418970  0.0
-2.33124315  -5.35233642  0.0
-2.46342466  -5.27366908  0.0
-2.59030345  -5.18745547  0.0
-2.70973114  -5.09255453  0.0
-2.81695353  -4.98696317  0.0
-2.90003990  -4.86772263  0.0
-2.92523639  -4.76489345  0.0
-2.92373054  -4.73992855  0.0
-2.86794138  -4.60935758  0.0
-2.76993054  -4.49997118  0.0
-2.65306998  -4.40398631  0.0
-2.52612461  -4.31919578  0.0
-2.39253160  -4.24392472  0.0
-2.25415586  -4.17690114  0.0
-2.11215156  -4.11723574  0.0
-1.96731918  -4.06423789  0.0
-1.82022817  -4.01743807  0.0
-1.67130518  -3.97650339  0.0
-1.52089471  -3.94121186  0.0
-1.36927684  -3.91153506  0.0
-1.21666079  -3.88760573  0.0
-1.06319566  -3.86947831  0.0
-0.90906257  -3.85670991  0.0
-0.83900000  -3.85308338  0.0
;;

