# exterior:
# ---------
-0.83600000  -5.80454521  0.0
-0.86352855  -5.80475020  0.0
-1.01918006  -5.79717878  0.0
-1.17412719  -5.78058665  0.0
-1.32791525  -5.75538113  0.0
-1.48021914  -5.72236777  0.0
-1.63081746  -5.68227321  0.0
-1.77949029  -5.63553982  0.0
-1.92597847  -5.58234560  0.0
-2.06994117  -5.52266067  0.0
-2.21104785  -5.45651774  0.0
-2.34890437  -5.38383500  0.0
-2.48281788  -5.30413687  0.0
-2.61170721  -5.21655711  0.0
-2.73369325  -5.11962322  0.0
-2.84466312  -5.01034138  0.0
-2.93350250  -4.88284447  0.0
-2.96160000  -4.76817600  0.0
-2.95938797  -4.73150362  0.0
-2.89879953  -4.58970024  0.0
-2.79497561  -4.47382606  0.0
-2.67460439  -4.37495767  0.0
-2.54503759  -4.28841621  0.0
-2.40927640  -4.21192353  0.0
-2.26902661  -4.14399223  0.0
-2.12535346  -4.08362564  0.0
-1.97899986  -4.03007113  0.0
-1.83048885  -3.98281951  0.0
-1.68021554  -3.94151367  0.0
-1.52848772  -3.90591305  0.0
-1.37554226  -3.87597639  0.0
-1.22157590  -3.85183534  0.0
-1.06680428  -3.83355359  0.0
-0.91148635  -3.82068704  0.0
-0.83600000  -3.81677977  0.0
-0.83600000  -3.81738057  0.0
-0.91144607  -3.82128576  0.0
-1.06674430  -3.83415068  0.0
-1.22149421  -3.85242986  0.0
-1.37543812  -3.87656739  0.0
-1.52836152  -3.90649973  0.0
-1.68006744  -3.94209522  0.0
-1.83031832  -3.98339489  0.0
-1.97880572  -4.03063900  0.0
-2.12513404  -4.08418425  0.0
-2.26877945  -4.14453920  0.0
-2.40899809  -4.21245540  0.0
-2.54472325  -4.28892779  0.0
-2.67424648  -4.37544015  0.0
-2.79455935  -4.47426061  0.0
-2.89828665  -4.59002696  0.0
-2.95879533  -4.73164364  0.0
-2.96099562  -4.76812144  0.0
-2.93294634  -4.88259314  0.0
-2.84420257  -5.00995282  0.0
-2.73329499  -5.11917333  0.0
-2.61135147  -5.21607343  0.0
-2.48249556  -5.30363048  0.0
-2.34861083  -5.38331148  0.0
-2.21078046  -5.45598043  0.0
-2.06969883  -5.52211162  0.0
-1.92576107  -5.58178621  0.0
-1.77929784  -5.63497137  0.0
-1.63065024  -5.68169683  0.0
-1.48007833  -5.72178436  0.0
-1.32780310  -5.75479150  0.0
-1.17404667  -5.77999184  0.0
-1.01913350  -5.79658034  0.0
-0.86351620  -5.80415009  0.0
-0.83600000  -5.80394519  0.0
-0.83600000  -5.80454521  0.0
;;

