# exterior:
# ---------
 0.83600000  -3.92921066  0.0
 0.95030495  -3.94748328  0.0
 1.10394123  -3.97366064  0.0
 1.25732367  -4.00128937  0.0
 1.41046718  -4.03021715  0.0
 1.56338552  -4.06031493  0.0
 1.71608777  -4.09149107  0.0
 1.86859384  -4.12361711  0.0
 2.02092351  -4.15657406  0.0
 2.17309044  -4.19027424  0.0
 2.32511115  -4.22462994  0.0
 2.47700770  -4.25953171  0.0
 2.59362110  -4.28674902  0.0
 2.59362110  -4.28931621  0.0
 2.47644366  -4.26196725  0.0
 2.32455569  -4.22706745  0.0
 2.17254460  -4.19271393  0.0
 2.02038890  -4.15901623  0.0
 1.86807185  -4.12606202  0.0
 1.71558006  -4.09393898  0.0
 1.56289407  -4.06276616  0.0
 1.40999376  -4.03267193  0.0
 1.25687005  -4.00374790  0.0
 1.10350967  -3.97612314  0.0
 0.94989767  -3.94994992  0.0
 0.83600000  -3.93174240  0.0
 0.83600000  -3.92921066  0.0
;;

