# exterior:
# ---------
 0.83600000  -3.93174240  0.0
 0.94989767  -3.94994992  0.0
 1.10350967  -3.97612314  0.0
 1.25687005  -4.00374790  0.0
 1.40999376  -4.03267193  0.0
 1.56289407  -4.06276616  0.0
 1.71558006  -4.09393898  0.0
 1.86807185  -4.12606202  0.0
 2.02038890  -4.15901623  0.0
 2.17254460  -4.19271393  0.0
 2.32455569  -4.22706745  0.0
 2.47644366  -4.26196725  0.0
 2.59362110  -4.28931621  0.0
 2.59362110  -4.32012250  0.0
 2.46967523  -4.29119380  0.0
 2.31789008  -4.25631762  0.0
 2.16599462  -4.22199024  0.0
 2.01397352  -4.18832235  0.0
 1.86180794  -4.15540090  0.0
 1.70948750  -4.12331396  0.0
 1.55699669  -4.09218099  0.0
 1.40431275  -4.06212935  0.0
 1.25142664  -4.03325019  0.0
 1.09833094  -4.00567311  0.0
 0.94501026  -3.97954953  0.0
 0.83600000  -3.96212330  0.0
 0.83600000  -3.93174240  0.0
;;

