# exterior:
# ---------
 0.74700000  -5.43759346  0.0
 0.64543818  -5.46836165  0.0
 0.49663165  -5.51165230  0.0
 0.34743732  -5.55278906  0.0
 0.19775883  -5.59131316  0.0
 0.04756506  -5.62679768  0.0
-0.10311109  -5.65865728  0.0
-0.25428608  -5.68607249  0.0
-0.40593903  -5.70826492  0.0
-0.55792971  -5.72440442  0.0
-0.71005067  -5.73350538  0.0
-0.74700000  -5.73378052  0.0
-0.74200000  -5.72874315  0.0
-0.71021870  -5.72850649  0.0
-0.55834321  -5.71942022  0.0
-0.40656525  -5.70330331  0.0
-0.25509440  -5.68113752  0.0
-0.10407456  -5.65375045  0.0
 0.04647291  -5.62191805  0.0
 0.19656075  -5.58645857  0.0
 0.34614957  -5.54795754  0.0
 0.49526872  -5.50684151  0.0
 0.64401494  -5.46356841  0.0
 0.74200000  -5.43388380  0.0
 0.74700000  -5.43759346  0.0
;;

