# exterior:
# ---------
 0.75000000  -5.43981925  0.0
 0.64629212  -5.47123759  0.0
 0.49744941  -5.51453877  0.0
 0.34820997  -5.55568796  0.0
 0.19847768  -5.59422592  0.0
 0.04822035  -5.62972545  0.0
-0.10253300  -5.66160138  0.0
-0.25380109  -5.68903347  0.0
-0.40556330  -5.71124189  0.0
-0.55768160  -5.72739495  0.0
-0.70994985  -5.73650471  0.0
-0.75000000  -5.73680295  0.0
-0.74700000  -5.73378052  0.0
-0.71005067  -5.73350538  0.0
-0.55792971  -5.72440442  0.0
-0.40593903  -5.70826492  0.0
-0.25428608  -5.68607249  0.0
-0.10311109  -5.65865728  0.0
 0.04756506  -5.62679768  0.0
 0.19775883  -5.59131316  0.0
 0.34743732  -5.55278906  0.0
 0.49663165  -5.51165230  0.0
 0.64543818  -5.46836165  0.0
 0.74700000  -5.43759346  0.0
 0.75000000  -5.43981925  0.0
;;

