# exterior:
# ---------
-0.83600000   3.73490688  0.0
-0.86346473   3.73470236  0.0
-1.01893951   3.74226518  0.0
-1.17371114   3.75883852  0.0
-1.32733582   3.78401727  0.0
-1.47949162   3.81699852  0.0
-1.62995346   3.85705675  0.0
-1.77849597   3.90374917  0.0
-1.92485525   3.95689659  0.0
-2.06868905   4.01652808  0.0
-2.20966633   4.08261035  0.0
-2.34738776   4.15522186  0.0
-2.48115254   4.23483148  0.0
-2.60986921   4.32229392  0.0
-2.73163556   4.41905324  0.0
-2.84228363   4.52801817  0.0
-2.93062898   4.65480608  0.0
-2.95847736   4.76845788  0.0
-2.95632598   4.80412491  0.0
-2.89614966   4.94496373  0.0
-2.79282492   5.06028079  0.0
-2.67275517   5.15890156  0.0
-2.54341348   5.24529267  0.0
-2.40783848   5.32168045  0.0
-2.26774962   5.38953379  0.0
-2.12421978   5.44984018  0.0
-1.97799681   5.50334688  0.0
-1.82960774   5.55055970  0.0
-1.67945038   5.59183367  0.0
-1.52783569   5.62740775  0.0
-1.37500423   5.65732210  0.0
-1.22115383   5.68144496  0.0
-1.06649440   5.69971346  0.0
-0.91127822   5.71257159  0.0
-0.83600000   5.71646808  0.0
-0.83600000   5.68642792  0.0
-0.90926399   5.68263568  0.0
-1.06349555   5.66985913  0.0
-1.21706925   5.65171887  0.0
-1.36979751   5.62777196  0.0
-1.52152571   5.59807356  0.0
-1.67204566   5.56275634  0.0
-1.82108086   5.52179082  0.0
-1.96828987   5.47495346  0.0
-2.11324867   5.42190934  0.0
-2.25539166   5.36218567  0.0
-2.39392313   5.29508666  0.0
-2.52769632   5.21971408  0.0
-2.65485954   5.13477804  0.0
-2.77201185   5.03855355  0.0
-2.87050577   4.92862799  0.0
-2.92669376   4.79712359  0.0
-2.92825830   4.77118576  0.0
-2.90282073   4.66737271  0.0
-2.81925626   4.54744604  0.0
-2.71172246   4.44154800  0.0
-2.59208216   4.34647811  0.0
-2.46503628   4.26015097  0.0
-2.33271084   4.18139797  0.0
-2.19629681   4.10947576  0.0
-2.05657173   4.04398045  0.0
-1.91398532   3.98486611  0.0
-1.76887346   3.93217167  0.0
-1.62159218   3.88587570  0.0
-1.47245107   3.84616909  0.0
-1.32172848   3.81349850  0.0
-1.16968480   3.78857888  0.0
-1.01661165   3.77218742  0.0
-0.86284715   3.76470779  0.0
-0.83600000   3.76490771  0.0
-0.83600000   3.73490688  0.0
;;

