# exterior:
# ---------
 0.83600000   5.60460960  0.0
 0.94989767   5.58640208  0.0
 1.10350967   5.56022886  0.0
 1.25687005   5.53260410  0.0
 1.40999376   5.50368007  0.0
 1.56289407   5.47358584  0.0
 1.71558006   5.44241302  0.0
 1.86807185   5.41028998  0.0
 2.02038890   5.37733577  0.0
 2.17254460   5.34363807  0.0
 2.32455569   5.30928455  0.0
 2.47644366   5.27438475  0.0
 2.59362110   5.24703579  0.0
 2.59362110   5.21622950  0.0
 2.46967523   5.24515820  0.0
 2.31789008   5.28003438  0.0
 2.16599462   5.31436176  0.0
 2.01397352   5.34802965  0.0
 1.86180794   5.38095110  0.0
 1.70948750   5.41303804  0.0
 1.55699669   5.44417101  0.0
 1.40431275   5.47422265  0.0
 1.25142664   5.50310181  0.0
 1.09833094   5.53067889  0.0
 0.94501026   5.55680247  0.0
 0.83600000   5.57422870  0.0
 0.83600000   5.60460960  0.0
;;

