# exterior:
# ---------
 2.59062110   5.21384907  0.0
 2.59062110   4.65127291  0.0
 2.58660880   4.65020417  0.0
 2.58659614   4.65020077  0.0
 2.58634301   4.65013216  0.0
 2.58633036   4.65012870  0.0
 2.58627811   4.65011429  0.0
 2.58626547   4.65011078  0.0
 2.58601296   4.65003996  0.0
 2.58600034   4.65003639  0.0
 2.43612067   4.60729382  0.0
 2.43611067   4.60729095  0.0
 2.43591077   4.60723319  0.0
 2.43590078   4.60723029  0.0
 2.43585950   4.60721821  0.0
 2.43584952   4.60721527  0.0
 2.43565003   4.60715612  0.0
 2.43564006   4.60715315  0.0
 2.28636966   4.56233621  0.0
 2.28636176   4.56233383  0.0
 2.28620384   4.56228594  0.0
 2.28619595   4.56228354  0.0
 2.28616334   4.56227355  0.0
 2.28615546   4.56227112  0.0
 2.28599780   4.56222237  0.0
 2.28598992   4.56221992  0.0
 2.13721713   4.51576214  0.0
 2.13721120   4.51576028  0.0
 2.13709264   4.51572299  0.0
 2.13708672   4.51572112  0.0
 2.13706223   4.51571336  0.0
 2.13705631   4.51571148  0.0
 2.13693790   4.51567370  0.0
 2.13693199   4.51567180  0.0
 1.98854873   4.46798278  0.0
 1.98854458   4.46798144  0.0
 1.98846151   4.46795461  0.0
 1.98845736   4.46795327  0.0
 1.98844020   4.46794770  0.0
 1.98843605   4.46794634  0.0
 1.98835306   4.46791927  0.0
 1.98834892   4.46791792  0.0
 1.84024522   4.41936605  0.0
 1.84019063   4.41934810  0.0
 1.84017729   4.41934370  0.0
 1.84012273   4.41932565  0.0
 1.69219751   4.37023384  0.0
 1.69216938   4.37022448  0.0
 1.69216608   4.37022339  0.0
 1.54430393   4.32088350  0.0
 1.39648818   4.27160404  0.0
 1.24863131   4.22266208  0.0
 1.10064462   4.17432960  0.0
 0.95243192   4.12687468  0.0
 0.83900000   4.09143608  0.0
 0.83900000   5.57071103  0.0
 0.94452152   5.55384251  0.0
 1.09781307   5.52772389  0.0
 1.25088230   5.50015158  0.0
 1.40374465   5.47127691  0.0
 1.55640695   5.44122953  0.0
 1.70887824   5.41010054  0.0
 1.86118155   5.37801721  0.0
 2.01333198   5.34509904  0.0
 2.16533962   5.31143413  0.0
 2.31722352   5.27710936  0.0
 2.46899839   5.24223555  0.0
 2.59062110   5.21384907  0.0
;;

# interior:
# ---------
 2.58562110   5.20988168  0.0
 2.46787032   5.23736445  0.0
 2.31611259   5.27223433  0.0
 2.16424796   5.30655475  0.0
 2.01226275   5.34021469  0.0
 1.86013757   5.37312739  0.0
 1.70786282   5.40520471  0.0
 1.55542405   5.43632706  0.0
 1.40279781   5.46636734  0.0
 1.24997506   5.49523453  0.0
 1.09694994   5.52279890  0.0
 0.94370695   5.54890925  0.0
 0.84400000   5.56484826  0.0
 0.84400000   4.09823652  0.0
 0.95092406   4.13164193  0.0
 1.09910612   4.17908704  0.0
 1.24706954   4.22741192  0.0
 1.39491190   4.27634908  0.0
 1.54272192   4.32562663  0.0
 1.69058617   4.37496721  0.0
 1.69059222   4.37496923  0.0
 1.69062263   4.37497933  0.0
 1.83855208   4.42407254  0.0
 1.83861065   4.42409192  0.0
 1.83862864   4.42409785  0.0
 1.83868766   4.42411726  0.0
 1.98679481   4.47267026  0.0
 1.98680242   4.47267275  0.0
 1.98688886   4.47270094  0.0
 1.98689647   4.47270342  0.0
 1.98691709   4.47271011  0.0
 1.98692471   4.47271257  0.0
 1.98701123   4.47274052  0.0
 1.98701885   4.47274297  0.0
 2.13540210   4.52043200  0.0
 2.13540703   4.52043358  0.0
 2.13541295   4.52043547  0.0
 2.13541788   4.52043705  0.0
 2.13553629   4.52047483  0.0
 2.13554122   4.52047641  0.0
 2.13554714   4.52047829  0.0
 2.13555208   4.52047986  0.0
 2.13557657   4.52048761  0.0
 2.13558150   4.52048917  0.0
 2.13558743   4.52049105  0.0
 2.13559237   4.52049260  0.0
 2.13571093   4.52052989  0.0
 2.13571587   4.52053145  0.0
 2.13572180   4.52053330  0.0
 2.13572674   4.52053485  0.0
 2.28449953   4.56699263  0.0
 2.28450610   4.56699467  0.0
 2.28451398   4.56699712  0.0
 2.28452055   4.56699916  0.0
 2.28467820   4.56704791  0.0
 2.28468477   4.56704994  0.0
 2.28469266   4.56705237  0.0
 2.28469923   4.56705438  0.0
 2.28473184   4.56706437  0.0
 2.28473841   4.56706638  0.0
 2.28474631   4.56706878  0.0
 2.28475289   4.56707078  0.0
 2.28491081   4.56711867  0.0
 2.28491739   4.56712066  0.0
 2.28492529   4.56712305  0.0
 2.28493187   4.56712503  0.0
 2.43420226   4.61194196  0.0
 2.43421057   4.61194445  0.0
 2.43422054   4.61194743  0.0
 2.43422885   4.61194990  0.0
 2.43442835   4.61200904  0.0
 2.43443666   4.61201150  0.0
 2.43444664   4.61201444  0.0
 2.43445496   4.61201688  0.0
 2.43449623   4.61202896  0.0
 2.43450455   4.61203139  0.0
 2.43451455   4.61203429  0.0
 2.43452287   4.61203671  0.0
 2.43472278   4.61209447  0.0
 2.43473111   4.61209687  0.0
 2.43474111   4.61209974  0.0
 2.43474944   4.61210212  0.0
 2.58462911   4.65484469  0.0
 2.58463962   4.65484767  0.0
 2.58465224   4.65485124  0.0
 2.58466276   4.65485420  0.0
 2.58491528   4.65492502  0.0
 2.58492580   4.65492796  0.0
 2.58493844   4.65493148  0.0
 2.58494897   4.65493439  0.0
 2.58500122   4.65494880  0.0
 2.58501176   4.65495170  0.0
 2.58502440   4.65495515  0.0
 2.58503495   4.65495802  0.0
 2.58528808   4.65502663  0.0
 2.58529863   4.65502948  0.0
 2.58531129   4.65503288  0.0
 2.58532185   4.65503571  0.0
 2.58562110   4.65511542  0.0
 2.58562110   5.20988168  0.0
;;

