# exterior:
# ---------
 0.75000000   4.02966028  0.0
 0.66450949   4.00376090  0.0
 0.51489492   3.96023518  0.0
 0.36469318   3.91882065  0.0
 0.21381308   3.87998728  0.0
 0.06219986   3.84416740  0.0
-0.09020057   3.81194321  0.0
-0.24345466   3.78415096  0.0
-0.39754774   3.76160145  0.0
-0.55238875   3.74515928  0.0
-0.70779905   3.73586153  0.0
-0.75000000   3.73554728  0.0
-0.75000000   3.79954905  0.0
-0.70994985   3.79984729  0.0
-0.55768160   3.80895705  0.0
-0.40556330   3.82511011  0.0
-0.25380109   3.84731853  0.0
-0.10253300   3.87475062  0.0
 0.04822035   3.90662655  0.0
 0.19847768   3.94212608  0.0
 0.34820997   3.98066404  0.0
 0.49744941   4.02181323  0.0
 0.64629212   4.06511441  0.0
 0.75000000   4.09653275  0.0
 0.75000000   4.02966028  0.0
;;

