# exterior:
# ---------
 3.44240000   5.01028296  0.0
 3.44240000   4.98452232  0.0
 3.52345709   4.96437556  0.0
 3.67457884   4.92659715  0.0
 3.82562642   4.88858657  0.0
 3.90089835   4.86949372  0.0
 3.82419505   4.87040414  0.0
 3.82385482   4.87040625  0.0
 3.82328777   4.87040655  0.0
 3.82294754   4.87040480  0.0
 3.82280693   4.87040328  0.0
 3.82246674   4.87039767  0.0
 3.82189983   4.87038511  0.0
 3.82155972   4.87037564  0.0
 3.66580158   4.86515638  0.0
 3.66548514   4.86514411  0.0
 3.66495787   4.86512086  0.0
 3.66464157   4.86510525  0.0
 3.66451088   4.86509810  0.0
 3.66419477   4.86507915  0.0
 3.66366810   4.86504478  0.0
 3.66335221   4.86502249  0.0
 3.50795283   4.85323309  0.0
 3.50765581   4.85320907  0.0
 3.50716099   4.85316658  0.0
 3.50686422   4.85313962  0.0
 3.50674162   4.85312786  0.0
 3.50644514   4.85309795  0.0
 3.50595126   4.85304564  0.0
 3.50565509   4.85301279  0.0
 3.44240000   4.84567723  0.0
 3.44240000   4.82050968  0.0
 3.35372602   4.81022634  0.0
 3.35318369   4.81015844  0.0
 3.35307175   4.81014339  0.0
 3.35253074   4.81006561  0.0
 3.19847462   4.78648433  0.0
 3.19800023   4.78640782  0.0
 3.19790232   4.78639123  0.0
 3.19742921   4.78630713  0.0
 3.04420736   4.75780353  0.0
 3.04377757   4.75772033  0.0
 3.04368888   4.75770248  0.0
 3.04326035   4.75761302  0.0
 2.89093437   4.72465024  0.0
 2.89055847   4.72456636  0.0
 2.89048090   4.72454853  0.0
 2.89010610   4.72445984  0.0
 2.73867448   4.68759660  0.0
 2.73836106   4.68751852  0.0
 2.73829637   4.68750203  0.0
 2.73798381   4.68742057  0.0
 2.67962110   4.67187479  0.0
 2.67962110   5.19595323  0.0
 2.77290136   5.17385518  0.0
 2.92436075   5.13749438  0.0
 3.07573383   5.10072373  0.0
 3.22703790   5.06360894  0.0
 3.37829083   5.02621730  0.0
 3.44240000   5.01028296  0.0
;;

# interior:
# ---------
 3.43940000   5.00793733  0.0
 3.37756903   5.02330543  0.0
 3.22632057   5.06069596  0.0
 3.07502240   5.09780931  0.0
 2.92365651   5.13457821  0.0
 2.77220543   5.17093702  0.0
 2.68262110   5.19215949  0.0
 2.68262110   4.67577849  0.0
 2.73721164   4.69031950  0.0
 2.73722726   4.69032361  0.0
 2.73753982   4.69040507  0.0
 2.73755546   4.69040910  0.0
 2.73762014   4.69042558  0.0
 2.73763580   4.69042953  0.0
 2.73794922   4.69050762  0.0
 2.73796491   4.69051148  0.0
 2.88939653   4.72737471  0.0
 2.88941525   4.72737921  0.0
 2.88979005   4.72746790  0.0
 2.88980880   4.72747228  0.0
 2.88988638   4.72749011  0.0
 2.88990516   4.72749436  0.0
 2.89028106   4.72757824  0.0
 2.89029987   4.72758237  0.0
 3.04262585   4.76054515  0.0
 3.04264726   4.76054971  0.0
 3.04307578   4.76063917  0.0
 3.04309723   4.76064356  0.0
 3.04318592   4.76066141  0.0
 3.04320739   4.76066564  0.0
 3.04363718   4.76074885  0.0
 3.04365868   4.76075293  0.0
 3.19688054   4.78925653  0.0
 3.19690418   4.78926083  0.0
 3.19737729   4.78934493  0.0
 3.19740096   4.78934904  0.0
 3.19749887   4.78936563  0.0
 3.19752257   4.78936955  0.0
 3.19799697   4.78944606  0.0
 3.19802070   4.78944979  0.0
 3.35207682   4.81303107  0.0
 3.35210385   4.81303508  0.0
 3.35264486   4.81311286  0.0
 3.35267193   4.81311662  0.0
 3.35278387   4.81313168  0.0
 3.35281097   4.81313520  0.0
 3.35335330   4.81320310  0.0
 3.35338044   4.81320637  0.0
 3.43940000   4.82318188  0.0
 3.43940000   4.84567723  0.0
 3.43941411   4.84596784  0.0
 3.43945630   4.84625572  0.0
 3.43952619   4.84653815  0.0
 3.43962310   4.84681249  0.0
 3.43974614   4.84707616  0.0
 3.43989413   4.84732666  0.0
 3.44006570   4.84756165  0.0
 3.44025922   4.84777891  0.0
 3.44047288   4.84797640  0.0
 3.44070467   4.84815227  0.0
 3.44095240   4.84830486  0.0
 3.44121375   4.84843273  0.0
 3.44148626   4.84853469  0.0
 3.44176736   4.84860976  0.0
 3.44205441   4.84865725  0.0
 3.50530950   4.85599281  0.0
 3.50532430   4.85599449  0.0
 3.50562048   4.85602735  0.0
 3.50563529   4.85602896  0.0
 3.50612917   4.85608126  0.0
 3.50614399   4.85608280  0.0
 3.50644047   4.85611271  0.0
 3.50645530   4.85611417  0.0
 3.50657790   4.85612592  0.0
 3.50659274   4.85612731  0.0
 3.50688950   4.85615428  0.0
 3.50690434   4.85615559  0.0
 3.50739917   4.85619807  0.0
 3.50741401   4.85619931  0.0
 3.50771103   4.85622333  0.0
 3.50772589   4.85622449  0.0
 3.66312527   4.86801390  0.0
 3.66314106   4.86801505  0.0
 3.66345695   4.86803734  0.0
 3.66347275   4.86803842  0.0
 3.66399942   4.86807278  0.0
 3.66401522   4.86807377  0.0
 3.66433133   4.86809273  0.0
 3.66434714   4.86809363  0.0
 3.66447783   4.86810078  0.0
 3.66449364   4.86810160  0.0
 3.66480994   4.86811721  0.0
 3.66482575   4.86811795  0.0
 3.66535303   4.86814120  0.0
 3.66536885   4.86814185  0.0
 3.66568529   4.86815413  0.0
 3.66570111   4.86815470  0.0
 3.82145925   4.87337396  0.0
 3.82147626   4.87337448  0.0
 3.82181636   4.87338394  0.0
 3.82183337   4.87338437  0.0
 3.82240028   4.87339693  0.0
 3.82241729   4.87339726  0.0
 3.82275748   4.87340287  0.0
 3.82277449   4.87340310  0.0
 3.82291510   4.87340462  0.0
 3.82293211   4.87340476  0.0
 3.82327234   4.87340651  0.0
 3.82328935   4.87340655  0.0
 3.82385640   4.87340625  0.0
 3.82387341   4.87340619  0.0
 3.82421364   4.87340408  0.0
 3.82423065   4.87340393  0.0
 3.87568883   4.87279315  0.0
 3.82489156   4.88567796  0.0
 3.67384899   4.92368729  0.0
 3.52273149   4.96146463  0.0
 3.44167637   4.98161090  0.0
 3.44140403   4.98169247  0.0
 3.44114064   4.98179945  0.0
 3.44088855   4.98193088  0.0
 3.44065004   4.98208559  0.0
 3.44042725   4.98226217  0.0
 3.44022217   4.98245905  0.0
 3.44003664   4.98267447  0.0
 3.43987234   4.98290647  0.0
 3.43973074   4.98315299  0.0
 3.43961311   4.98341180  0.0
 3.43952051   4.98368058  0.0
 3.43945376   4.98395692  0.0
 3.43941347   4.98423834  0.0
 3.43940000   4.98452232  0.0
 3.43940000   5.00793733  0.0
;;

