# exterior:
# ---------
 4.44240000   4.75131801  0.0
 4.28949166   4.78134417  0.0
 4.13486526   4.80064048  0.0
 3.97933619   4.81045863  0.0
 3.82350549   4.81230823  0.0
 3.66774735   4.80708897  0.0
 3.51234797   4.79529957  0.0
 3.35753901   4.77734670  0.0
 3.20348289   4.75376542  0.0
 3.05026103   4.72526182  0.0
 2.89793505   4.69229903  0.0
 2.74650343   4.65543580  0.0
 2.59590060   4.61532047  0.0
 2.44602093   4.57257791  0.0
 2.29675053   4.52776097  0.0
 2.14797774   4.48130319  0.0
 1.99959449   4.43361417  0.0
 1.85149340   4.38506316  0.0
 1.70356954   4.33597180  0.0
 1.55572601   4.28663812  0.0
 1.40786895   4.23734489  0.0
 1.25990724   4.18836822  0.0
 1.11175257   4.13998088  0.0
 0.96331872   4.09245515  0.0
 0.81455347   4.04597765  0.0
 0.66539190   4.00078909  0.0
 0.51573994   3.95725249  0.0
 0.36549159   3.91582511  0.0
 0.21455589   3.87697743  0.0
 0.06287699   3.84114204  0.0
-0.08960322   3.80890097  0.0
-0.24295351   3.78109128  0.0
-0.39715948   3.75852525  0.0
-0.55213238   3.74206907  0.0
-0.70769487   3.73276222  0.0
-0.86352855   3.73160180  0.0
-1.01918006   3.73917322  0.0
-1.17412719   3.75576535  0.0
-1.32791525   3.78097087  0.0
-1.48021914   3.81398423  0.0
-1.63081746   3.85407879  0.0
-1.77949029   3.90081218  0.0
-1.92597847   3.95400640  0.0
-2.06994117   4.01369133  0.0
-2.21104785   4.07983426  0.0
-2.34890437   4.15251700  0.0
-2.48281788   4.23221513  0.0
-2.61170721   4.31979489  0.0
-2.73369325   4.41672878  0.0
-2.84466312   4.52601062  0.0
-2.93350250   4.65350753  0.0
-2.96160000   4.76817600  0.0
-2.95938797   4.80484838  0.0
-2.89879953   4.94665176  0.0
-2.79497561   5.06252594  0.0
-2.67460439   5.16139433  0.0
-2.54503759   5.24793579  0.0
-2.40927640   5.32442847  0.0
-2.26902661   5.39235977  0.0
-2.12535346   5.45272636  0.0
-1.97899986   5.50628087  0.0
-1.83048885   5.55353249  0.0
-1.68021554   5.59483833  0.0
-1.52848772   5.63043895  0.0
-1.37554226   5.66037561  0.0
-1.22157590   5.68451666  0.0
-1.06680428   5.70279841  0.0
-0.91148635   5.71566496  0.0
-0.75584354   5.72372123  0.0
-0.60003574   5.72747051  0.0
-0.44418294   5.72727967  0.0
-0.28837786   5.72343864  0.0
-0.13269644   5.71616059  0.0
 0.02280796   5.70568550  0.0
 0.17808576   5.69227244  0.0
 0.33310700   5.67617056  0.0
 0.48785668   5.65763871  0.0
 0.64232209   5.63686744  0.0
 0.79650063   5.61406328  0.0
 0.95040270   5.58946071  0.0
 1.10404481   5.56328236  0.0
 1.25743254   5.53565267  0.0
 1.41058080   5.50672400  0.0
 1.56350346   5.47662537  0.0
 1.71620962   5.44544843  0.0
 1.86871912   5.41332167  0.0
 2.02105182   5.38036406  0.0
 2.17322144   5.34666328  0.0
 2.32524447   5.31230707  0.0
 2.47714306   5.27740482  0.0
 2.62892065   5.24198026  0.0
 2.78057986   5.20605228  0.0
 2.93213076   5.16966951  0.0
 3.08358328   5.13287957  0.0
 3.23495253   5.09574878  0.0
 3.38625468   5.05834498  0.0
 3.53750958   5.02075055  0.0
 3.68871346   4.98295161  0.0
 3.83985813   4.94491659  0.0
 3.99093082   4.90659677  0.0
 4.14183669   4.86762568  0.0
 4.29239116   4.82732104  0.0
 4.44240000   4.78503399  0.0
 4.44240000   4.75131801  0.0
;;

# interior:
# ---------
 4.44180000   4.75204729  0.0
 4.44180000   4.78457974  0.0
 4.29223218   4.82674247  0.0
 4.14168409   4.86704540  0.0
 3.99078204   4.90601551  0.0
 3.83971116   4.94433487  0.0
 3.68856749   4.98236964  0.0
 3.53736446   5.02016836  0.0
 3.38611032   5.05776260  0.0
 3.23480906   5.09516619  0.0
 3.08344099   5.13229668  0.0
 2.93198992   5.16908627  0.0
 2.78044067   5.20546865  0.0
 2.62878331   5.24139619  0.0
 2.47700770   5.27682029  0.0
 2.32511115   5.31172206  0.0
 2.17309044   5.34607776  0.0
 2.02092351   5.37977794  0.0
 1.86859384   5.41273489  0.0
 1.71608777   5.44486093  0.0
 1.56338552   5.47603707  0.0
 1.41046718   5.50613485  0.0
 1.25732367   5.53506263  0.0
 1.10394123   5.56269136  0.0
 0.95030495   5.58886872  0.0
 0.79640938   5.61347025  0.0
 0.64223821   5.63627332  0.0
 0.48778103   5.65704348  0.0
 0.33304033   5.67557426  0.0
 0.17802895   5.69167511  0.0
 0.02276198   5.70508724  0.0
-0.13273061   5.71556153  0.0
-0.28839926   5.72283898  0.0
-0.44419071   5.72667968  0.0
-0.60002889   5.72687051  0.0
-0.75582081   5.72312161  0.0
-0.91144607   5.71506624  0.0
-1.06674430   5.70220132  0.0
-1.22149421   5.68392214  0.0
-1.37543812   5.65978461  0.0
-1.52836152   5.62985227  0.0
-1.68006744   5.59425678  0.0
-1.83031832   5.55295711  0.0
-1.97880572   5.50571300  0.0
-2.12513404   5.45216775  0.0
-2.26877945   5.39181280  0.0
-2.40899809   5.32389660  0.0
-2.54472325   5.24742421  0.0
-2.67424648   5.16091185  0.0
-2.79455935   5.06209139  0.0
-2.89828665   4.94632504  0.0
-2.95879533   4.80470836  0.0
-2.96099562   4.76823056  0.0
-2.93294634   4.65375886  0.0
-2.84420257   4.52639918  0.0
-2.73329499   4.41717867  0.0
-2.61135147   4.32027857  0.0
-2.48249556   4.23272152  0.0
-2.34861083   4.15304052  0.0
-2.21078046   4.08037157  0.0
-2.06969883   4.01424038  0.0
-1.92576107   3.95456579  0.0
-1.77929784   3.90138063  0.0
-1.63065024   3.85465517  0.0
-1.48007833   3.81456764  0.0
-1.32780310   3.78156050  0.0
-1.17404667   3.75636016  0.0
-1.01913350   3.73977166  0.0
-0.86351620   3.73220191  0.0
-0.70771503   3.73336209  0.0
-0.55218200   3.74266718  0.0
-0.39723463   3.75912064  0.0
-0.24305051   3.78168348  0.0
-0.08971884   3.80948979  0.0
 0.06274593   3.84172759  0.0
 0.21441212   3.87755998  0.0
 0.36533706   3.91640490  0.0
 0.51557639   3.95782979  0.0
 0.66522111   4.00136428  0.0
 0.81437702   4.04655112  0.0
 0.96313778   4.09302722  0.0
 1.11156795   4.14055177  0.0
 1.25971982   4.18893820  0.0
 1.40767979   4.23791429  0.0
 1.55553617   4.28720730  0.0
 1.70337962   4.33654095  0.0
 1.70338055   4.33654126  0.0
 1.85130441   4.38563262  0.0
 1.85130649   4.38563330  0.0
 1.99940758   4.43418431  0.0
 1.99941090   4.43418539  0.0
 2.14779416   4.48187442  0.0
 2.14779890   4.48187592  0.0
 2.29657169   4.52833369  0.0
 2.29657800   4.52833563  0.0
 2.44584839   4.57315256  0.0
 2.44585638   4.57315490  0.0
 2.59573605   4.61589747  0.0
 2.59574616   4.61590026  0.0
 2.74634900   4.65601558  0.0
 2.74636152   4.65601877  0.0
 2.89779314   4.69288201  0.0
 2.89780815   4.69288546  0.0
 3.05013413   4.72584824  0.0
 3.05015130   4.72585170  0.0
 3.20337316   4.75435530  0.0
 3.20339211   4.75435851  0.0
 3.35744822   4.77793979  0.0
 3.35746989   4.77794270  0.0
 3.51227885   4.79589557  0.0
 3.51230258   4.79589785  0.0
 3.66770196   4.80768725  0.0
 3.66772725   4.80768864  0.0
 3.82348540   4.81290789  0.0
 3.82351261   4.81290819  0.0
 3.97934331   4.81105859  0.0
 3.97937399   4.81105744  0.0
 4.13490307   4.80123929  0.0
 4.13493956   4.80123586  0.0
 4.28956596   4.78193955  0.0
 4.28960727   4.78193293  0.0
 4.44180000   4.75204729  0.0
;;

