# exterior:
# ---------
 0.83600000   0.76346666  0.0
 0.99555295   0.73747275  0.0
 1.16693714   0.70689734  0.0
 1.33826822   0.67403211  0.0
 1.50967154   0.63918589  0.0
 1.68108139   0.60252590  0.0
 1.85243450   0.56431532  0.0
 1.96762978   0.53773013  0.0
 1.96762978   0.47615302  0.0
 1.83915870   0.50580205  0.0
 1.66827742   0.54390742  0.0
 1.49742020   0.58044921  0.0
 1.32663949   0.61516886  0.0
 1.15601614   0.64789833  0.0
 0.98545958   0.67832608  0.0
 0.83600000   0.70267561  0.0
 0.83600000   0.76346666  0.0
;;

