# exterior:
# ---------
 2.05862978  -0.12258688  0.0
 2.05862978   0.44970239  0.0
 2.18014855   0.42087870  0.0
 2.35123919   0.37948581  0.0
 2.51988604   0.33788882  0.0
 2.68183797   0.29716654  0.0
 2.83713075   0.25764973  0.0
 2.98575138   0.21953760  0.0
 3.01687122   0.21147658  0.0
 3.01734101   0.21137868  0.0
 3.01781803   0.21132627  0.0
 3.01829787   0.21131983  0.0
 3.01877611   0.21135941  0.0
 3.01924836   0.21144467  0.0
 3.01971027   0.21157480  0.0
 3.02015756   0.21174861  0.0
 3.02058614   0.21196451  0.0
 3.02099205   0.21222049  0.0
 3.02137154   0.21251421  0.0
 3.02172113   0.21284296  0.0
 3.02203760   0.21320371  0.0
 3.02231802   0.21359313  0.0
 3.02255982   0.21400764  0.0
 3.02276077   0.21444343  0.0
 3.02291901   0.21489647  0.0
 3.02303310   0.21536259  0.0
 3.02310197   0.21583751  0.0
 3.02312500   0.21631684  0.0
 3.02312500   0.24601180  0.0
 3.13642686   0.21666308  0.0
 3.27163547   0.18135075  0.0
 3.40016855   0.14759797  0.0
 3.52200775   0.11542239  0.0
 3.63706963   0.08481632  0.0
 3.64270447   0.08329966  0.0
 3.59369143   0.08910569  0.0
 3.59366456   0.08910880  0.0
 3.59355704   0.08912094  0.0
 3.59353016   0.08912391  0.0
 3.59320743   0.08915860  0.0
 3.59318053   0.08916142  0.0
 3.59307289   0.08917240  0.0
 3.59304597   0.08917508  0.0
 3.59280475   0.08919837  0.0
 3.59277782   0.08920090  0.0
 3.59267007   0.08921071  0.0
 3.59264313   0.08921310  0.0
 3.59231973   0.08924080  0.0
 3.59229277   0.08924303  0.0
 3.59218492   0.08925168  0.0
 3.59215795   0.08925377  0.0
 3.47367148   0.09811294  0.0
 3.47364121   0.09811511  0.0
 3.47352010   0.09812342  0.0
 3.47348982   0.09812541  0.0
 3.47312635   0.09814815  0.0
 3.47309605   0.09814996  0.0
 3.47297485   0.09815680  0.0
 3.47294454   0.09815842  0.0
 3.47267299   0.09817211  0.0
 3.47264267   0.09817354  0.0
 3.47252140   0.09817892  0.0
 3.47249107   0.09818017  0.0
 3.47212716   0.09819408  0.0
 3.47209683   0.09819515  0.0
 3.47197550   0.09819905  0.0
 3.47194516   0.09819993  0.0
 3.34670824   0.10146586  0.0
 3.34667758   0.10146657  0.0
 3.34655493   0.10146902  0.0
 3.34652427   0.10146953  0.0
 3.34615629   0.10147461  0.0
 3.34612562   0.10147494  0.0
 3.34600295   0.10147588  0.0
 3.34597228   0.10147602  0.0
 3.34569752   0.10147645  0.0
 3.34566685   0.10147640  0.0
 3.34554417   0.10147584  0.0
 3.34551351   0.10147560  0.0
 3.34514551   0.10147165  0.0
 3.34511485   0.10147123  0.0
 3.34499219   0.10146916  0.0
 3.34496153   0.10146855  0.0
 3.21303845   0.09843406  0.0
 3.21300808   0.09843327  0.0
 3.21288664   0.09842974  0.0
 3.21285628   0.09842876  0.0
 3.21249202   0.09841595  0.0
 3.21246166   0.09841480  0.0
 3.21234027   0.09840979  0.0
 3.21230992   0.09840844  0.0
 3.21203810   0.09839558  0.0
 3.21200776   0.09839405  0.0
 3.21188644   0.09838757  0.0
 3.21185611   0.09838586  0.0
 3.21149227   0.09836420  0.0
 3.21146195   0.09836230  0.0
 3.21134071   0.09835435  0.0
 3.21131041   0.09835227  0.0
 3.07263688   0.08840660  0.0
 3.07260658   0.08840434  0.0
 3.07248543   0.08839491  0.0
 3.07245515   0.08839246  0.0
 3.07209188   0.08836197  0.0
 3.07206162   0.08835933  0.0
 3.07194059   0.08834843  0.0
 3.07191034   0.08834562  0.0
 3.07163942   0.08831955  0.0
 3.07160918   0.08831655  0.0
 3.07148830   0.08830418  0.0
 3.07145809   0.08830100  0.0
 3.07109566   0.08826168  0.0
 3.07106547   0.08825832  0.0
 3.07094474   0.08824448  0.0
 3.07091457   0.08824093  0.0
 3.02312500   0.08246855  0.0
 3.02312500   0.11208267  0.0
 3.02310028   0.11257920  0.0
 3.02302638   0.11307083  0.0
 3.02290402   0.11355268  0.0
 3.02273442   0.11402000  0.0
 3.02251924   0.11446817  0.0
 3.02226062   0.11489276  0.0
 3.02196112   0.11528956  0.0
 3.02162369   0.11565467  0.0
 3.02125167   0.11598445  0.0
 3.02084874   0.11627566  0.0
 3.02041889   0.11652542  0.0
 3.01996635   0.11673126  0.0
 3.01949562   0.11689114  0.0
 3.01901133   0.11700348  0.0
 3.01851828   0.11706718  0.0
 3.01802134   0.11708159  0.0
 3.01752542   0.11704659  0.0
 2.92135783   0.10543077  0.0
 2.92129758   0.10542312  0.0
 2.91985273   0.10523077  0.0
 2.91979258   0.10522239  0.0
 2.91952335   0.10518321  0.0
 2.91946330   0.10517410  0.0
 2.91802355   0.10494671  0.0
 2.91796362   0.10493687  0.0
 2.76585348   0.07901514  0.0
 2.76579527   0.07900487  0.0
 2.76439978   0.07875004  0.0
 2.76434170   0.07873908  0.0
 2.76408181   0.07868844  0.0
 2.76402386   0.07867679  0.0
 2.76263478   0.07838905  0.0
 2.76257697   0.07837672  0.0
 2.60371638   0.04350583  0.0
 2.60366354   0.04349392  0.0
 2.60239674   0.04320143  0.0
 2.60234402   0.04318896  0.0
 2.60210817   0.04313181  0.0
 2.60205559   0.04311876  0.0
 2.60079543   0.04279889  0.0
 2.60074300   0.04278528  0.0
 2.43519625  -0.00115051  0.0
 2.43515231  -0.00116238  0.0
 2.43409906  -0.00145220  0.0
 2.43405523  -0.00146448  0.0
 2.43385914  -0.00152036  0.0
 2.43381542  -0.00153303  0.0
 2.43276762  -0.00184198  0.0
 2.43272402  -0.00185505  0.0
 2.26171262  -0.05397495  0.0
 2.26167985  -0.05398507  0.0
 2.26089416  -0.05423042  0.0
 2.26086146  -0.05424076  0.0
 2.26071512  -0.05428756  0.0
 2.26068249  -0.05429812  0.0
 2.25990025  -0.05455424  0.0
 2.25986769  -0.05456502  0.0
 2.08840626  -0.11200814  0.0
 2.08838438  -0.11201552  0.0
 2.08785961  -0.11219403  0.0
 2.08783776  -0.11220152  0.0
 2.08773996  -0.11223529  0.0
 2.08771815  -0.11224288  0.0
 2.08719505  -0.11242623  0.0
 2.08717327  -0.11243392  0.0
 2.05862978  -0.12258688  0.0
;;

# interior:
# ---------
 2.06362978  -0.11550148  0.0
 2.08549762  -0.10772306  0.0
 2.08550850  -0.10771921  0.0
 2.08553028  -0.10771152  0.0
 2.08554117  -0.10770768  0.0
 2.08606427  -0.10752434  0.0
 2.08607517  -0.10752053  0.0
 2.08609698  -0.10751294  0.0
 2.08610789  -0.10750916  0.0
 2.08620569  -0.10747539  0.0
 2.08621661  -0.10747163  0.0
 2.08623846  -0.10746414  0.0
 2.08624939  -0.10746041  0.0
 2.08677416  -0.10728190  0.0
 2.08678509  -0.10727819  0.0
 2.08680698  -0.10727081  0.0
 2.08681792  -0.10726713  0.0
 2.25827935  -0.04982401  0.0
 2.25829562  -0.04981859  0.0
 2.25832818  -0.04980781  0.0
 2.25834447  -0.04980244  0.0
 2.25912671  -0.04954633  0.0
 2.25914302  -0.04954102  0.0
 2.25917565  -0.04953046  0.0
 2.25919197  -0.04952521  0.0
 2.25933831  -0.04947841  0.0
 2.25935466  -0.04947321  0.0
 2.25938736  -0.04946287  0.0
 2.25940372  -0.04945774  0.0
 2.26018940  -0.04921238  0.0
 2.26020578  -0.04920729  0.0
 2.26023855  -0.04919718  0.0
 2.26025495  -0.04919215  0.0
 2.43126635   0.00292775  0.0
 2.43128813   0.00293433  0.0
 2.43133173   0.00294741  0.0
 2.43135355   0.00295389  0.0
 2.43240134   0.00326284  0.0
 2.43242319   0.00326922  0.0
 2.43246690   0.00328190  0.0
 2.43248878   0.00328819  0.0
 2.43268487   0.00334407  0.0
 2.43270677   0.00335026  0.0
 2.43275060   0.00336253  0.0
 2.43277253   0.00336862  0.0
 2.43382578   0.00365844  0.0
 2.43384774   0.00366443  0.0
 2.43389168   0.00367630  0.0
 2.43391366   0.00368219  0.0
 2.59946041   0.04761798  0.0
 2.59948661   0.04762485  0.0
 2.59953904   0.04763847  0.0
 2.59956528   0.04764520  0.0
 2.60082544   0.04796507  0.0
 2.60085171   0.04797167  0.0
 2.60090429   0.04798471  0.0
 2.60093060   0.04799116  0.0
 2.60116645   0.04804831  0.0
 2.60119279   0.04805462  0.0
 2.60124551   0.04806709  0.0
 2.60127188   0.04807326  0.0
 2.60253868   0.04836575  0.0
 2.60256509   0.04837177  0.0
 2.60261794   0.04838367  0.0
 2.60264438   0.04838955  0.0
 2.76150497   0.08326045  0.0
 2.76153385   0.08326670  0.0
 2.76159166   0.08327903  0.0
 2.76162058   0.08328511  0.0
 2.76300966   0.08357285  0.0
 2.76303861   0.08357876  0.0
 2.76309656   0.08359041  0.0
 2.76312555   0.08359615  0.0
 2.76338545   0.08364679  0.0
 2.76341447   0.08365235  0.0
 2.76347256   0.08366332  0.0
 2.76350161   0.08366871  0.0
 2.76489710   0.08392353  0.0
 2.76492619   0.08392876  0.0
 2.76498440   0.08393903  0.0
 2.76501352   0.08394408  0.0
 2.91712366   0.10986581  0.0
 2.91715361   0.10987082  0.0
 2.91721354   0.10988066  0.0
 2.91724352   0.10988549  0.0
 2.91868327   0.11011288  0.0
 2.91871328   0.11011753  0.0
 2.91877333   0.11012664  0.0
 2.91880337   0.11013110  0.0
 2.91907260   0.11017028  0.0
 2.91910266   0.11017456  0.0
 2.91916282   0.11018294  0.0
 2.91919290   0.11018704  0.0
 2.92063775   0.11037939  0.0
 2.92066787   0.11038331  0.0
 2.92072812   0.11039096  0.0
 2.92075826   0.11039469  0.0
 3.01692584   0.12201051  0.0
 3.01717337   0.12203418  0.0
 3.01766928   0.12206918  0.0
 3.01816632   0.12207949  0.0
 3.01866326   0.12206508  0.0
 3.01915887   0.12202597  0.0
 3.01965192   0.12196228  0.0
 3.02014119   0.12187415  0.0
 3.02062548   0.12176181  0.0
 3.02110359   0.12162553  0.0
 3.02157433   0.12146565  0.0
 3.02203653   0.12128256  0.0
 3.02248907   0.12107673  0.0
 3.02293081   0.12084865  0.0
 3.02336067   0.12059889  0.0
 3.02377758   0.12032806  0.0
 3.02418050   0.12003685  0.0
 3.02456846   0.11972597  0.0
 3.02494047   0.11939618  0.0
 3.02529564   0.11904831  0.0
 3.02563307   0.11868321  0.0
 3.02595193   0.11830178  0.0
 3.02625143   0.11790498  0.0
 3.02653084   0.11749378  0.0
 3.02678946   0.11706919  0.0
 3.02702665   0.11663227  0.0
 3.02724182   0.11618410  0.0
 3.02743445   0.11572579  0.0
 3.02760405   0.11525847  0.0
 3.02775022   0.11478329  0.0
 3.02787258   0.11430143  0.0
 3.02797083   0.11381409  0.0
 3.02804473   0.11332247  0.0
 3.02809410   0.11282778  0.0
 3.02811882   0.11233124  0.0
 3.02812500   0.11208267  0.0
 3.02812500   0.08810883  0.0
 3.07031499   0.09320485  0.0
 3.07033008   0.09320664  0.0
 3.07036025   0.09321020  0.0
 3.07037534   0.09321195  0.0
 3.07049606   0.09322579  0.0
 3.07051116   0.09322749  0.0
 3.07054135   0.09323086  0.0
 3.07055645   0.09323252  0.0
 3.07091887   0.09327184  0.0
 3.07093397   0.09327345  0.0
 3.07096419   0.09327664  0.0
 3.07097930   0.09327821  0.0
 3.07110018   0.09329058  0.0
 3.07111530   0.09329210  0.0
 3.07114553   0.09329510  0.0
 3.07116064   0.09329658  0.0
 3.07143157   0.09332264  0.0
 3.07144669   0.09332407  0.0
 3.07147694   0.09332689  0.0
 3.07149207   0.09332827  0.0
 3.07161309   0.09333917  0.0
 3.07162823   0.09334051  0.0
 3.07165849   0.09334315  0.0
 3.07167363   0.09334444  0.0
 3.07203690   0.09337494  0.0
 3.07205203   0.09337618  0.0
 3.07208231   0.09337863  0.0
 3.07209746   0.09337984  0.0
 3.07221861   0.09338926  0.0
 3.07223375   0.09339042  0.0
 3.07226405   0.09339269  0.0
 3.07227920   0.09339379  0.0
 3.21095273   0.10333946  0.0
 3.21096788   0.10334052  0.0
 3.21099818   0.10334260  0.0
 3.21101334   0.10334362  0.0
 3.21113457   0.10335157  0.0
 3.21114973   0.10335255  0.0
 3.21118004   0.10335444  0.0
 3.21119520   0.10335537  0.0
 3.21155905   0.10337702  0.0
 3.21157421   0.10337790  0.0
 3.21160453   0.10337962  0.0
 3.21161970   0.10338045  0.0
 3.21174102   0.10338693  0.0
 3.21175619   0.10338772  0.0
 3.21178653   0.10338925  0.0
 3.21180170   0.10338999  0.0
 3.21207352   0.10340285  0.0
 3.21208869   0.10340355  0.0
 3.21211904   0.10340489  0.0
 3.21213421   0.10340554  0.0
 3.21225561   0.10341055  0.0
 3.21227078   0.10341115  0.0
 3.21230114   0.10341231  0.0
 3.21231631   0.10341287  0.0
 3.21268057   0.10342568  0.0
 3.21269575   0.10342619  0.0
 3.21272611   0.10342716  0.0
 3.21274129   0.10342763  0.0
 3.21286274   0.10343116  0.0
 3.21287792   0.10343158  0.0
 3.21290829   0.10343237  0.0
 3.21292347   0.10343274  0.0
 3.34484655   0.10646723  0.0
 3.34486188   0.10646756  0.0
 3.34489254   0.10646817  0.0
 3.34490787   0.10646845  0.0
 3.34503053   0.10647052  0.0
 3.34504586   0.10647075  0.0
 3.34507653   0.10647118  0.0
 3.34509186   0.10647136  0.0
 3.34545986   0.10647531  0.0
 3.34547519   0.10647545  0.0
 3.34550586   0.10647569  0.0
 3.34552119   0.10647578  0.0
 3.34564386   0.10647635  0.0
 3.34565920   0.10647639  0.0
 3.34568987   0.10647644  0.0
 3.34570520   0.10647644  0.0
 3.34597997   0.10647602  0.0
 3.34599530   0.10647597  0.0
 3.34602597   0.10647583  0.0
 3.34604130   0.10647574  0.0
 3.34616397   0.10647480  0.0
 3.34617931   0.10647465  0.0
 3.34620997   0.10647432  0.0
 3.34622531   0.10647414  0.0
 3.34659329   0.10646906  0.0
 3.34660862   0.10646882  0.0
 3.34663929   0.10646830  0.0
 3.34665462   0.10646802  0.0
 3.34677727   0.10646558  0.0
 3.34679260   0.10646525  0.0
 3.34682326   0.10646454  0.0
 3.34683859   0.10646416  0.0
 3.47207551   0.10319823  0.0
 3.47209068   0.10319781  0.0
 3.47212101   0.10319693  0.0
 3.47213618   0.10319647  0.0
 3.47225751   0.10319257  0.0
 3.47227268   0.10319205  0.0
 3.47230301   0.10319099  0.0
 3.47231817   0.10319043  0.0
 3.47268209   0.10317652  0.0
 3.47269725   0.10317592  0.0
 3.47272757   0.10317466  0.0
 3.47274273   0.10317401  0.0
 3.47286401   0.10316864  0.0
 3.47287917   0.10316795  0.0
 3.47290948   0.10316651  0.0
 3.47292464   0.10316577  0.0
 3.47319619   0.10315209  0.0
 3.47321135   0.10315130  0.0
 3.47324165   0.10314968  0.0
 3.47325681   0.10314885  0.0
 3.47337801   0.10314200  0.0
 3.47339316   0.10314112  0.0
 3.47342345   0.10313932  0.0
 3.47343860   0.10313839  0.0
 3.47380207   0.10311565  0.0
 3.47381721   0.10311468  0.0
 3.47384749   0.10311269  0.0
 3.47386264   0.10311168  0.0
 3.47398375   0.10310336  0.0
 3.47399888   0.10310230  0.0
 3.47402915   0.10310013  0.0
 3.47404429   0.10309902  0.0
 3.57814887   0.09531518  0.0
 3.52072678   0.11058926  0.0
 3.39889526   0.14276281  0.0
 3.27036876   0.17651387  0.0
 3.13516823   0.21182408  0.0
 3.02812500   0.23955162  0.0
 3.02812500   0.21631684  0.0
 3.02811924   0.21607690  0.0
 3.02809621   0.21559757  0.0
 3.02805021   0.21511989  0.0
 3.02798133   0.21464498  0.0
 3.02788975   0.21417391  0.0
 3.02777566   0.21370779  0.0
 3.02763934   0.21324768  0.0
 3.02748109   0.21279464  0.0
 3.02730129   0.21234971  0.0
 3.02710034   0.21191393  0.0
 3.02687871   0.21148829  0.0
 3.02663691   0.21107377  0.0
 3.02637550   0.21067134  0.0
 3.02609508   0.21028192  0.0
 3.02579629   0.20990640  0.0
 3.02547983   0.20954565  0.0
 3.02514642   0.20920051  0.0
 3.02479683   0.20887176  0.0
 3.02443186   0.20856017  0.0
 3.02405237   0.20826645  0.0
 3.02365921   0.20799128  0.0
 3.02325331   0.20773530  0.0
 3.02283559   0.20749908  0.0
 3.02240701   0.20728319  0.0
 3.02196857   0.20708811  0.0
 3.02152127   0.20691430  0.0
 3.02106614   0.20676215  0.0
 3.02060424   0.20663202  0.0
 3.02013663   0.20652420  0.0
 3.01966438   0.20643895  0.0
 3.01918858   0.20637646  0.0
 3.01871033   0.20633687  0.0
 3.01823073   0.20632028  0.0
 3.01775090   0.20632672  0.0
 3.01727192   0.20635618  0.0
 3.01679490   0.20640860  0.0
 3.01632096   0.20648384  0.0
 3.01585117   0.20658174  0.0
 3.01561745   0.20663633  0.0
 2.98450348   0.21469582  0.0
 2.83589323   0.25280530  0.0
 2.68061181   0.29231921  0.0
 2.51867771   0.33303701  0.0
 2.35005262   0.37462863  0.0
 2.17898369   0.41601627  0.0
 2.06362978   0.44337769  0.0
 2.06362978  -0.11550148  0.0
;;

