# exterior:
# ---------
 0.84100000  -0.54521491  0.0
 0.84100000   0.69679510  0.0
 0.98461846   0.67339720  0.0
 1.15510606   0.64298175  0.0
 1.32567043   0.61026359  0.0
 1.49639925   0.57555449  0.0
 1.66721042   0.53902254  0.0
 1.83805239   0.50092594  0.0
 1.96262978   0.47217551  0.0
 1.96262978  -0.15673422  0.0
 1.91577613  -0.17340013  0.0
 1.91576413  -0.17340441  0.0
 1.91547622  -0.17350765  0.0
 1.91546423  -0.17351197  0.0
 1.91541053  -0.17353138  0.0
 1.91539855  -0.17353573  0.0
 1.91511117  -0.17364043  0.0
 1.91509920  -0.17364481  0.0
 1.74363517  -0.23661139  0.0
 1.74357030  -0.23663525  0.0
 1.74355609  -0.23664049  0.0
 1.74349124  -0.23666443  0.0
 1.57221078  -0.29999389  0.0
 1.40137851  -0.36209840  0.0
 1.23084028  -0.42187310  0.0
 1.06059945  -0.47847323  0.0
 0.89073010  -0.53114802  0.0
 0.84100000  -0.54521491  0.0
;;

# interior:
# ---------
 0.84600000  -0.53860441  0.0
 0.88930897  -0.52635383  0.0
 1.05907013  -0.47371259  0.0
 1.22922451  -0.41714120  0.0
 1.39969736  -0.35738941  0.0
 1.57048962  -0.29529944  0.0
 1.74175981  -0.23197379  0.0
 1.74182706  -0.23194896  0.0
 1.74184406  -0.23194270  0.0
 1.74191157  -0.23191786  0.0
 1.91337560  -0.16895128  0.0
 1.91338158  -0.16894909  0.0
 1.91339355  -0.16894471  0.0
 1.91339954  -0.16894253  0.0
 1.91368692  -0.16883782  0.0
 1.91369291  -0.16883564  0.0
 1.91370489  -0.16883130  0.0
 1.91371088  -0.16882913  0.0
 1.91376458  -0.16880972  0.0
 1.91377057  -0.16880755  0.0
 1.91378256  -0.16880324  0.0
 1.91378856  -0.16880108  0.0
 1.91407647  -0.16869784  0.0
 1.91408247  -0.16869570  0.0
 1.91409447  -0.16869141  0.0
 1.91410048  -0.16868927  0.0
 1.95762978  -0.15320584  0.0
 1.95762978   0.46819801  0.0
 1.83694607   0.49604983  0.0
 1.66614343   0.53413767  0.0
 1.49537831   0.57065976  0.0
 1.32470137   0.60535832  0.0
 1.15419597   0.63806516  0.0
 0.98377735   0.66846831  0.0
 0.84600000   0.69091460  0.0
 0.84600000  -0.53860441  0.0
;;

