# exterior:
# ---------
-0.75000000   0.81266030  0.0
-0.71719279   0.81764849  0.0
-0.54595085   0.83687870  0.0
-0.37471809   0.84923160  0.0
-0.20355990   0.85436121  0.0
-0.03232325   0.85207548  0.0
 0.13895629   0.84345050  0.0
 0.31020457   0.82999986  0.0
 0.48153218   0.81217973  0.0
 0.65287883   0.79040001  0.0
 0.75000000   0.77622163  0.0
 0.75000000   0.66404505  0.0
 0.63786202   0.68041568  0.0
 0.46879059   0.70190620  0.0
 0.30011543   0.71945044  0.0
 0.13181781   0.73266932  0.0
-0.03585646   0.74111276  0.0
-0.20263765   0.74333901  0.0
-0.36905956   0.73835134  0.0
-0.53575974   0.72632543  0.0
-0.70265097   0.70758380  0.0
-0.75000000   0.70038460  0.0
-0.75000000   0.81266030  0.0
;;

