# exterior:
# ---------
 4.01252500  -0.00744133  0.0
 3.99734444  -0.00446327  0.0
 3.99729958  -0.00445466  0.0
 3.90568633   0.01274292  0.0
 3.90562242   0.01275453  0.0
 3.80732301   0.03002926  0.0
 3.80719670   0.03004997  0.0
 3.70214684   0.04604532  0.0
 3.70196264   0.04607025  0.0
 3.59016233   0.05931399  0.0
 3.58992111   0.05933728  0.0
 3.47143464   0.06819644  0.0
 3.47116309   0.06821013  0.0
 3.34592617   0.07147606  0.0
 3.34565140   0.07147648  0.0
 3.21372832   0.06844199  0.0
 3.21345650   0.06842913  0.0
 3.07478297   0.05848346  0.0
 3.07451204   0.05845740  0.0
 3.01812500   0.05164657  0.0
 3.01812500   0.06675559  0.0
 3.07271331   0.07334916  0.0
 3.07307573   0.07338848  0.0
 3.07334665   0.07341454  0.0
 3.07370992   0.07344503  0.0
 3.21238345   0.08339070  0.0
 3.21274730   0.08341235  0.0
 3.21301912   0.08342522  0.0
 3.21338339   0.08343803  0.0
 3.34530647   0.08647252  0.0
 3.34567446   0.08647646  0.0
 3.34594922   0.08647604  0.0
 3.34631720   0.08647096  0.0
 3.47155412   0.08320503  0.0
 3.47191804   0.08319112  0.0
 3.47218959   0.08317743  0.0
 3.47255306   0.08315469  0.0
 3.59103953   0.07429553  0.0
 3.59136293   0.07426783  0.0
 3.59160415   0.07424453  0.0
 3.59192688   0.07420984  0.0
 3.70372719   0.06096610  0.0
 3.70397416   0.06093476  0.0
 3.70415837   0.06090983  0.0
 3.70440479   0.06087440  0.0
 3.80945465   0.04487905  0.0
 3.80962396   0.04485228  0.0
 3.80975026   0.04483157  0.0
 3.80991926   0.04480286  0.0
 3.89003603   0.03072348  0.0
 3.85076395   0.04208234  0.0
 3.74924206   0.07015808  0.0
 3.64094688   0.09930657  0.0
 3.52585066   0.12992178  0.0
 3.40398844   0.16210343  0.0
 3.27543558   0.19586141  0.0
 3.14020272   0.23118007  0.0
 3.01812500   0.26280202  0.0
 3.01812500   0.27829707  0.0
 3.14397859   0.24569706  0.0
 3.27923570   0.21037207  0.0
 3.40780832   0.17660890  0.0
 3.52969356   0.14442117  0.0
 3.64482413   0.11379682  0.0
 3.75319050   0.08462917  0.0
 3.85484701   0.05651620  0.0
 3.94975000   0.02906694  0.0
 3.97241424   0.02231261  0.0
 3.99463493   0.01561429  0.0
 4.01252500   0.01011047  0.0
 4.01252500  -0.00744133  0.0
;;

