# exterior:
# ---------
 3.89003603   0.03072348  0.0
 3.80991926   0.04480286  0.0
 3.80975026   0.04483157  0.0
 3.80962396   0.04485228  0.0
 3.80945465   0.04487905  0.0
 3.70440479   0.06087440  0.0
 3.70415837   0.06090983  0.0
 3.70397416   0.06093476  0.0
 3.70372719   0.06096610  0.0
 3.59192688   0.07420984  0.0
 3.59160415   0.07424453  0.0
 3.59136293   0.07426783  0.0
 3.59103953   0.07429553  0.0
 3.47255306   0.08315469  0.0
 3.47218959   0.08317743  0.0
 3.47191804   0.08319112  0.0
 3.47155412   0.08320503  0.0
 3.34631720   0.08647096  0.0
 3.34594922   0.08647604  0.0
 3.34567446   0.08647646  0.0
 3.34530647   0.08647252  0.0
 3.21338339   0.08343803  0.0
 3.21301912   0.08342522  0.0
 3.21274730   0.08341235  0.0
 3.21238345   0.08339070  0.0
 3.07370992   0.07344503  0.0
 3.07334665   0.07341454  0.0
 3.07307573   0.07338848  0.0
 3.07271331   0.07334916  0.0
 3.01812500   0.06675559  0.0
 3.01812500   0.07682828  0.0
 3.07151415   0.08327700  0.0
 3.07163488   0.08329084  0.0
 3.07199730   0.08333016  0.0
 3.07211819   0.08334253  0.0
 3.07238911   0.08336859  0.0
 3.07251014   0.08337949  0.0
 3.07287341   0.08340999  0.0
 3.07299456   0.08341941  0.0
 3.21166809   0.09336508  0.0
 3.21178933   0.09337303  0.0
 3.21215317   0.09339469  0.0
 3.21227450   0.09340117  0.0
 3.21254632   0.09341404  0.0
 3.21266772   0.09341904  0.0
 3.21303198   0.09343185  0.0
 3.21315343   0.09343538  0.0
 3.34507651   0.09646987  0.0
 3.34519916   0.09647194  0.0
 3.34556716   0.09647589  0.0
 3.34568983   0.09647645  0.0
 3.34596460   0.09647603  0.0
 3.34608727   0.09647509  0.0
 3.34645525   0.09647001  0.0
 3.34657790   0.09646756  0.0
 3.47181482   0.09320163  0.0
 3.47193615   0.09319773  0.0
 3.47230006   0.09318382  0.0
 3.47242134   0.09317844  0.0
 3.47269289   0.09316476  0.0
 3.47281410   0.09315791  0.0
 3.47317756   0.09313517  0.0
 3.47329867   0.09312685  0.0
 3.59178514   0.08426769  0.0
 3.59189300   0.08425904  0.0
 3.59221640   0.08423134  0.0
 3.59232415   0.08422152  0.0
 3.59256537   0.08419823  0.0
 3.59267301   0.08418724  0.0
 3.59299573   0.08415255  0.0
 3.59310324   0.08414041  0.0
 3.70490355   0.07089667  0.0
 3.70498592   0.07088656  0.0
 3.70523290   0.07085522  0.0
 3.70531518   0.07084444  0.0
 3.70549938   0.07081951  0.0
 3.70558157   0.07080804  0.0
 3.70582799   0.07077261  0.0
 3.70591008   0.07076046  0.0
 3.71194008   0.06984230  0.0
 3.63836205   0.08964640  0.0
 3.52328872   0.12025552  0.0
 3.40144185   0.15243312  0.0
 3.27290217   0.18618764  0.0
 3.13768548   0.22150208  0.0
 3.01812500   0.25247198  0.0
 3.01812500   0.26280202  0.0
 3.14020272   0.23118007  0.0
 3.27543558   0.19586141  0.0
 3.40398844   0.16210343  0.0
 3.52585066   0.12992178  0.0
 3.64094688   0.09930657  0.0
 3.74924206   0.07015808  0.0
 3.85076395   0.04208234  0.0
 3.89003603   0.03072348  0.0
;;

