# exterior:
# ---------
 0.83600000   0.45864999  0.0
 0.99397451   0.43182570  0.0
 0.99959499   0.43079150  0.0
 1.21492375   0.38816072  0.0
 1.22240980   0.38656878  0.0
 1.43590914   0.33922960  0.0
 1.44450378   0.33722932  0.0
 1.65692419   0.28599552  0.0
 1.66583385   0.28380224  0.0
 1.76375000   0.25880737  0.0
 1.76375000   0.22784536  0.0
 1.65853816   0.25470259  0.0
 1.64982165   0.25684833  0.0
 1.43758649   0.30803744  0.0
 1.42926170   0.30997493  0.0
 1.21604256   0.35725198  0.0
 1.20889025   0.35877294  0.0
 0.99396706   0.40132343  0.0
 0.98874866   0.40228365  0.0
 0.83600000   0.42822058  0.0
 0.83600000   0.45864999  0.0
;;

