# exterior:
# ---------
 1.76375000  -0.03614205  0.0
 1.65825000  -0.05046829  0.0
 1.64930429  -0.05177278  0.0
 1.43715000  -0.08341219  0.0
 1.42850499  -0.08472994  0.0
 1.21605000  -0.11745274  0.0
 1.20850165  -0.11864668  0.0
 0.99495000  -0.15126778  0.0
 0.98925446  -0.15210353  0.0
 0.83600000  -0.17433411  0.0
 0.83600000  -0.17372784  0.0
 0.98916784  -0.15150982  0.0
 0.99486114  -0.15067439  0.0
 1.20840948  -0.11805380  0.0
 1.21595626  -0.11686011  0.0
 1.21595866  -0.11685973  0.0
 1.42841365  -0.08413693  0.0
 1.42841458  -0.08413679  0.0
 1.43705959  -0.08281904  0.0
 1.43706150  -0.08281875  0.0
 1.64921579  -0.05117934  0.0
 1.64921772  -0.05117906  0.0
 1.65816342  -0.04987457  0.0
 1.65816926  -0.04987374  0.0
 1.76375000  -0.03553654  0.0
 1.76375000  -0.03614205  0.0
;;

