# exterior:
# ---------
 0.75000000  -0.18587542  0.0
 0.55267826  -0.21172218  0.0
 0.33524427  -0.23561326  0.0
 0.33159660  -0.23597935  0.0
 0.11816426  -0.25270232  0.0
 0.11052345  -0.25313048  0.0
-0.09882263  -0.25994435  0.0
-0.11055135  -0.26007246  0.0
-0.31593021  -0.25875476  0.0
-0.33163291  -0.25841446  0.0
-0.53328516  -0.25129092  0.0
-0.55271527  -0.25030969  0.0
-0.75000000  -0.23739253  0.0
-0.75000000  -0.23238182  0.0
-0.55242582  -0.24531794  0.0
-0.53307080  -0.24629537  0.0
-0.33149047  -0.25341637  0.0
-0.31586000  -0.25375511  0.0
-0.11056262  -0.25507228  0.0
-0.09893127  -0.25494524  0.0
 0.11030222  -0.24813504  0.0
 0.11782906  -0.24771326  0.0
 0.33115161  -0.23099889  0.0
 0.33472155  -0.23064060  0.0
 0.55208045  -0.20675777  0.0
 0.75000000  -0.18083271  0.0
 0.75000000  -0.18587542  0.0
;;

