# exterior:
# ---------
 0.83600000   0.46372156  0.0
 0.99484548   0.43674938  0.0
 1.00053298   0.43570285  0.0
 1.21592933   0.39305868  0.0
 1.22347101   0.39145492  0.0
 1.43701705   0.34410538  0.0
 1.44565666   0.34209463  0.0
 1.65810795   0.29085339  0.0
 1.66704979   0.28865218  0.0
 1.76375000   0.26396770  0.0
 1.76375000   0.25880737  0.0
 1.66583385   0.28380224  0.0
 1.65692419   0.28599552  0.0
 1.44450378   0.33722932  0.0
 1.43590914   0.33922960  0.0
 1.22240980   0.38656878  0.0
 1.21492375   0.38816072  0.0
 0.99959499   0.43079150  0.0
 0.99397451   0.43182570  0.0
 0.83600000   0.45864999  0.0
 0.83600000   0.46372156  0.0
;;

