# exterior:
# ---------
 2.45493622   0.02294735  0.0
 2.32155000   0.02059768  0.0
 2.31648239   0.02031467  0.0
 2.10045000   0.00406382  0.0
 2.09333942   0.00340052  0.0
 1.87935000  -0.02055346  0.0
 1.87092609  -0.02158820  0.0
 1.76375000  -0.03614205  0.0
 1.76375000  -0.03553654  0.0
 1.87084535  -0.02099366  0.0
 1.87085294  -0.02099268  0.0
 1.87927685  -0.01995793  0.0
 1.87928325  -0.01995718  0.0
 2.09327268   0.00399679  0.0
 2.09328370   0.00399792  0.0
 2.10039427   0.00466122  0.0
 2.10040499   0.00466213  0.0
 2.31643738   0.02091298  0.0
 2.31644893   0.02091373  0.0
 2.32151654   0.02119674  0.0
 2.32153943   0.02119758  0.0
 2.45493622   0.02354744  0.0
 2.45493622   0.02294735  0.0
;;

