# exterior:
# ---------
 2.76315000   0.00066974  0.0
 2.54271571   0.02495719  0.0
 2.54267161   0.02496041  0.0
 2.54021740   0.02504885  0.0
 2.54018522   0.02504914  0.0
 2.32153943   0.02119758  0.0
 2.32151654   0.02119674  0.0
 2.31644893   0.02091373  0.0
 2.31643738   0.02091298  0.0
 2.10040499   0.00466213  0.0
 2.10039427   0.00466122  0.0
 2.09328370   0.00399792  0.0
 2.09327268   0.00399679  0.0
 1.87928325  -0.01995718  0.0
 1.87927685  -0.01995793  0.0
 1.87085294  -0.02099268  0.0
 1.87084535  -0.02099366  0.0
 1.65816926  -0.04987374  0.0
 1.65816342  -0.04987457  0.0
 1.64921772  -0.05117906  0.0
 1.64921579  -0.05117934  0.0
 1.43706150  -0.08281875  0.0
 1.43705959  -0.08281904  0.0
 1.42841458  -0.08413679  0.0
 1.42841365  -0.08413693  0.0
 1.21595866  -0.11685973  0.0
 1.21595626  -0.11686011  0.0
 1.20840948  -0.11805380  0.0
 0.99486114  -0.15067439  0.0
 0.98916784  -0.15150982  0.0
 0.77376731  -0.18275510  0.0
 0.77061853  -0.18317464  0.0
 0.55267826  -0.21172218  0.0
 0.33524427  -0.23561326  0.0
 0.33159660  -0.23597935  0.0
 0.11816426  -0.25270232  0.0
 0.11052345  -0.25313048  0.0
-0.09882263  -0.25994435  0.0
-0.11055135  -0.26007246  0.0
-0.31593021  -0.25875476  0.0
-0.33163291  -0.25841446  0.0
-0.53328516  -0.25129092  0.0
-0.55271527  -0.25030969  0.0
-0.75106386  -0.23732287  0.0
-0.77379642  -0.23548411  0.0
-0.96953877  -0.21621409  0.0
-0.99487345  -0.21324394  0.0
-1.18917929  -0.18602857  0.0
-1.21594626  -0.18155562  0.0
-1.29974138  -0.16613806  0.0
-1.32647151  -0.16067535  0.0
-1.41123165  -0.14082931  0.0
-1.43697921  -0.13384902  0.0
-1.52461995  -0.10554459  0.0
-1.54746347  -0.09670564  0.0
-1.58293327  -0.07997760  0.0
-1.60264446  -0.06803089  0.0
-1.60735169  -0.06466294  0.0
-1.62025321  -0.05421465  0.0
-1.62466399  -0.05016411  0.0
-1.63565439  -0.03858463  0.0
-1.65763441   0.00013099  0.0
-1.65105016   0.06777366  0.0
-1.64194903   0.08346827  0.0
-1.63566198   0.09237053  0.0
-1.62462954   0.10588306  0.0
-1.62229748   0.10846938  0.0
-1.60257069   0.12815642  0.0
-1.57021005   0.15499994  0.0
-1.54736305   0.17177089  0.0
-1.46261965   0.22471563  0.0
-1.43687793   0.23861121  0.0
-1.35309597   0.27866758  0.0
-1.32637078   0.29019194  0.0
-1.24261633   0.32333295  0.0
-1.21585691   0.33310261  0.0
-1.02012782   0.39473331  0.0
-0.99480186   0.40163919  0.0
-0.79646302   0.44864059  0.0
-0.77373789   0.45328901  0.0
-0.57209357   0.48875496  0.0
-0.55267004   0.49160486  0.0
-0.34729563   0.51670682  0.0
-0.33159909   0.51824864  0.0
-0.12225517   0.53334422  0.0
-0.11053210   0.53387849  0.0
 0.10289456   0.53689403  0.0
 0.11053023   0.53676169  0.0
 0.32795673   0.52619391  0.0
 0.33159923   0.52592965  0.0
 0.55268033   0.50441846  0.0
 0.77376488   0.47422715  0.0
 0.77690813   0.47375544  0.0
 0.99484548   0.43674938  0.0
 1.00053298   0.43570285  0.0
 1.21592933   0.39305868  0.0
 1.22347101   0.39145492  0.0
 1.43701705   0.34410538  0.0
 1.44565666   0.34209463  0.0
 1.65810795   0.29085339  0.0
 1.66704979   0.28865218  0.0
 1.87920049   0.23449687  0.0
 1.88762232   0.23231294  0.0
 2.10029722   0.17639264  0.0
 2.10740714   0.17451788  0.0
 2.32139543   0.11773528  0.0
 2.32646235   0.11637791  0.0
 2.32646480   0.11637726  0.0
 2.54249337   0.05948039  0.0
 2.54494378   0.05880046  0.0
 2.54496910   0.05879403  0.0
 2.76315000   0.00836686  0.0
 2.76315000   0.00066974  0.0
;;

# interior:
# ---------
 2.74276934   0.00794554  0.0
 2.54384315   0.05392245  0.0
 2.54373739   0.05394811  0.0
 2.54371208   0.05395454  0.0
 2.54360691   0.05398250  0.0
 2.54118815   0.05465365  0.0
 2.32519134   0.11154215  0.0
 2.32518116   0.11154485  0.0
 2.32517871   0.11154550  0.0
 2.32516853   0.11154821  0.0
 2.32010732   0.11290405  0.0
 2.10612853   0.16968413  0.0
 2.09902407   0.17155745  0.0
 1.88635904   0.22747515  0.0
 1.87795461   0.22965457  0.0
 1.66583385   0.28380224  0.0
 1.65692419   0.28599552  0.0
 1.44450378   0.33722932  0.0
 1.43590914   0.33922960  0.0
 1.22240980   0.38656878  0.0
 1.21492375   0.38816072  0.0
 0.99959499   0.43079150  0.0
 0.99397451   0.43182570  0.0
 0.77611853   0.46881795  0.0
 0.77305557   0.46927761  0.0
 0.55209975   0.49945133  0.0
 0.33117616   0.52094720  0.0
 0.32765442   0.52120271  0.0
 0.11036550   0.53176380  0.0
 0.10288655   0.53189341  0.0
-0.11038293   0.52888010  0.0
-0.12196149   0.52835241  0.0
-0.33117482   0.51326625  0.0
-0.34674786   0.51173656  0.0
-0.55200371   0.48664909  0.0
-0.57129743   0.48381824  0.0
-0.77280365   0.44837658  0.0
-0.79538529   0.44375751  0.0
-0.99356735   0.39679326  0.0
-1.01871875   0.38993498  0.0
-1.21424787   0.32836725  0.0
-1.24083880   0.31865910  0.0
-1.32446057   0.28557059  0.0
-1.35102691   0.27411473  0.0
-1.43461068   0.23415312  0.0
-1.46010494   0.22039112  0.0
-1.54455513   0.16762957  0.0
-1.56713187   0.15105700  0.0
-1.59920148   0.12445490  0.0
-1.61867231   0.10502329  0.0
-1.62083406   0.10262586  0.0
-1.63167852   0.08934356  0.0
-1.63773586   0.08076658  0.0
-1.64617907   0.06620651  0.0
-1.65250453   0.00122256  0.0
-1.63160761  -0.03558527  0.0
-1.62115560  -0.04659751  0.0
-1.61698571  -0.05042683  0.0
-1.60432090  -0.06068341  0.0
-1.59988996  -0.06385369  0.0
-1.58056466  -0.07556652  0.0
-1.54549241  -0.09210707  0.0
-1.52294812  -0.10083023  0.0
-1.43555593  -0.12905439  0.0
-1.41000719  -0.13598079  0.0
-1.32540079  -0.15579083  0.0
-1.29878834  -0.16122948  0.0
-1.21508176  -0.17663075  0.0
-1.18842033  -0.18108606  0.0
-0.99423549  -0.20828449  0.0
-0.96900269  -0.21124270  0.0
-0.77334989  -0.23050390  0.0
-0.75069895  -0.23233606  0.0
-0.55242582  -0.24531794  0.0
-0.53307080  -0.24629537  0.0
-0.33149047  -0.25341637  0.0
-0.31586000  -0.25375511  0.0
-0.11056262  -0.25507228  0.0
-0.09893127  -0.25494524  0.0
 0.11030222  -0.24813504  0.0
 0.11782906  -0.24771326  0.0
 0.33115161  -0.23099889  0.0
 0.33472155  -0.23064060  0.0
 0.55208045  -0.20675777  0.0
 0.76996365  -0.17821771  0.0
 0.77307822  -0.17780273  0.0
 0.98844600  -0.14656220  0.0
 0.99412067  -0.14572950  0.0
 1.20764139  -0.11311313  0.0
 1.21517511  -0.11192151  0.0
 1.21518512  -0.11191993  0.0
 1.21518752  -0.11191956  0.0
 1.21519753  -0.11191801  0.0
 1.42765636  -0.07919462  0.0
 1.42766113  -0.07919389  0.0
 1.43630614  -0.07787613  0.0
 1.43631411  -0.07787492  0.0
 1.43631602  -0.07787464  0.0
 1.43632398  -0.07787344  0.0
 1.64847828  -0.04623403  0.0
 1.64848629  -0.04623284  0.0
 1.64848822  -0.04623256  0.0
 1.64849623  -0.04623138  0.0
 1.65744194  -0.04492689  0.0
 1.65746627  -0.04492341  0.0
 1.65747212  -0.04492258  0.0
 1.65749647  -0.04491921  0.0
 1.87017256  -0.01603913  0.0
 1.87020415  -0.01603495  0.0
 1.87021173  -0.01603396  0.0
 1.87024335  -0.01602998  0.0
 1.87866726  -0.01499523  0.0
 1.87869393  -0.01499203  0.0
 1.87870034  -0.01499128  0.0
 1.87872703  -0.01498822  0.0
 2.09271645   0.00896576  0.0
 2.09276234   0.00897068  0.0
 2.09277336   0.00897181  0.0
 2.09281929   0.00897631  0.0
 2.09992987   0.00963961  0.0
 2.09997452   0.00964357  0.0
 2.09998524   0.00964448  0.0
 2.10002993   0.00964804  0.0
 2.31606232   0.02589889  0.0
 2.31611044   0.02590228  0.0
 2.31612199   0.02590303  0.0
 2.31617013   0.02590596  0.0
 2.32123775   0.02618896  0.0
 2.32133308   0.02619338  0.0
 2.32135597   0.02619422  0.0
 2.32145137   0.02619681  0.0
 2.54009716   0.03004837  0.0
 2.54023124   0.03004893  0.0
 2.54026341   0.03004864  0.0
 2.54039746   0.03004561  0.0
 2.54285167   0.02995717  0.0
 2.54303568   0.02994714  0.0
 2.54307978   0.02994392  0.0
 2.54326330   0.02992711  0.0
 2.74276934   0.00794554  0.0
;;

