# exterior:
# ---------
-0.75000000   0.45746412  0.0
-0.57209357   0.48875496  0.0
-0.55267004   0.49160486  0.0
-0.34729563   0.51670682  0.0
-0.33159909   0.51824864  0.0
-0.12225517   0.53334422  0.0
-0.11053210   0.53387849  0.0
 0.10289456   0.53689403  0.0
 0.11053023   0.53676169  0.0
 0.32795673   0.52619391  0.0
 0.33159923   0.52592965  0.0
 0.55268033   0.50441846  0.0
 0.75000000   0.47747248  0.0
 0.75000000   0.47242608  0.0
 0.55209975   0.49945133  0.0
 0.33117616   0.52094720  0.0
 0.32765442   0.52120271  0.0
 0.11036550   0.53176380  0.0
 0.10288655   0.53189341  0.0
-0.11038293   0.52888010  0.0
-0.12196149   0.52835241  0.0
-0.33117482   0.51326625  0.0
-0.34674786   0.51173656  0.0
-0.55200371   0.48664909  0.0
-0.57129743   0.48381824  0.0
-0.75000000   0.45238737  0.0
-0.75000000   0.45746412  0.0
;;

