# exterior:
# ---------
 2.76315000   0.00066974  0.0
 2.54271571   0.02495719  0.0
 2.54267161   0.02496041  0.0
 2.54021740   0.02504885  0.0
 2.54018522   0.02504914  0.0
 2.52733175   0.02482272  0.0
 2.52733175   0.02982350  0.0
 2.54009716   0.03004837  0.0
 2.54023124   0.03004893  0.0
 2.54026341   0.03004864  0.0
 2.54039746   0.03004561  0.0
 2.54285167   0.02995717  0.0
 2.54303568   0.02994714  0.0
 2.54307978   0.02994392  0.0
 2.54326330   0.02992711  0.0
 2.74276934   0.00794554  0.0
 2.76315000   0.00500000  0.0
 2.76315000   0.00066974  0.0
;;

