# exterior:
# ---------
 0.83600000   0.46433015  0.0
 0.99495000   0.43734022  0.0
 1.00064554   0.43629221  0.0
 1.21605000   0.39364644  0.0
 1.22359835   0.39204125  0.0
 1.43715000   0.34469048  0.0
 1.44579501   0.34267847  0.0
 1.65825000   0.29143633  0.0
 1.66719571   0.28923418  0.0
 1.76375000   0.26458694  0.0
 1.76375000   0.26396770  0.0
 1.66704979   0.28865218  0.0
 1.65810795   0.29085339  0.0
 1.44565666   0.34209463  0.0
 1.43701705   0.34410538  0.0
 1.22347101   0.39145492  0.0
 1.21592933   0.39305868  0.0
 1.00053298   0.43570285  0.0
 0.99484548   0.43674938  0.0
 0.83600000   0.46372156  0.0
 0.83600000   0.46433015  0.0
;;

