# exterior:
# ---------
 1.76375000   0.26458694  0.0
 1.87935000   0.23507794  0.0
 1.88777391   0.23289347  0.0
 2.10045000   0.17697286  0.0
 2.10756058   0.17509793  0.0
 2.32155000   0.11831503  0.0
 2.32661761   0.11695748  0.0
 2.45493622   0.08316136  0.0
 2.45493622   0.08254090  0.0
 2.32646480   0.11637726  0.0
 2.32646235   0.11637791  0.0
 2.32139543   0.11773528  0.0
 2.10740714   0.17451788  0.0
 2.10029722   0.17639264  0.0
 1.88762232   0.23231294  0.0
 1.87920049   0.23449687  0.0
 1.76375000   0.26396770  0.0
 1.76375000   0.26458694  0.0
;;

