# exterior:
# ---------
-0.75000000   0.45807333  0.0
-0.57218911   0.48934736  0.0
-0.55275000   0.49219955  0.0
-0.34736137   0.51730325  0.0
-0.33165000   0.51884653  0.0
-0.12229041   0.53394323  0.0
-0.11055000   0.53447830  0.0
 0.10289552   0.53749410  0.0
 0.11055000   0.53736144  0.0
 0.32799301   0.52679286  0.0
 0.33165000   0.52652754  0.0
 0.55275000   0.50501451  0.0
 0.75000000   0.47807805  0.0
 0.75000000   0.47747248  0.0
 0.55268033   0.50441846  0.0
 0.33159923   0.52592965  0.0
 0.32795673   0.52619391  0.0
 0.11053023   0.53676169  0.0
 0.10289456   0.53689403  0.0
-0.11053210   0.53387849  0.0
-0.12225517   0.53334422  0.0
-0.33159909   0.51824864  0.0
-0.34729563   0.51670682  0.0
-0.55267004   0.49160486  0.0
-0.57209357   0.48875496  0.0
-0.75000000   0.45746412  0.0
-0.75000000   0.45807333  0.0
;;

