# exterior:
# ---------
 1.76375000  -0.03553654  0.0
 1.65816926  -0.04987374  0.0
 1.65816342  -0.04987457  0.0
 1.64921772  -0.05117906  0.0
 1.64921579  -0.05117934  0.0
 1.43706150  -0.08281875  0.0
 1.43705959  -0.08281904  0.0
 1.42841458  -0.08413679  0.0
 1.42841365  -0.08413693  0.0
 1.21595866  -0.11685973  0.0
 1.21595626  -0.11686011  0.0
 1.20840948  -0.11805380  0.0
 0.99486114  -0.15067439  0.0
 0.98916784  -0.15150982  0.0
 0.83600000  -0.17372784  0.0
 0.83600000  -0.16867551  0.0
 0.98844600  -0.14656220  0.0
 0.99412067  -0.14572950  0.0
 1.20764139  -0.11311313  0.0
 1.21517511  -0.11192151  0.0
 1.21518512  -0.11191993  0.0
 1.21518752  -0.11191956  0.0
 1.21519753  -0.11191801  0.0
 1.42765636  -0.07919462  0.0
 1.42766113  -0.07919389  0.0
 1.43630614  -0.07787613  0.0
 1.43631411  -0.07787492  0.0
 1.43631602  -0.07787464  0.0
 1.43632398  -0.07787344  0.0
 1.64847828  -0.04623403  0.0
 1.64848629  -0.04623284  0.0
 1.64848822  -0.04623256  0.0
 1.64849623  -0.04623138  0.0
 1.65744194  -0.04492689  0.0
 1.65746627  -0.04492341  0.0
 1.65747212  -0.04492258  0.0
 1.65749647  -0.04491921  0.0
 1.76375000  -0.03049065  0.0
 1.76375000  -0.03553654  0.0
;;

