# exterior:
# ---------
-0.75000000   0.41786548  0.0
-0.56588362   0.45024855  0.0
-0.54747269   0.45294988  0.0
-0.34302300   0.47793881  0.0
-0.32828980   0.47938601  0.0
-0.11996451   0.49440813  0.0
-0.10936854   0.49489104  0.0
 0.10283213   0.49788925  0.0
 0.10924536   0.49777810  0.0
 0.32559869   0.48726249  0.0
 0.32829926   0.48706656  0.0
 0.54815177   0.46567491  0.0
 0.75000000   0.43811051  0.0
 0.74500000   0.43374691  0.0
 0.54757118   0.46070779  0.0
 0.32787618   0.48208411  0.0
 0.32529638   0.48227128  0.0
 0.10908063   0.49278021  0.0
 0.10282413   0.49288864  0.0
-0.10921937   0.48989265  0.0
-0.11967083   0.48941633  0.0
-0.32786553   0.47440362  0.0
-0.34247522   0.47296855  0.0
-0.54680636   0.44799411  0.0
-0.56508748   0.44531183  0.0
-0.74500000   0.41366815  0.0
-0.75000000   0.41786548  0.0
;;

