# exterior:
# ---------
-0.74500000  -0.19362569  0.0
-0.74500000  -0.19361195  0.0
-0.74000000  -0.18894236  0.0
-0.54987872  -0.20139050  0.0
-0.53118441  -0.20233457  0.0
-0.33023706  -0.20943320  0.0
-0.31524215  -0.20975817  0.0
-0.11066177  -0.21107074  0.0
-0.09988736  -0.21095305  0.0
 0.10835539  -0.20417510  0.0
 0.11487933  -0.20380952  0.0
 0.32723571  -0.18717085  0.0
 0.33012167  -0.18688121  0.0
 0.54681972  -0.16307100  0.0
 0.74000000  -0.13776672  0.0
 0.74500000  -0.14215449  0.0
 0.54741753  -0.16803541  0.0
 0.33064438  -0.19185387  0.0
 0.32768070  -0.19215131  0.0
 0.11521452  -0.20879858  0.0
 0.10857662  -0.20917055  0.0
-0.09977871  -0.21595217  0.0
-0.11065050  -0.21607092  0.0
-0.31531236  -0.21475782  0.0
-0.33037950  -0.21443129  0.0
-0.53139878  -0.20733011  0.0
-0.55016816  -0.20638225  0.0
-0.74500000  -0.19362569  0.0
;;

