# exterior:
# ---------
-0.74500000   0.41366815  0.0
-0.56508748   0.44531183  0.0
-0.54680636   0.44799411  0.0
-0.34247522   0.47296855  0.0
-0.32786553   0.47440362  0.0
-0.11967083   0.48941633  0.0
-0.10921937   0.48989265  0.0
 0.10282413   0.49288864  0.0
 0.10908063   0.49278021  0.0
 0.32529638   0.48227128  0.0
 0.32787618   0.48208411  0.0
 0.54757118   0.46070779  0.0
 0.74500000   0.43374691  0.0
 0.74000000   0.42938330  0.0
 0.54699060   0.45574066  0.0
 0.32745311   0.47710166  0.0
 0.32499407   0.47728007  0.0
 0.10891590   0.48778231  0.0
 0.10281612   0.48788803  0.0
-0.10907019   0.48489425  0.0
-0.11937716   0.48442452  0.0
-0.32744126   0.46942123  0.0
-0.34192745   0.46799830  0.0
-0.54614003   0.44303835  0.0
-0.56429133   0.44037511  0.0
-0.74000000   0.40947082  0.0
-0.74500000   0.41366815  0.0
;;

