# exterior:
# ---------
 0.83600000  -0.13836153  0.0
 0.83600000   0.42822058  0.0
 0.98874866   0.40228365  0.0
 0.99396706   0.40132343  0.0
 1.20889025   0.35877294  0.0
 1.21604256   0.35725198  0.0
 1.42926170   0.30997493  0.0
 1.43758649   0.30803744  0.0
 1.64982165   0.25684833  0.0
 1.65853816   0.25470259  0.0
 1.76375000   0.22784536  0.0
 1.76375000   0.24435843  0.0
 1.87446613   0.21609613  0.0
 1.88282186   0.21392934  0.0
 2.09545924   0.15801891  0.0
 2.10254842   0.15614962  0.0
 2.31650062   0.09937660  0.0
 2.32154583   0.09802504  0.0
 2.32155601   0.09802232  0.0
 2.32156416   0.09802015  0.0
 2.32157434   0.09801744  0.0
 2.32159715   0.09801138  0.0
 2.32160733   0.09800868  0.0
 2.32161548   0.09800653  0.0
 2.32162567   0.09800384  0.0
 2.52733175   0.04382567  0.0
 2.32120479   0.04019464  0.0
 2.32110938   0.04019250  0.0
 2.32103306   0.04019043  0.0
 2.32093767   0.04018738  0.0
 2.32072405   0.04017954  0.0
 2.32062869   0.04017558  0.0
 2.32055243   0.04017205  0.0
 2.32045711   0.04016718  0.0
 2.31538950   0.03988417  0.0
 2.31534135   0.03988137  0.0
 2.31530283   0.03987903  0.0
 2.31525469   0.03987599  0.0
 2.31514687   0.03986893  0.0
 2.31509875   0.03986566  0.0
 2.31506026   0.03986295  0.0
 2.31501215   0.03985945  0.0
 2.09897976   0.02360860  0.0
 2.09893507   0.02360513  0.0
 2.09889932   0.02360228  0.0
 2.09885464   0.02359862  0.0
 2.09875458   0.02359019  0.0
 2.09870991   0.02358633  0.0
 2.09867419   0.02358316  0.0
 2.09862955   0.02357909  0.0
 2.09151897   0.02291579  0.0
 2.09147303   0.02291140  0.0
 2.09143628   0.02290780  0.0
 2.09139035   0.02290320  0.0
 2.09128751   0.02289264  0.0
 2.09124161   0.02288783  0.0
 2.09120490   0.02288389  0.0
 2.09115902   0.02287886  0.0
 1.87716959  -0.00107511  0.0
 1.87714290  -0.00107814  0.0
 1.87712155  -0.00108059  0.0
 1.87709486  -0.00108368  0.0
 1.87703509  -0.00109070  0.0
 1.87700841  -0.00109387  0.0
 1.87698707  -0.00109643  0.0
 1.87696040  -0.00109967  0.0
 1.86853649  -0.00213442  0.0
 1.86850487  -0.00213835  0.0
 1.86847958  -0.00214154  0.0
 1.86844797  -0.00214558  0.0
 1.86837718  -0.00215473  0.0
 1.86834559  -0.00215887  0.0
 1.86832032  -0.00216222  0.0
 1.86828874  -0.00216645  0.0
 1.76375000  -0.01636216  0.0
 1.76375000  -0.00021531  0.0
 1.65345971  -0.01519205  0.0
 1.65331358  -0.01521225  0.0
 1.65325905  -0.01521993  0.0
 1.65311303  -0.01524086  0.0
 1.64416732  -0.01654535  0.0
 1.64411923  -0.01655240  0.0
 1.64410128  -0.01655505  0.0
 1.64405320  -0.01656218  0.0
 1.43189890  -0.04820159  0.0
 1.43185110  -0.04820876  0.0
 1.43183326  -0.04821145  0.0
 1.43178547  -0.04821870  0.0
 1.42314046  -0.04953645  0.0
 1.42310877  -0.04954130  0.0
 1.21063071  -0.08226764  0.0
 1.21057066  -0.08227695  0.0
 1.21054824  -0.08228045  0.0
 1.21048821  -0.08228988  0.0
 1.20303285  -0.08346912  0.0
 0.98967781  -0.11606018  0.0
 0.98411491  -0.11687647  0.0
 0.83600000  -0.13836153  0.0
;;

# interior:
# ---------
 0.84100000  -0.13258391  0.0
 0.98339307  -0.11192885  0.0
 0.98893734  -0.11111529  0.0
 1.20226476  -0.07852845  0.0
 1.20970706  -0.07735128  0.0
 1.20971206  -0.07735049  0.0
 1.20977210  -0.07734106  0.0
 1.20977710  -0.07734028  0.0
 1.20979952  -0.07733678  0.0
 1.20980452  -0.07733600  0.0
 1.20986457  -0.07732669  0.0
 1.20986958  -0.07732591  0.0
 1.42234764  -0.04459957  0.0
 1.42235288  -0.04459876  0.0
 1.42238457  -0.04459392  0.0
 1.43103202  -0.04327579  0.0
 1.43108380  -0.04326794  0.0
 1.43110562  -0.04326465  0.0
 1.43115741  -0.04325688  0.0
 1.64331569  -0.01161687  0.0
 1.64336777  -0.01160915  0.0
 1.64338973  -0.01160591  0.0
 1.64344183  -0.01159826  0.0
 1.65239155  -0.01029319  0.0
 1.65240371  -0.01029143  0.0
 1.65254973  -0.01027050  0.0
 1.65256190  -0.01026877  0.0
 1.65261644  -0.01026109  0.0
 1.65262861  -0.01025940  0.0
 1.65277473  -0.01023919  0.0
 1.65278691  -0.01023752  0.0
 1.76307721   0.00473921  0.0
 1.76357689   0.00478169  0.0
 1.76407831   0.00477389  0.0
 1.76457644   0.00471591  0.0
 1.76506624   0.00460833  0.0
 1.76554281   0.00445221  0.0
 1.76600134   0.00424915  0.0
 1.76643723   0.00400118  0.0
 1.76684608   0.00371079  0.0
 1.76722379   0.00338090  0.0
 1.76756655   0.00301484  0.0
 1.76787093   0.00261629  0.0
 1.76813384   0.00218925  0.0
 1.76835266   0.00173802  0.0
 1.76852518   0.00126714  0.0
 1.76864966   0.00078136  0.0
 1.76872485   0.00028554  0.0
 1.76875000  -0.00021531  0.0
 1.76875000  -0.01063730  0.0
 1.86761594   0.00278807  0.0
 1.86762384   0.00278914  0.0
 1.86765542   0.00279338  0.0
 1.86766332   0.00279443  0.0
 1.86768859   0.00279778  0.0
 1.86769648   0.00279882  0.0
 1.86772808   0.00280296  0.0
 1.86773598   0.00280398  0.0
 1.86780677   0.00281314  0.0
 1.86781467   0.00281415  0.0
 1.86784627   0.00281819  0.0
 1.86785418   0.00281919  0.0
 1.86787947   0.00282238  0.0
 1.86788737   0.00282337  0.0
 1.86791899   0.00282731  0.0
 1.86792690   0.00282828  0.0
 1.87635081   0.00386303  0.0
 1.87635748   0.00386385  0.0
 1.87638415   0.00386709  0.0
 1.87639081   0.00386789  0.0
 1.87641215   0.00387045  0.0
 1.87641882   0.00387125  0.0
 1.87644550   0.00387442  0.0
 1.87645217   0.00387521  0.0
 1.87651194   0.00388222  0.0
 1.87651861   0.00388300  0.0
 1.87654530   0.00388610  0.0
 1.87655197   0.00388687  0.0
 1.87657333   0.00388931  0.0
 1.87658000   0.00389008  0.0
 1.87660669   0.00389310  0.0
 1.87661337   0.00389385  0.0
 2.09060279   0.02784783  0.0
 2.09061426   0.02784910  0.0
 2.09066014   0.02785412  0.0
 2.09067161   0.02785537  0.0
 2.09070832   0.02785931  0.0
 2.09071980   0.02786052  0.0
 2.09076570   0.02786534  0.0
 2.09077718   0.02786653  0.0
 2.09088002   0.02787708  0.0
 2.09089150   0.02787825  0.0
 2.09093742   0.02788285  0.0
 2.09094890   0.02788399  0.0
 2.09098565   0.02788759  0.0
 2.09099714   0.02788870  0.0
 2.09104308   0.02789309  0.0
 2.09105457   0.02789418  0.0
 2.09816514   0.02855748  0.0
 2.09817630   0.02855851  0.0
 2.09822095   0.02856257  0.0
 2.09823211   0.02856357  0.0
 2.09826783   0.02856675  0.0
 2.09827900   0.02856772  0.0
 2.09832366   0.02857159  0.0
 2.09833483   0.02857254  0.0
 2.09843489   0.02858097  0.0
 2.09844606   0.02858190  0.0
 2.09849074   0.02858556  0.0
 2.09850191   0.02858647  0.0
 2.09853766   0.02858932  0.0
 2.09854883   0.02859019  0.0
 2.09859353   0.02859366  0.0
 2.09860470   0.02859451  0.0
 2.31463709   0.04484536  0.0
 2.31464911   0.04484625  0.0
 2.31469722   0.04484975  0.0
 2.31470925   0.04485061  0.0
 2.31474774   0.04485332  0.0
 2.31475977   0.04485415  0.0
 2.31480790   0.04485742  0.0
 2.31481993   0.04485823  0.0
 2.31492775   0.04486529  0.0
 2.31493978   0.04486607  0.0
 2.31498792   0.04486910  0.0
 2.31499995   0.04486985  0.0
 2.31503847   0.04487219  0.0
 2.31505051   0.04487290  0.0
 2.31509866   0.04487571  0.0
 2.31511070   0.04487640  0.0
 2.32017832   0.04515940  0.0
 2.32020214   0.04516068  0.0
 2.32029745   0.04516554  0.0
 2.32032128   0.04516670  0.0
 2.32039755   0.04517023  0.0
 2.32042139   0.04517128  0.0
 2.32051674   0.04517524  0.0
 2.32054058   0.04517617  0.0
 2.32075420   0.04518401  0.0
 2.32077805   0.04518483  0.0
 2.32087344   0.04518788  0.0
 2.32089729   0.04518858  0.0
 2.32097361   0.04519066  0.0
 2.32099746   0.04519125  0.0
 2.32109287   0.04519338  0.0
 2.32111673   0.04519386  0.0
 2.49113398   0.04818880  0.0
 2.32035221   0.09316873  0.0
 2.32033948   0.09317209  0.0
 2.32032878   0.09317491  0.0
 2.32031605   0.09317829  0.0
 2.32029070   0.09318502  0.0
 2.32027797   0.09318841  0.0
 2.32026728   0.09319126  0.0
 2.32025456   0.09319466  0.0
 2.31521252   0.09454536  0.0
 2.10126980   0.15131587  0.0
 2.09418609   0.15318372  0.0
 1.88155859   0.20909155  0.0
 1.87322025   0.21125383  0.0
 1.76875000   0.23792176  0.0
 1.76875000   0.22784536  0.0
 1.76872706   0.22736696  0.0
 1.76865845   0.22689294  0.0
 1.76854480   0.22642766  0.0
 1.76838716   0.22597540  0.0
 1.76818696   0.22554029  0.0
 1.76794605   0.22512633  0.0
 1.76766664   0.22473732  0.0
 1.76735129   0.22437683  0.0
 1.76700290   0.22404817  0.0
 1.76662465   0.22375435  0.0
 1.76622003   0.22349807  0.0
 1.76579274   0.22328168  0.0
 1.76534671   0.22310717  0.0
 1.76488603   0.22297613  0.0
 1.76441493   0.22288977  0.0
 1.76393772   0.22284889  0.0
 1.76345879   0.22285385  0.0
 1.76298253   0.22290461  0.0
 1.76251332   0.22300072  0.0
 1.65732222   0.24985265  0.0
 1.64863789   0.25199046  0.0
 1.43643361   0.30317213  0.0
 1.42815379   0.30509915  0.0
 1.21498135   0.35236584  0.0
 1.20788467   0.35387498  0.0
 0.99302907   0.39641208  0.0
 0.98787769   0.39735997  0.0
 0.84100000   0.42230000  0.0
 0.84100000  -0.13258391  0.0
;;

