# exterior:
# ---------
 1.76375000  -0.00021531  0.0
 1.65345971  -0.01519205  0.0
 1.65331358  -0.01521225  0.0
 1.65325905  -0.01521993  0.0
 1.65311303  -0.01524086  0.0
 1.64416732  -0.01654535  0.0
 1.64411923  -0.01655240  0.0
 1.64410128  -0.01655505  0.0
 1.64405320  -0.01656218  0.0
 1.43189890  -0.04820159  0.0
 1.43185110  -0.04820876  0.0
 1.43183326  -0.04821145  0.0
 1.43178547  -0.04821870  0.0
 1.42314046  -0.04953645  0.0
 1.42310877  -0.04954130  0.0
 1.21063071  -0.08226764  0.0
 1.21057066  -0.08227695  0.0
 1.21054824  -0.08228045  0.0
 1.21048821  -0.08228988  0.0
 1.20303285  -0.08346912  0.0
 0.98967781  -0.11606018  0.0
 0.98411491  -0.11687647  0.0
 0.83600000  -0.13836153  0.0
 0.84100000  -0.13258391  0.0
 0.98339307  -0.11192885  0.0
 0.98893734  -0.11111529  0.0
 1.20226476  -0.07852845  0.0
 1.20970706  -0.07735128  0.0
 1.20971206  -0.07735049  0.0
 1.20977210  -0.07734106  0.0
 1.20977710  -0.07734028  0.0
 1.20979952  -0.07733678  0.0
 1.20980452  -0.07733600  0.0
 1.20986457  -0.07732669  0.0
 1.20986958  -0.07732591  0.0
 1.42234764  -0.04459957  0.0
 1.42235288  -0.04459876  0.0
 1.42238457  -0.04459392  0.0
 1.43103202  -0.04327579  0.0
 1.43108380  -0.04326794  0.0
 1.43110562  -0.04326465  0.0
 1.43115741  -0.04325688  0.0
 1.64331569  -0.01161687  0.0
 1.64336777  -0.01160915  0.0
 1.64338973  -0.01160591  0.0
 1.64344183  -0.01159826  0.0
 1.65239155  -0.01029319  0.0
 1.65240371  -0.01029143  0.0
 1.65254973  -0.01027050  0.0
 1.65256190  -0.01026877  0.0
 1.65261644  -0.01026109  0.0
 1.65262861  -0.01025940  0.0
 1.65277473  -0.01023919  0.0
 1.65278691  -0.01023752  0.0
 1.76307721   0.00473921  0.0
 1.76357689   0.00478169  0.0
 1.76407831   0.00477389  0.0
 1.76457644   0.00471591  0.0
 1.76506624   0.00460833  0.0
 1.76544941   0.00448281  0.0
 1.76375000  -0.00021531  0.0
;;

