# exterior:
# ---------
 0.75000000  -0.14654227  0.0
 0.54801534  -0.17299981  0.0
 0.33116710  -0.19682653  0.0
 0.32812569  -0.19713177  0.0
 0.11554972  -0.21378764  0.0
 0.10879785  -0.21416600  0.0
-0.09967006  -0.22095128  0.0
-0.11063923  -0.22107109  0.0
-0.31538257  -0.21975747  0.0
-0.33052193  -0.21942938  0.0
-0.53161314  -0.21232566  0.0
-0.55045761  -0.21137401  0.0
-0.74821751  -0.19842573  0.0
-0.75000000  -0.19828155  0.0
-0.74500000  -0.19361195  0.0
-0.74500000  -0.19362569  0.0
-0.55016816  -0.20638225  0.0
-0.53139878  -0.20733011  0.0
-0.33037950  -0.21443129  0.0
-0.31531236  -0.21475782  0.0
-0.11065050  -0.21607092  0.0
-0.09977871  -0.21595217  0.0
 0.10857662  -0.20917055  0.0
 0.11521452  -0.20879858  0.0
 0.32768070  -0.19215131  0.0
 0.33064438  -0.19185387  0.0
 0.54741753  -0.16803541  0.0
 0.74500000  -0.14215449  0.0
 0.75000000  -0.14654227  0.0
;;

