# exterior:
# ---------
 0.83600000   0.42822058  0.0
 0.98874866   0.40228365  0.0
 0.99396706   0.40132343  0.0
 1.20889025   0.35877294  0.0
 1.21604256   0.35725198  0.0
 1.42926170   0.30997493  0.0
 1.43758649   0.30803744  0.0
 1.64982165   0.25684833  0.0
 1.65853816   0.25470259  0.0
 1.76375000   0.22784536  0.0
 1.76585943   0.22331545  0.0
 1.76579274   0.22328168  0.0
 1.76534671   0.22310717  0.0
 1.76488603   0.22297613  0.0
 1.76441493   0.22288977  0.0
 1.76393772   0.22284889  0.0
 1.76345879   0.22285385  0.0
 1.76298253   0.22290461  0.0
 1.76251332   0.22300072  0.0
 1.65732222   0.24985265  0.0
 1.64863789   0.25199046  0.0
 1.43643361   0.30317213  0.0
 1.42815379   0.30509915  0.0
 1.21498135   0.35236584  0.0
 1.20788467   0.35387498  0.0
 0.99302907   0.39641208  0.0
 0.98787769   0.39735997  0.0
 0.84100000   0.42230000  0.0
 0.83600000   0.42822058  0.0
;;

