# exterior:
# ---------
-0.83600000  -0.22433626  0.0
-0.96900269  -0.21124270  0.0
-0.99423549  -0.20828449  0.0
-1.18842033  -0.18108606  0.0
-1.21508176  -0.17663075  0.0
-1.29878834  -0.16122948  0.0
-1.32540079  -0.15579083  0.0
-1.41000719  -0.13598079  0.0
-1.43555593  -0.12905439  0.0
-1.52294812  -0.10083023  0.0
-1.54549241  -0.09210707  0.0
-1.58056466  -0.07556652  0.0
-1.59988996  -0.06385369  0.0
-1.60432090  -0.06068341  0.0
-1.61698571  -0.05042683  0.0
-1.62115560  -0.04659751  0.0
-1.63160761  -0.03558527  0.0
-1.65250453   0.00122256  0.0
-1.64617907   0.06620651  0.0
-1.63773586   0.08076658  0.0
-1.63167852   0.08934356  0.0
-1.62083406   0.10262586  0.0
-1.61867231   0.10502329  0.0
-1.59920148   0.12445490  0.0
-1.56713187   0.15105700  0.0
-1.54455513   0.16762957  0.0
-1.46010494   0.22039112  0.0
-1.43461068   0.23415312  0.0
-1.35102691   0.27411473  0.0
-1.32446057   0.28557059  0.0
-1.24083880   0.31865910  0.0
-1.21424787   0.32836725  0.0
-1.01871875   0.38993498  0.0
-0.99356735   0.39679326  0.0
-0.83600000   0.43413283  0.0
-0.83600000   0.40330197  0.0
-0.98616032   0.36771769  0.0
-1.01026433   0.36114501  0.0
-1.20459362   0.29995508  0.0
-1.23017360   0.29061602  0.0
-1.31299935   0.25784249  0.0
-1.33861258   0.24679763  0.0
-1.42100715   0.20740457  0.0
-1.44501665   0.19444406  0.0
-1.52770762   0.14278161  0.0
-1.54866284   0.12739933  0.0
-1.57898622   0.10224574  0.0
-1.59692132   0.08434677  0.0
-1.59806119   0.08308263  0.0
-1.60777776   0.07118177  0.0
-1.61245679   0.06455643  0.0
-1.61695255   0.05680362  0.0
-1.62172523   0.00777201  0.0
-1.60732697  -0.01758908  0.0
-1.60010525  -0.02519789  0.0
-1.59738070  -0.02769991  0.0
-1.58613620  -0.03680627  0.0
-1.58336297  -0.03879047  0.0
-1.56635300  -0.04910001  0.0
-1.53366602  -0.06451563  0.0
-1.51291715  -0.07254409  0.0
-1.42701624  -0.10028662  0.0
-1.40266041  -0.10688961  0.0
-1.31897643  -0.12648367  0.0
-1.29307008  -0.13177803  0.0
-1.20989479  -0.14708154  0.0
-1.18386655  -0.15143104  0.0
-0.99040776  -0.17852778  0.0
-0.96578625  -0.18141432  0.0
-0.83600000  -0.19419123  0.0
-0.83600000  -0.22433626  0.0
;;

