# exterior:
# ---------
 0.75000000  -0.18083271  0.0
 0.55208045  -0.20675777  0.0
 0.33472155  -0.23064060  0.0
 0.33115161  -0.23099889  0.0
 0.11782906  -0.24771326  0.0
 0.11030222  -0.24813504  0.0
-0.09893127  -0.25494524  0.0
-0.11056262  -0.25507228  0.0
-0.31586000  -0.25375511  0.0
-0.33149047  -0.25341637  0.0
-0.53307080  -0.24629537  0.0
-0.55242582  -0.24531794  0.0
-0.75000000  -0.23238182  0.0
-0.75000000  -0.19828155  0.0
-0.74821751  -0.19842573  0.0
-0.55045761  -0.21137401  0.0
-0.53161314  -0.21232566  0.0
-0.33052193  -0.21942938  0.0
-0.31538257  -0.21975747  0.0
-0.11063923  -0.22107109  0.0
-0.09967006  -0.22095128  0.0
 0.10879785  -0.21416600  0.0
 0.11554972  -0.21378764  0.0
 0.32812569  -0.19713177  0.0
 0.33116710  -0.19682653  0.0
 0.54801534  -0.17299981  0.0
 0.75000000  -0.14654227  0.0
 0.75000000  -0.18083271  0.0
;;

