# exterior:
# ---------
 2.45493622   0.07323398  0.0
 2.32417258   0.10767406  0.0
 2.32416443   0.10767622  0.0
 2.32414162   0.10768228  0.0
 2.32413348   0.10768445  0.0
 2.31907684   0.10903906  0.0
 2.10510564   0.16581713  0.0
 2.09800555   0.16768929  0.0
 1.88534842   0.22360492  0.0
 1.87695790   0.22578073  0.0
 1.76375000   0.25467910  0.0
 1.76375000   0.25880737  0.0
 1.87795461   0.22965457  0.0
 1.88635904   0.22747515  0.0
 2.09902407   0.17155745  0.0
 2.10612853   0.16968413  0.0
 2.32010732   0.11290405  0.0
 2.32516853   0.11154821  0.0
 2.32519134   0.11154215  0.0
 2.45493622   0.07737039  0.0
 2.45493622   0.07323398  0.0
;;

