# exterior:
# ---------
 2.45493622   0.06289296  0.0
 2.32162567   0.09800384  0.0
 2.32161548   0.09800653  0.0
 2.32160733   0.09800868  0.0
 2.32159715   0.09801138  0.0
 2.32157434   0.09801744  0.0
 2.32156416   0.09802015  0.0
 2.32155601   0.09802232  0.0
 2.32154583   0.09802504  0.0
 2.31650062   0.09937660  0.0
 2.10254842   0.15614962  0.0
 2.09545924   0.15801891  0.0
 1.88282186   0.21392934  0.0
 1.87446613   0.21609613  0.0
 1.76375000   0.24435843  0.0
 1.76375000   0.25467910  0.0
 1.87695790   0.22578073  0.0
 1.88534842   0.22360492  0.0
 2.09800555   0.16768929  0.0
 2.10510564   0.16581713  0.0
 2.31907684   0.10903906  0.0
 2.32413348   0.10768445  0.0
 2.32414162   0.10768228  0.0
 2.32416443   0.10767622  0.0
 2.32417258   0.10767406  0.0
 2.45493622   0.07323398  0.0
 2.45493622   0.06289296  0.0
;;

