# exterior:
# ---------
 2.45493622   0.02854821  0.0
 2.32145137   0.02619681  0.0
 2.32123775   0.02618896  0.0
 2.31617013   0.02590596  0.0
 2.31606232   0.02589889  0.0
 2.10002993   0.00964804  0.0
 2.09992987   0.00963961  0.0
 2.09281929   0.00897631  0.0
 2.09271645   0.00896576  0.0
 1.87872703  -0.01498822  0.0
 1.87866726  -0.01499523  0.0
 1.87024335  -0.01602998  0.0
 1.87017256  -0.01603913  0.0
 1.76375000  -0.03049065  0.0
 1.76375000  -0.02645394  0.0
 1.86963433  -0.01207551  0.0
 1.86965960  -0.01207216  0.0
 1.86973038  -0.01206301  0.0
 1.86975567  -0.01205982  0.0
 1.87817958  -0.01102507  0.0
 1.87820092  -0.01102251  0.0
 1.87826069  -0.01101549  0.0
 1.87828205  -0.01101304  0.0
 2.09227147   0.01294093  0.0
 2.09230818   0.01294487  0.0
 2.09241103   0.01295542  0.0
 2.09244777   0.01295902  0.0
 2.09955835   0.01362232  0.0
 2.09959407   0.01362549  0.0
 2.09969413   0.01363392  0.0
 2.09972988   0.01363677  0.0
 2.31576227   0.02988762  0.0
 2.31580076   0.02989033  0.0
 2.31590858   0.02989740  0.0
 2.31594710   0.02989973  0.0
 2.32101471   0.03018274  0.0
 2.32109098   0.03018627  0.0
 2.32130460   0.03019411  0.0
 2.32138092   0.03019619  0.0
 2.45493622   0.03254883  0.0
 2.45493622   0.02854821  0.0
;;

