# exterior:
# ---------
 2.74276934   0.00794554  0.0
 2.54326330   0.02992711  0.0
 2.54285167   0.02995717  0.0
 2.54039746   0.03004561  0.0
 2.54009716   0.03004837  0.0
 2.52733175   0.02982350  0.0
 2.52733175   0.03382412  0.0
 2.54002671   0.03404775  0.0
 2.54013397   0.03404820  0.0
 2.54043427   0.03404544  0.0
 2.54054151   0.03404301  0.0
 2.54299572   0.03395457  0.0
 2.54314293   0.03394655  0.0
 2.54355455   0.03391650  0.0
 2.54370137   0.03390305  0.0
 2.67555184   0.01937577  0.0
 2.74276934   0.00794554  0.0
;;

