# exterior:
# ---------
 0.83600000   0.75076749  0.0
 0.85392945   0.74802927  0.0
 0.98316842   0.72647847  0.0
 1.11214367   0.70335280  0.0
 1.24086429   0.67881538  0.0
 1.36935352   0.65305839  0.0
 1.49762149   0.62620089  0.0
 1.62567584   0.59831970  0.0
 1.75354265   0.56956328  0.0
 1.88124217   0.54005274  0.0
 1.91700000   0.53159258  0.0
 1.91700000   0.46993611  0.0
 1.86758010   0.48162867  0.0
 1.74020535   0.51106415  0.0
 1.61271094   0.53973682  0.0
 1.48509070   0.56752349  0.0
 1.35730855   0.59427927  0.0
 1.22934993   0.61992989  0.0
 1.10123108   0.64435260  0.0
 0.97293897   0.66735579  0.0
 0.84446544   0.68877894  0.0
 0.83600000   0.69007180  0.0
 0.83600000   0.75076749  0.0
;;

