# exterior:
# ---------
 2.00300000   0.51124531  0.0
 2.00879019   0.50987537  0.0
 2.13621093   0.47914151  0.0
 2.26353256   0.44798770  0.0
 2.39074833   0.41640902  0.0
 2.51784680   0.38436229  0.0
 2.64483871   0.35188166  0.0
 2.77175531   0.31909128  0.0
 2.89860901   0.28605539  0.0
 2.91125000   0.28273427  0.0
 2.91125000   0.22069808  0.0
 2.88342534   0.22800834  0.0
 2.75669029   0.26101333  0.0
 2.62990047   0.29377095  0.0
 2.50307831   0.32620816  0.0
 2.37618607   0.35820290  0.0
 2.24917475   0.38973083  0.0
 2.12204639   0.42083735  0.0
 2.00300000   0.44955131  0.0
 2.00300000   0.51124531  0.0
;;

