# exterior:
# ---------
 1.91700000  -0.20052567  0.0
 1.85250421  -0.22192231  0.0
 1.85247258  -0.22193290  0.0
 1.72829319  -0.26395241  0.0
 1.72828348  -0.26395571  0.0
 1.60418682  -0.30620075  0.0
 1.48000921  -0.34815465  0.0
 1.35560480  -0.38937378  0.0
 1.23085947  -0.42950047  0.0
 1.10568928  -0.46823718  0.0
 0.98002565  -0.50530549  0.0
 0.85380994  -0.54038746  0.0
 0.83600000  -0.54498819  0.0
 0.83600000  -0.48301859  0.0
 0.83827123  -0.48243187  0.0
 0.96350279  -0.44762345  0.0
 1.08833151  -0.41080142  0.0
 1.21280326  -0.37228086  0.0
 1.33698243  -0.33233628  0.0
 1.46097113  -0.29125489  0.0
 1.58491662  -0.24937942  0.0
 1.70899994  -0.20713894  0.0
 1.70906171  -0.20711800  0.0
 1.83324110  -0.16509849  0.0
 1.83341044  -0.16504147  0.0
 1.83344207  -0.16503088  0.0
 1.83361159  -0.16497436  0.0
 1.91700000  -0.13731004  0.0
 1.91700000  -0.20052567  0.0
;;

