# exterior:
# ---------
 2.91125000   0.04303355  0.0
 2.86785789   0.03836083  0.0
 2.86763216   0.03833187  0.0
 2.73797623   0.01901261  0.0
 2.73776502   0.01897699  0.0
 2.60894155  -0.00528667  0.0
 2.60875109  -0.00532598  0.0
 2.48084511  -0.03404842  0.0
 2.48068125  -0.03408782  0.0
 2.35369740  -0.06664618  0.0
 2.35356280  -0.06668248  0.0
 2.22742615  -0.10239260  0.0
 2.22732105  -0.10242347  0.0
 2.10190628  -0.14059423  0.0
 2.10182786  -0.14061873  0.0
 2.00300000  -0.17228904  0.0
 2.00300000  -0.10928349  0.0
 2.08351751  -0.08348090  0.0
 2.08393713  -0.08334813  0.0
 2.08401555  -0.08332363  0.0
 2.08443614  -0.08319393  0.0
 2.20985091  -0.04502317  0.0
 2.21041315  -0.04485504  0.0
 2.21051825  -0.04482418  0.0
 2.21108211  -0.04466156  0.0
 2.33721876  -0.00895145  0.0
 2.33793865  -0.00875247  0.0
 2.33807326  -0.00871617  0.0
 2.33879557  -0.00852617  0.0
 2.46577941   0.02403219  0.0
 2.46665566   0.02424984  0.0
 2.46681952   0.02428924  0.0
 2.46769895   0.02449368  0.0
 2.59560493   0.05321613  0.0
 2.59662338   0.05343556  0.0
 2.59681383   0.05347487  0.0
 2.59783593   0.05367658  0.0
 2.72665940   0.07794025  0.0
 2.72778907   0.07814185  0.0
 2.72800028   0.07817746  0.0
 2.72913361   0.07835743  0.0
 2.85878954   0.09767669  0.0
 2.85999726   0.09784413  0.0
 2.86022300   0.09787309  0.0
 2.86143388   0.09801594  0.0
 2.91125000   0.10338044  0.0
 2.91125000   0.04303355  0.0
;;

