# exterior:
# ---------
 3.91065000  -0.01297118  0.0
 3.78225483   0.00968547  0.0
 3.78224158   0.00968766  0.0
 3.65266561   0.02957459  0.0
 3.65264558   0.02957731  0.0
 3.52247940   0.04508865  0.0
 3.52245358   0.04509116  0.0
 3.39174173   0.05496000  0.0
 3.39171284   0.05496149  0.0
 3.26067784   0.05851933  0.0
 3.26064956   0.05851943  0.0
 3.12959103   0.05589824  0.0
 3.12956426   0.05589711  0.0
 2.99875245   0.04742688  0.0
 2.99872698   0.04742468  0.0
 2.86839323   0.03338957  0.0
 2.86836904   0.03338647  0.0
 2.73871311   0.01406720  0.0
 2.73869048   0.01406339  0.0
 2.60986701  -0.01020027  0.0
 2.60984661  -0.01020448  0.0
 2.48194062  -0.03892693  0.0
 2.48192307  -0.03893115  0.0
 2.35493922  -0.07148951  0.0
 2.35492480  -0.07149340  0.0
 2.22878815  -0.10720352  0.0
 2.22877689  -0.10720682  0.0
 2.10336212  -0.14537759  0.0
 2.10335372  -0.14538021  0.0
 1.97851206  -0.18538689  0.0
 1.97850624  -0.18538879  0.0
 1.85407860  -0.22666797  0.0
 1.85407521  -0.22666910  0.0
 1.72989582  -0.26868861  0.0
 1.72989478  -0.26868897  0.0
 1.60579267  -0.31093586  0.0
 1.48159571  -0.35289630  0.0
 1.35715667  -0.39412690  0.0
 1.23236416  -0.43426877  0.0
 1.10713576  -0.47302350  0.0
 0.98140255  -0.51011233  0.0
 0.85510483  -0.54521710  0.0
 0.72819218  -0.57800163  0.0
 0.60062655  -0.60815310  0.0
 0.47240592  -0.63537586  0.0
 0.34355317  -0.65942438  0.0
 0.21412521  -0.68015100  0.0
 0.08420405  -0.69752132  0.0
-0.04612085  -0.71154425  0.0
-0.17676847  -0.72213513  0.0
-0.30765840  -0.72908707  0.0
-0.43869540  -0.73217949  0.0
-0.56976416  -0.73124212  0.0
-0.70073753  -0.72613034  0.0
-0.83147220  -0.71675961  0.0
-0.96182224  -0.70305429  0.0
-1.09162852  -0.68490580  0.0
-1.22069409  -0.66209174  0.0
-1.34879289  -0.63436829  0.0
-1.47569289  -0.60159606  0.0
-1.60109035  -0.56349096  0.0
-1.72460800  -0.51968773  0.0
-1.84577913  -0.46977534  0.0
-1.96380973  -0.41286970  0.0
-2.07702680  -0.34698032  0.0
-2.18216887  -0.26897038  0.0
-2.27415640  -0.17599086  0.0
-2.33717842  -0.06229755  0.0
-2.34614409   0.00000186  0.0
-2.33697012   0.06664967  0.0
-2.26891114   0.17735746  0.0
-2.17380103   0.26718610  0.0
-2.06801511   0.34442336  0.0
-1.95610826   0.41257119  0.0
-1.84006201   0.47343935  0.0
-1.72095055   0.52810489  0.0
-1.59948658   0.57733243  0.0
-1.47614384   0.62165798  0.0
-1.35127059   0.66148081  0.0
-1.22513347   0.69709333  0.0
-1.09792074   0.72866494  0.0
-0.96979399   0.75631441  0.0
-0.84090013   0.78011985  0.0
-0.71135783   0.80009796  0.0
-0.58128127   0.81623436  0.0
-0.45078170   0.82848636  0.0
-0.31997039   0.83675209  0.0
-0.18896362   0.84086738  0.0
-0.05789213   0.84074708  0.0
 0.07312232   0.83672409  0.0
 0.20399596   0.82939144  0.0
 0.33467524   0.81914016  0.0
 0.46510919   0.80612302  0.0
 0.59526540   0.79056155  0.0
 0.72513580   0.77275688  0.0
 0.85471812   0.75296679  0.0
 0.98402087   0.73140536  0.0
 1.11305306   0.70826948  0.0
 1.24182382   0.68372250  0.0
 1.37035727   0.65795665  0.0
 1.49866572   0.63109067  0.0
 1.62675625   0.60320161  0.0
 1.75465409   0.57443820  0.0
 1.88238068   0.54492141  0.0
 2.00995198   0.51473853  0.0
 2.13739131   0.48400019  0.0
 2.26472904   0.45284244  0.0
 2.39196185   0.42125953  0.0
 2.51907751   0.38920846  0.0
 2.64608356   0.35672422  0.0
 2.77301073   0.32393111  0.0
 2.89987432   0.29089264  0.0
 3.02666649   0.25758105  0.0
 3.15339729   0.22403606  0.0
 3.28007198   0.19027964  0.0
 3.40668374   0.15628889  0.0
 3.53321935   0.12201800  0.0
 3.65962328   0.08727194  0.0
 3.78571490   0.05142940  0.0
 3.91065000   0.01324232  0.0
 3.91065000  -0.01297118  0.0
;;

# interior:
# ---------
 3.90565000  -0.00701163  0.0
 3.90565000   0.00954225  0.0
 3.78430044   0.04663339  0.0
 3.65827707   0.08245653  0.0
 3.53190317   0.11719434  0.0
 3.40538197   0.15146132  0.0
 3.27878004   0.18544943  0.0
 3.15211385   0.21920359  0.0
 3.02539152   0.25274633  0.0
 2.89860901   0.28605539  0.0
 2.77175531   0.31909128  0.0
 2.64483871   0.35188166  0.0
 2.51784680   0.38436229  0.0
 2.39074833   0.41640902  0.0
 2.26353256   0.44798770  0.0
 2.13621093   0.47914151  0.0
 2.00879019   0.50987537  0.0
 1.88124217   0.54005274  0.0
 1.75354265   0.56956328  0.0
 1.62567584   0.59831970  0.0
 1.49762149   0.62620089  0.0
 1.36935352   0.65305839  0.0
 1.24086429   0.67881538  0.0
 1.11214367   0.70335280  0.0
 0.98316842   0.72647847  0.0
 0.85392945   0.74802927  0.0
 0.72441877   0.76780842  0.0
 0.59462901   0.78560203  0.0
 0.46456409   0.80115258  0.0
 0.33423141   0.81415961  0.0
 0.20366055   0.82440239  0.0
 0.07290571   0.83172839  0.0
-0.05797117   0.83574715  0.0
-0.18888740   0.83586731  0.0
-0.31973418   0.83175704  0.0
-0.45039027   0.82350112  0.0
-0.58073969   0.81126322  0.0
-0.71066886   0.79514511  0.0
-0.84006485   0.77518956  0.0
-0.96881237   0.75141114  0.0
-1.09679094   0.72379365  0.0
-1.22385169   0.69225976  0.0
-1.34983133   0.65669170  0.0
-1.47453826   0.61692191  0.0
-1.59770136   0.57266092  0.0
-1.71896773   0.52351346  0.0
-1.83785644   0.46895015  0.0
-1.95364420   0.40821758  0.0
-2.06523576   0.34026175  0.0
-2.17059752   0.26333419  0.0
-2.26499767   0.17417607  0.0
-2.33216016   0.06492655  0.0
-2.34109481   0.00001737  0.0
-2.33236019  -0.06067652  0.0
-2.27011737  -0.17296416  0.0
-2.17888296  -0.26518243  0.0
-2.07427116  -0.34279894  0.0
-1.96146297  -0.40845035  0.0
-1.84373950  -0.46520793  0.0
-1.72281912  -0.51501702  0.0
-1.59952707  -0.55874025  0.0
-1.47434029  -0.59678133  0.0
-1.34763851  -0.62950237  0.0
-1.21972977  -0.65718469  0.0
-1.09084694  -0.67996644  0.0
-0.96121448  -0.69809063  0.0
-0.83103192  -0.71177834  0.0
-0.70046123  -0.72113732  0.0
-0.56964875  -0.72624282  0.0
-0.43873652  -0.72717907  0.0
-0.30785002  -0.72409020  0.0
-0.17710313  -0.71714586  0.0
-0.04659039  -0.70656591  0.0
 0.08360520  -0.69255690  0.0
 0.21339848  -0.67520368  0.0
 0.34269904  -0.65449746  0.0
 0.47142790  -0.63047206  0.0
 0.59953215  -0.60327400  0.0
 0.72699171  -0.57314760  0.0
 0.85380994  -0.54038746  0.0
 0.98002565  -0.50530549  0.0
 1.10568928  -0.46823718  0.0
 1.23085947  -0.42950047  0.0
 1.35560480  -0.38937378  0.0
 1.48000921  -0.34815465  0.0
 1.60418682  -0.30620075  0.0
 1.72828781  -0.26395424  0.0
 1.72829319  -0.26395241  0.0
 1.85247258  -0.22193290  0.0
 1.85248670  -0.22192815  0.0
 1.85249008  -0.22192702  0.0
 1.85250421  -0.22192231  0.0
 1.97693186  -0.18064312  0.0
 1.97695610  -0.18063515  0.0
 1.97696192  -0.18063325  0.0
 1.97698620  -0.18062540  0.0
 2.10182786  -0.14061873  0.0
 2.10186283  -0.14060766  0.0
 2.10187123  -0.14060504  0.0
 2.10190628  -0.14059423  0.0
 2.22732105  -0.10242347  0.0
 2.22736790  -0.10240946  0.0
 2.22737916  -0.10240615  0.0
 2.22742615  -0.10239260  0.0
 2.35356280  -0.06668248  0.0
 2.35362279  -0.06666590  0.0
 2.35363721  -0.06666201  0.0
 2.35369740  -0.06664618  0.0
 2.48068125  -0.03408782  0.0
 2.48075427  -0.03406968  0.0
 2.48077182  -0.03406546  0.0
 2.48084511  -0.03404842  0.0
 2.60875109  -0.00532598  0.0
 2.60883597  -0.00530769  0.0
 2.60885637  -0.00530348  0.0
 2.60894155  -0.00528667  0.0
 2.73776502   0.01897699  0.0
 2.73785916   0.01899379  0.0
 2.73788179   0.01899761  0.0
 2.73797623   0.01901261  0.0
 2.86763216   0.03833187  0.0
 2.86773280   0.03834582  0.0
 2.86775699   0.03834893  0.0
 2.86785789   0.03836083  0.0
 2.99819165   0.05239594  0.0
 2.99829768   0.05240622  0.0
 2.99832315   0.05240841  0.0
 2.99842937   0.05241643  0.0
 3.12924118   0.06088666  0.0
 3.12935267   0.06089263  0.0
 3.12937945   0.06089376  0.0
 3.12949105   0.06089724  0.0
 3.26054958   0.06351844  0.0
 3.26066743   0.06351940  0.0
 3.26069571   0.06351930  0.0
 3.26081355   0.06351749  0.0
 3.39184855   0.05995964  0.0
 3.39196899   0.05995492  0.0
 3.39199788   0.05995344  0.0
 3.39211816   0.05994581  0.0
 3.52283001   0.05007697  0.0
 3.52293773   0.05006767  0.0
 3.52296355   0.05006515  0.0
 3.52307105   0.05005352  0.0
 3.65323723   0.03454219  0.0
 3.65332075   0.03453152  0.0
 3.65334078   0.03452879  0.0
 3.65342411   0.03451672  0.0
 3.78300009   0.01462979  0.0
 3.78305533   0.01462100  0.0
 3.78306857   0.01461881  0.0
 3.78312371   0.01460940  0.0
 3.90565000  -0.00701163  0.0
;;

