# exterior:
# ---------
 2.91625000   0.25247042  0.0
 3.01825172   0.22567191  0.0
 3.14492655   0.19214175  0.0
 3.27154513   0.15840028  0.0
 3.39809210   0.12442693  0.0
 3.52453254   0.09018181  0.0
 3.60226622   0.06881429  0.0
 3.52638424   0.07785681  0.0
 3.52635739   0.07785994  0.0
 3.52624996   0.07787215  0.0
 3.52622310   0.07787513  0.0
 3.52594362   0.07790537  0.0
 3.52591674   0.07790821  0.0
 3.52580918   0.07791926  0.0
 3.52578229   0.07792195  0.0
 3.52554125   0.07794540  0.0
 3.52551434   0.07794794  0.0
 3.52540668   0.07795783  0.0
 3.52537975   0.07796023  0.0
 3.52509968   0.07798442  0.0
 3.52507275   0.07798668  0.0
 3.52496498   0.07799540  0.0
 3.52493803   0.07799751  0.0
 3.39422618   0.08786635  0.0
 3.39419613   0.08786853  0.0
 3.39407589   0.08787688  0.0
 3.39404582   0.08787887  0.0
 3.39373308   0.08789870  0.0
 3.39370300   0.08790051  0.0
 3.39358267   0.08790741  0.0
 3.39355258   0.08790905  0.0
 3.39328297   0.08792288  0.0
 3.39325287   0.08792433  0.0
 3.39313246   0.08792978  0.0
 3.39310236   0.08793105  0.0
 3.39278922   0.08794333  0.0
 3.39275911   0.08794442  0.0
 3.39263865   0.08794842  0.0
 3.39260853   0.08794933  0.0
 3.26157352   0.09150718  0.0
 3.26154407   0.09150789  0.0
 3.26142624   0.09151039  0.0
 3.26139678   0.09151093  0.0
 3.26109039   0.09151564  0.0
 3.26106093   0.09151601  0.0
 3.26094308   0.09151712  0.0
 3.26091362   0.09151731  0.0
 3.26064964   0.09151826  0.0
 3.26062018   0.09151827  0.0
 3.26050232   0.09151800  0.0
 3.26047286   0.09151785  0.0
 3.26016645   0.09151533  0.0
 3.26013699   0.09151500  0.0
 3.26001914   0.09151334  0.0
 3.25998968   0.09151284  0.0
 3.12893116   0.08889164  0.0
 3.12890325   0.08889101  0.0
 3.12879163   0.08888815  0.0
 3.12876372   0.08888736  0.0
 3.12847356   0.08887831  0.0
 3.12844566   0.08887737  0.0
 3.12833408   0.08887326  0.0
 3.12830618   0.08887216  0.0
 3.12805631   0.08886158  0.0
 3.12802843   0.08886032  0.0
 3.12791690   0.08885497  0.0
 3.12788902   0.08885355  0.0
 3.12759913   0.08883803  0.0
 3.12757126   0.08883646  0.0
 3.12745979   0.08882987  0.0
 3.12743193   0.08882814  0.0
 2.99662013   0.08035792  0.0
 2.99659355   0.08035612  0.0
 2.99648729   0.08034867  0.0
 2.99646072   0.08034674  0.0
 2.99618454   0.08032590  0.0
 2.99615799   0.08032383  0.0
 2.99605181   0.08031525  0.0
 2.99602527   0.08031303  0.0
 2.99578754   0.08029254  0.0
 2.99576101   0.08029018  0.0
 2.99565493   0.08028047  0.0
 2.99562841   0.08027797  0.0
 2.99535274   0.08025126  0.0
 2.99532623   0.08024862  0.0
 2.99522026   0.08023777  0.0
 2.99519377   0.08023499  0.0
 2.91625000   0.07173386  0.0
 2.91625000   0.10338044  0.0
 2.91622566   0.10387318  0.0
 2.91615288   0.10436114  0.0
 2.91603237   0.10483954  0.0
 2.91586529   0.10530374  0.0
 2.91565328   0.10574921  0.0
 2.91539841   0.10617162  0.0
 2.91510314   0.10656686  0.0
 2.91477036   0.10693107  0.0
 2.91440331   0.10726072  0.0
 2.91400556   0.10755259  0.0
 2.91358098   0.10780384  0.0
 2.91313371   0.10801203  0.0
 2.91266810   0.10817512  0.0
 2.91218868   0.10829153  0.0
 2.91170013   0.10836013  0.0
 2.91120719   0.10838025  0.0
 2.91071467   0.10835169  0.0
 2.86089854   0.10298720  0.0
 2.86084806   0.10298150  0.0
 2.85963718   0.10283865  0.0
 2.85958676   0.10283244  0.0
 2.85936102   0.10280348  0.0
 2.85931066   0.10279676  0.0
 2.85810294   0.10262933  0.0
 2.85805265   0.10262210  0.0
 2.72839672   0.08330283  0.0
 2.72834946   0.08329556  0.0
 2.72721614   0.08311559  0.0
 2.72716896   0.08310787  0.0
 2.72695774   0.08307226  0.0
 2.72691063   0.08306408  0.0
 2.72578096   0.08286248  0.0
 2.72573393   0.08285385  0.0
 2.59691046   0.05859019  0.0
 2.59686783   0.05858197  0.0
 2.59584573   0.05838025  0.0
 2.59580318   0.05837166  0.0
 2.59561273   0.05833236  0.0
 2.59557026   0.05832340  0.0
 2.59455182   0.05810397  0.0
 2.59450942   0.05809464  0.0
 2.46660343   0.02937219  0.0
 2.46656676   0.02936381  0.0
 2.46568734   0.02915937  0.0
 2.46565073   0.02915071  0.0
 2.46548686   0.02911131  0.0
 2.46545032   0.02910238  0.0
 2.46457407   0.02888473  0.0
 2.46453759   0.02887552  0.0
 2.33755375  -0.00368284  0.0
 2.33752363  -0.00369066  0.0
 2.33680132  -0.00388066  0.0
 2.33677125  -0.00388867  0.0
 2.33663664  -0.00392497  0.0
 2.33660662  -0.00393317  0.0
 2.33588673  -0.00413214  0.0
 2.33585676  -0.00414053  0.0
 2.20972011  -0.03985064  0.0
 2.20969660  -0.03985736  0.0
 2.20913274  -0.04001997  0.0
 2.20910926  -0.04002681  0.0
 2.20900416  -0.04005768  0.0
 2.20898072  -0.04006462  0.0
 2.20841847  -0.04023275  0.0
 2.20839506  -0.04023981  0.0
 2.08298029  -0.07841057  0.0
 2.08296276  -0.07841595  0.0
 2.08254217  -0.07854564  0.0
 2.08252466  -0.07855108  0.0
 2.08244624  -0.07857557  0.0
 2.08242874  -0.07858108  0.0
 2.08200912  -0.07871385  0.0
 2.08199164  -0.07871942  0.0
 2.00800000  -0.10243073  0.0
 2.00800000   0.44320193  0.0
 2.12086601   0.41597867  0.0
 2.24797826   0.38487609  0.0
 2.37497255   0.35335239  0.0
 2.50184760   0.32136199  0.0
 2.62865562   0.28892839  0.0
 2.75543487   0.25617350  0.0
 2.88216004   0.22317108  0.0
 2.90997949   0.21586219  0.0
 2.91044983   0.21576252  0.0
 2.91092758   0.21570848  0.0
 2.91140831   0.21570058  0.0
 2.91188757   0.21573889  0.0
 2.91236094   0.21582306  0.0
 2.91282404   0.21595230  0.0
 2.91327258   0.21612542  0.0
 2.91370242   0.21634083  0.0
 2.91410958   0.21659652  0.0
 2.91449031   0.21689014  0.0
 2.91484107   0.21721896  0.0
 2.91515863   0.21757996  0.0
 2.91544004   0.21796979  0.0
 2.91568271   0.21838484  0.0
 2.91588440   0.21882129  0.0
 2.91604324   0.21927509  0.0
 2.91615775   0.21974204  0.0
 2.91622688   0.22021784  0.0
 2.91625000   0.22069808  0.0
 2.91625000   0.25247042  0.0
;;

# interior:
# ---------
 2.92125000   0.24598711  0.0
 2.92125000   0.22069808  0.0
 2.92124422   0.22045768  0.0
 2.92122110   0.21997744  0.0
 2.92117492   0.21949887  0.0
 2.92110579   0.21902308  0.0
 2.92101386   0.21855116  0.0
 2.92089934   0.21808420  0.0
 2.92076251   0.21762329  0.0
 2.92060368   0.21716949  0.0
 2.92042321   0.21672385  0.0
 2.92022152   0.21628741  0.0
 2.91999908   0.21586117  0.0
 2.91975641   0.21544611  0.0
 2.91949406   0.21504320  0.0
 2.91921265   0.21465337  0.0
 2.91891281   0.21427753  0.0
 2.91859526   0.21391653  0.0
 2.91826071   0.21357122  0.0
 2.91790995   0.21324239  0.0
 2.91754378   0.21293081  0.0
 2.91716306   0.21263719  0.0
 2.91676866   0.21236222  0.0
 2.91636150   0.21210652  0.0
 2.91594251   0.21187070  0.0
 2.91551267   0.21165530  0.0
 2.91507297   0.21146081  0.0
 2.91462443   0.21128769  0.0
 2.91416808   0.21113633  0.0
 2.91370498   0.21100709  0.0
 2.91323621   0.21090026  0.0
 2.91276284   0.21081610  0.0
 2.91228597   0.21075479  0.0
 2.91180671   0.21071648  0.0
 2.91132616   0.21070126  0.0
 2.91084543   0.21070916  0.0
 2.91036564   0.21074016  0.0
 2.90988789   0.21079420  0.0
 2.90941330   0.21087114  0.0
 2.90894295   0.21097081  0.0
 2.90870897   0.21102630  0.0
 2.88089473   0.21833383  0.0
 2.75417945   0.25133367  0.0
 2.62741077   0.28408583  0.0
 2.50061689   0.31651581  0.0
 2.37375903   0.34850188  0.0
 2.24678178   0.38002135  0.0
 2.11968564   0.41111999  0.0
 2.01300000   0.43685254  0.0
 2.01300000  -0.09557797  0.0
 2.08046578  -0.07395793  0.0
 2.08047452  -0.07395514  0.0
 2.08049199  -0.07394958  0.0
 2.08050073  -0.07394680  0.0
 2.08092035  -0.07381403  0.0
 2.08092910  -0.07381127  0.0
 2.08094659  -0.07380577  0.0
 2.08095534  -0.07380302  0.0
 2.08103376  -0.07377853  0.0
 2.08104252  -0.07377580  0.0
 2.08106003  -0.07377036  0.0
 2.08106879  -0.07376765  0.0
 2.08148938  -0.07363796  0.0
 2.08149814  -0.07363527  0.0
 2.08151568  -0.07362989  0.0
 2.08152445  -0.07362722  0.0
 2.20693922  -0.03545645  0.0
 2.20695092  -0.03545291  0.0
 2.20697433  -0.03544584  0.0
 2.20698604  -0.03544233  0.0
 2.20754828  -0.03527420  0.0
 2.20756000  -0.03527072  0.0
 2.20758344  -0.03526377  0.0
 2.20759517  -0.03526031  0.0
 2.20770027  -0.03522944  0.0
 2.20771201  -0.03522601  0.0
 2.20773548  -0.03521918  0.0
 2.20774723  -0.03521577  0.0
 2.20831109  -0.03505316  0.0
 2.20832284  -0.03504978  0.0
 2.20834635  -0.03504307  0.0
 2.20835811  -0.03503972  0.0
 2.33449476   0.00067039  0.0
 2.33450973   0.00067461  0.0
 2.33453970   0.00068299  0.0
 2.33455470   0.00068716  0.0
 2.33527459   0.00088613  0.0
 2.33528959   0.00089026  0.0
 2.33531961   0.00089845  0.0
 2.33533463   0.00090253  0.0
 2.33546923   0.00093883  0.0
 2.33548426   0.00094286  0.0
 2.33551434   0.00095087  0.0
 2.33552938   0.00095485  0.0
 2.33625169   0.00114485  0.0
 2.33626674   0.00114879  0.0
 2.33629686   0.00115661  0.0
 2.33631193   0.00116050  0.0
 2.46329577   0.03371886  0.0
 2.46331400   0.03372349  0.0
 2.46335048   0.03373270  0.0
 2.46336873   0.03373727  0.0
 2.46424497   0.03395492  0.0
 2.46426324   0.03395942  0.0
 2.46429978   0.03396835  0.0
 2.46431806   0.03397279  0.0
 2.46448193   0.03401218  0.0
 2.46450022   0.03401654  0.0
 2.46453683   0.03402520  0.0
 2.46455515   0.03402950  0.0
 2.46543457   0.03423394  0.0
 2.46545290   0.03423816  0.0
 2.46548958   0.03424655  0.0
 2.46550792   0.03425070  0.0
 2.59341391   0.06297315  0.0
 2.59343509   0.06297786  0.0
 2.59347749   0.06298719  0.0
 2.59349870   0.06299180  0.0
 2.59451714   0.06321124  0.0
 2.59453837   0.06321576  0.0
 2.59458084   0.06322472  0.0
 2.59460209   0.06322915  0.0
 2.59479254   0.06326846  0.0
 2.59481381   0.06327280  0.0
 2.59485636   0.06328139  0.0
 2.59487764   0.06328564  0.0
 2.59589974   0.06348735  0.0
 2.59592104   0.06349151  0.0
 2.59596367   0.06349973  0.0
 2.59598499   0.06350379  0.0
 2.72480846   0.08776745  0.0
 2.72483196   0.08777182  0.0
 2.72487899   0.08778045  0.0
 2.72490252   0.08778471  0.0
 2.72603219   0.08798631  0.0
 2.72605574   0.08799045  0.0
 2.72610285   0.08799863  0.0
 2.72612641   0.08800266  0.0
 2.72633763   0.08803827  0.0
 2.72636121   0.08804219  0.0
 2.72640840   0.08804992  0.0
 2.72643200   0.08805372  0.0
 2.72756532   0.08823369  0.0
 2.72758894   0.08823738  0.0
 2.72763620   0.08824465  0.0
 2.72765984   0.08824823  0.0
 2.85731577   0.10756750  0.0
 2.85734090   0.10757118  0.0
 2.85739119   0.10757841  0.0
 2.85741634   0.10758196  0.0
 2.85862407   0.10774939  0.0
 2.85864924   0.10775282  0.0
 2.85869959   0.10775954  0.0
 2.85872478   0.10776283  0.0
 2.85895052   0.10779179  0.0
 2.85897572   0.10779496  0.0
 2.85902614   0.10780117  0.0
 2.85905136   0.10780421  0.0
 2.86026224   0.10794707  0.0
 2.86028748   0.10794998  0.0
 2.86033796   0.10795567  0.0
 2.86036321   0.10795846  0.0
 2.91017933   0.11332295  0.0
 2.91042524   0.11334331  0.0
 2.91091776   0.11337187  0.0
 2.91141109   0.11337609  0.0
 2.91190403   0.11335597  0.0
 2.91239538   0.11331156  0.0
 2.91288393   0.11324296  0.0
 2.91336851   0.11315034  0.0
 2.91384793   0.11303393  0.0
 2.91432102   0.11289400  0.0
 2.91478663   0.11273091  0.0
 2.91524363   0.11254504  0.0
 2.91569090   0.11233686  0.0
 2.91612736   0.11210686  0.0
 2.91655194   0.11185561  0.0
 2.91696360   0.11158372  0.0
 2.91736135   0.11129185  0.0
 2.91774422   0.11098071  0.0
 2.91811127   0.11065107  0.0
 2.91846161   0.11030371  0.0
 2.91879439   0.10993950  0.0
 2.91910880   0.10955931  0.0
 2.91940406   0.10916407  0.0
 2.91967947   0.10875475  0.0
 2.91993434   0.10833234  0.0
 2.92016807   0.10789786  0.0
 2.92038008   0.10745239  0.0
 2.92056985   0.10699700  0.0
 2.92073692   0.10653280  0.0
 2.92088089   0.10606093  0.0
 2.92100141   0.10558252  0.0
 2.92109817   0.10509876  0.0
 2.92117095   0.10461081  0.0
 2.92121957   0.10411986  0.0
 2.92124391   0.10362711  0.0
 2.92125000   0.10338044  0.0
 2.92125000   0.07730120  0.0
 2.99465844   0.08520625  0.0
 2.99467168   0.08520766  0.0
 2.99469817   0.08521044  0.0
 2.99471141   0.08521181  0.0
 2.99481739   0.08522266  0.0
 2.99483063   0.08522399  0.0
 2.99485714   0.08522663  0.0
 2.99487039   0.08522793  0.0
 2.99514607   0.08525465  0.0
 2.99515932   0.08525592  0.0
 2.99518584   0.08525842  0.0
 2.99519910   0.08525965  0.0
 2.99530518   0.08526936  0.0
 2.99531844   0.08527056  0.0
 2.99534497   0.08527292  0.0
 2.99535824   0.08527408  0.0
 2.99559596   0.08529456  0.0
 2.99560923   0.08529569  0.0
 2.99563577   0.08529791  0.0
 2.99564904   0.08529900  0.0
 2.99575522   0.08530758  0.0
 2.99576850   0.08530863  0.0
 2.99579505   0.08531071  0.0
 2.99580833   0.08531173  0.0
 2.99608451   0.08533257  0.0
 2.99609779   0.08533355  0.0
 2.99612435   0.08533548  0.0
 2.99613763   0.08533643  0.0
 2.99624390   0.08534388  0.0
 2.99625719   0.08534480  0.0
 2.99628376   0.08534659  0.0
 2.99629705   0.08534747  0.0
 3.12710885   0.09381769  0.0
 3.12712278   0.09381858  0.0
 3.12715064   0.09382030  0.0
 3.12716457   0.09382115  0.0
 3.12727604   0.09382774  0.0
 3.12728997   0.09382854  0.0
 3.12731784   0.09383011  0.0
 3.12733178   0.09383088  0.0
 3.12762167   0.09384640  0.0
 3.12763561   0.09384713  0.0
 3.12766349   0.09384854  0.0
 3.12767743   0.09384923  0.0
 3.12778896   0.09385458  0.0
 3.12780290   0.09385523  0.0
 3.12783079   0.09385649  0.0
 3.12784473   0.09385710  0.0
 3.12809460   0.09386768  0.0
 3.12810855   0.09386825  0.0
 3.12813644   0.09386936  0.0
 3.12815039   0.09386989  0.0
 3.12826197   0.09387399  0.0
 3.12827592   0.09387448  0.0
 3.12830382   0.09387543  0.0
 3.12831777   0.09387588  0.0
 3.12860793   0.09388493  0.0
 3.12862188   0.09388535  0.0
 3.12864979   0.09388614  0.0
 3.12866374   0.09388651  0.0
 3.12877536   0.09388937  0.0
 3.12878931   0.09388971  0.0
 3.12881722   0.09389034  0.0
 3.12883117   0.09389064  0.0
 3.25988970   0.09651184  0.0
 3.25990443   0.09651211  0.0
 3.25993389   0.09651261  0.0
 3.25994862   0.09651284  0.0
 3.26006647   0.09651450  0.0
 3.26008120   0.09651469  0.0
 3.26011066   0.09651502  0.0
 3.26012539   0.09651516  0.0
 3.26043180   0.09651768  0.0
 3.26044653   0.09651778  0.0
 3.26047600   0.09651793  0.0
 3.26049073   0.09651799  0.0
 3.26060859   0.09651826  0.0
 3.26062332   0.09651827  0.0
 3.26065278   0.09651826  0.0
 3.26066751   0.09651822  0.0
 3.26093149   0.09651728  0.0
 3.26094622   0.09651721  0.0
 3.26097568   0.09651701  0.0
 3.26099041   0.09651690  0.0
 3.26110826   0.09651578  0.0
 3.26112300   0.09651562  0.0
 3.26115246   0.09651525  0.0
 3.26116719   0.09651505  0.0
 3.26147357   0.09651034  0.0
 3.26148830   0.09651010  0.0
 3.26151776   0.09650956  0.0
 3.26153249   0.09650926  0.0
 3.26165032   0.09650676  0.0
 3.26166505   0.09650643  0.0
 3.26169450   0.09650571  0.0
 3.26170923   0.09650533  0.0
 3.39274424   0.09294749  0.0
 3.39275930   0.09294705  0.0
 3.39278942   0.09294615  0.0
 3.39280447   0.09294567  0.0
 3.39292494   0.09294167  0.0
 3.39294000   0.09294115  0.0
 3.39297011   0.09294006  0.0
 3.39298516   0.09293949  0.0
 3.39329830   0.09292721  0.0
 3.39331335   0.09292660  0.0
 3.39334346   0.09292533  0.0
 3.39335851   0.09292467  0.0
 3.39347892   0.09291922  0.0
 3.39349397   0.09291851  0.0
 3.39352407   0.09291706  0.0
 3.39353911   0.09291631  0.0
 3.39380872   0.09290248  0.0
 3.39382377   0.09290169  0.0
 3.39385386   0.09290005  0.0
 3.39386890   0.09289921  0.0
 3.39398923   0.09289231  0.0
 3.39400427   0.09289143  0.0
 3.39403435   0.09288961  0.0
 3.39404939   0.09288868  0.0
 3.39436213   0.09286886  0.0
 3.39437717   0.09286788  0.0
 3.39440724   0.09286588  0.0
 3.39442227   0.09286486  0.0
 3.39454251   0.09285651  0.0
 3.39455754   0.09285545  0.0
 3.39458759   0.09285327  0.0
 3.39460262   0.09285216  0.0
 3.52531446   0.08298332  0.0
 3.52532794   0.08298228  0.0
 3.52535489   0.08298017  0.0
 3.52536836   0.08297910  0.0
 3.52547613   0.08297038  0.0
 3.52548960   0.08296927  0.0
 3.52551653   0.08296702  0.0
 3.52553000   0.08296587  0.0
 3.52581007   0.08294168  0.0
 3.52582353   0.08294050  0.0
 3.52585046   0.08293810  0.0
 3.52586392   0.08293688  0.0
 3.52597158   0.08292699  0.0
 3.52598504   0.08292574  0.0
 3.52601195   0.08292319  0.0
 3.52602540   0.08292190  0.0
 3.52626644   0.08289845  0.0
 3.52627989   0.08289713  0.0
 3.52630678   0.08289444  0.0
 3.52632023   0.08289307  0.0
 3.52642779   0.08288202  0.0
 3.52644123   0.08288062  0.0
 3.52646811   0.08287779  0.0
 3.52648155   0.08287635  0.0
 3.52676103   0.08284611  0.0
 3.52677446   0.08284464  0.0
 3.52680133   0.08284166  0.0
 3.52681476   0.08284015  0.0
 3.52692219   0.08282793  0.0
 3.52693561   0.08282639  0.0
 3.52696246   0.08282326  0.0
 3.52697588   0.08282168  0.0
 3.53662835   0.08167144  0.0
 3.52321636   0.08535814  0.0
 3.39679034   0.11959935  0.0
 3.27025318   0.15357007  0.0
 3.14364310   0.18730928  0.0
 3.01697676   0.22083720  0.0
 2.92125000   0.24598711  0.0
;;

