# exterior:
# ---------
-0.83600000   0.71492556  0.0
-0.83600000  -0.65092525  0.0
-0.95392142  -0.63852670  0.0
-1.08146799  -0.62069415  0.0
-1.20815785  -0.59830003  0.0
-1.33378586  -0.57111131  0.0
-1.45810917  -0.53900452  0.0
-1.58076774  -0.50173169  0.0
-1.70135256  -0.45896854  0.0
-1.81926385  -0.41039893  0.0
-1.93330193  -0.35541818  0.0
-2.04120349  -0.29262230  0.0
-2.13945209  -0.21972696  0.0
-2.22164892  -0.13664372  0.0
-2.27454149  -0.04122418  0.0
-2.28050345   0.00020346  0.0
-2.27444063   0.04424913  0.0
-2.21803597   0.13599947  0.0
-2.13215532   0.21711118  0.0
-2.03188353   0.29032242  0.0
-1.92407554   0.35597416  0.0
-1.81138965   0.41507976  0.0
-1.69517389   0.46841633  0.0
-1.57627867   0.51660279  0.0
-1.45527120   0.56008912  0.0
-1.33256027   0.59922238  0.0
-1.20847030   0.63425692  0.0
-1.08323330   0.66533820  0.0
-0.95703292   0.69257196  0.0
-0.83600000   0.71492556  0.0
;;

# interior:
# ---------
-0.84100000   0.70891755  0.0
-0.95605129   0.68766869  0.0
-1.08210350   0.66046691  0.0
-1.20718851   0.62942335  0.0
-1.33112101   0.59443327  0.0
-1.45366561   0.55535306  0.0
-1.57449345   0.51193128  0.0
-1.69319107   0.46382491  0.0
-1.80918408   0.41059056  0.0
-1.92161149   0.35162055  0.0
-2.02910417   0.28616081  0.0
-2.12895181   0.21325926  0.0
-2.21412250   0.13281809  0.0
-2.26963067   0.04252602  0.0
-2.27545417   0.00021897  0.0
-2.26972326  -0.03960315  0.0
-2.21760988  -0.13361702  0.0
-2.13616618  -0.21593900  0.0
-2.03844785  -0.28844091  0.0
-1.93095518  -0.35099884  0.0
-1.81722421  -0.40583152  0.0
-1.69956368  -0.45429784  0.0
-1.57920446  -0.49698098  0.0
-1.45675658  -0.53418978  0.0
-1.33263147  -0.56624539  0.0
-1.20719352  -0.59339298  0.0
-1.08068641  -0.61575479  0.0
-0.95331366  -0.63356304  0.0
-0.84100000  -0.64537197  0.0
-0.84100000   0.70891755  0.0
;;

