# exterior:
# ---------
 0.84100000  -0.47648385  0.0
 0.84100000   0.68425022  0.0
 0.84367678   0.68384142  0.0
 0.97208651   0.66242890  0.0
 1.10032170   0.63943592  0.0
 1.22839040   0.61502277  0.0
 1.35630481   0.58938101  0.0
 1.48404646   0.56263371  0.0
 1.61163053   0.53485492  0.0
 1.73909390   0.50618922  0.0
 1.86644159   0.47676000  0.0
 1.91200000   0.46598105  0.0
 1.91200000  -0.13370084  0.0
 1.83203720  -0.16022870  0.0
 1.83203014  -0.16023105  0.0
 1.83186062  -0.16028756  0.0
 1.83185356  -0.16028992  0.0
 1.83182193  -0.16030052  0.0
 1.83181488  -0.16030289  0.0
 1.83164553  -0.16035991  0.0
 1.83163848  -0.16036229  0.0
 1.70745658  -0.20238265  0.0
 1.70739481  -0.20240359  0.0
 1.70738865  -0.20240568  0.0
 1.58331077  -0.24464431  0.0
 1.45938463  -0.28651324  0.0
 1.33543057  -0.32758316  0.0
 1.21129857  -0.36751256  0.0
 1.08688503  -0.40601511  0.0
 0.96212588  -0.44281661  0.0
 0.84100000  -0.47648385  0.0
;;

# interior:
# ---------
 0.84600000  -0.46990454  0.0
 0.96074898  -0.43800977  0.0
 1.08543855  -0.40122880  0.0
 1.20979389  -0.36274426  0.0
 1.33387871  -0.32283003  0.0
 1.45779812  -0.28177160  0.0
 1.58170492  -0.23990920  0.0
 1.70578043  -0.19767138  0.0
 1.70578968  -0.19766824  0.0
 1.70585395  -0.19764645  0.0
 1.83003938  -0.15562490  0.0
 1.83004996  -0.15562133  0.0
 1.83022283  -0.15556312  0.0
 1.83023342  -0.15555957  0.0
 1.83026858  -0.15554779  0.0
 1.83027917  -0.15554425  0.0
 1.83045222  -0.15548656  0.0
 1.83046282  -0.15548303  0.0
 1.90700000  -0.13009163  0.0
 1.90700000   0.46202599  0.0
 1.86530309   0.47189132  0.0
 1.73798246   0.50131430  0.0
 1.61055012   0.52997301  0.0
 1.48300223   0.55774393  0.0
 1.35530106   0.58448275  0.0
 1.22743087   0.61011565  0.0
 1.09941232   0.63451923  0.0
 0.97123406   0.65750200  0.0
 0.84600000   0.67838498  0.0
 0.84600000  -0.46990454  0.0
;;

