# exterior:
# ---------
 1.91700000   0.46993611  0.0
 1.91700000  -0.13731004  0.0
 1.83361159  -0.16497436  0.0
 1.83344207  -0.16503088  0.0
 1.83341044  -0.16504147  0.0
 1.83324110  -0.16509849  0.0
 1.70906171  -0.20711800  0.0
 1.70899994  -0.20713894  0.0
 1.58491662  -0.24937942  0.0
 1.46097113  -0.29125489  0.0
 1.33698243  -0.33233628  0.0
 1.21280326  -0.37228086  0.0
 1.08833151  -0.41080142  0.0
 0.96350279  -0.44762345  0.0
 0.83827123  -0.48243187  0.0
 0.83600000  -0.48301859  0.0
 0.83600000   0.69007180  0.0
 0.84446544   0.68877894  0.0
 0.97293897   0.66735579  0.0
 1.10123108   0.64435260  0.0
 1.22934993   0.61992989  0.0
 1.35730855   0.59427927  0.0
 1.48509070   0.56752349  0.0
 1.61271094   0.53973682  0.0
 1.74020535   0.51106415  0.0
 1.86758010   0.48162867  0.0
 1.91700000   0.46993611  0.0
;;

# interior:
# ---------
 0.84100000  -0.47648385  0.0
 0.96212588  -0.44281661  0.0
 1.08688503  -0.40601511  0.0
 1.21129857  -0.36751256  0.0
 1.33543057  -0.32758316  0.0
 1.45938463  -0.28651324  0.0
 1.58331077  -0.24464431  0.0
 1.70738865  -0.20240568  0.0
 1.70739481  -0.20240359  0.0
 1.70745658  -0.20238265  0.0
 1.83163848  -0.16036229  0.0
 1.83164553  -0.16035991  0.0
 1.83181488  -0.16030289  0.0
 1.83182193  -0.16030052  0.0
 1.83185356  -0.16028992  0.0
 1.83186062  -0.16028756  0.0
 1.83203014  -0.16023105  0.0
 1.83203720  -0.16022870  0.0
 1.91200000  -0.13370084  0.0
 1.91200000   0.46598105  0.0
 1.86644159   0.47676000  0.0
 1.73909390   0.50618922  0.0
 1.61163053   0.53485492  0.0
 1.48404646   0.56263371  0.0
 1.35630481   0.58938101  0.0
 1.22839040   0.61502277  0.0
 1.10032170   0.63943592  0.0
 0.97208651   0.66242890  0.0
 0.84367678   0.68384142  0.0
 0.84100000   0.68425022  0.0
 0.84100000  -0.47648385  0.0
;;

