# exterior:
# ---------
 0.75000000   0.65464936  0.0
 0.75000000  -0.45565873  0.0
 0.70106161  -0.46830067  0.0
 0.57589297  -0.49788559  0.0
 0.45030256  -0.52454993  0.0
 0.32424996  -0.54807584  0.0
 0.19770101  -0.56834142  0.0
 0.07066995  -0.58532533  0.0
-0.05673235  -0.59903379  0.0
-0.18433175  -0.60937756  0.0
-0.31198900  -0.61615781  0.0
-0.43962456  -0.61916995  0.0
-0.56715597  -0.61825788  0.0
-0.69449300  -0.61328803  0.0
-0.75000000  -0.60930943  0.0
-0.75000000   0.67980264  0.0
-0.69578708   0.68816340  0.0
-0.56904157   0.70388656  0.0
-0.44193532   0.71581998  0.0
-0.31463207   0.72386404  0.0
-0.18724108   0.72786575  0.0
-0.05967848   0.72774867  0.0
 0.06822679   0.72382116  0.0
 0.19641573   0.71663892  0.0
 0.32464473   0.70657986  0.0
 0.45278990   0.69379113  0.0
 0.58088284   0.67847635  0.0
 0.70893083   0.66092153  0.0
 0.75000000   0.65464936  0.0
;;

# interior:
# ---------
 0.74500000   0.65035499  0.0
 0.70821380   0.65597306  0.0
 0.58024645   0.67351683  0.0
 0.45224480   0.68882069  0.0
 0.32420090   0.70159931  0.0
 0.19608032   0.71164987  0.0
 0.06801017   0.71882545  0.0
-0.05975752   0.72274874  0.0
-0.18716486   0.72286568  0.0
-0.31439587   0.71886900  0.0
-0.44154388   0.71083474  0.0
-0.56849999   0.69891542  0.0
-0.69509811   0.68321054  0.0
-0.74500000   0.67551463  0.0
-0.74500000  -0.60465499  0.0
-0.69421669  -0.60829501  0.0
-0.56704056  -0.61325858  0.0
-0.43966568  -0.61416953  0.0
-0.31218062  -0.61116094  0.0
-0.18466641  -0.60438829  0.0
-0.05720188  -0.59405545  0.0
 0.07007110  -0.58036091  0.0
 0.19697427  -0.56339409  0.0
 0.32339584  -0.54314891  0.0
 0.44932453  -0.51964613  0.0
 0.57479856  -0.49300650  0.0
 0.69986114  -0.46344665  0.0
 0.74500000  -0.45178621  0.0
 0.74500000   0.65035499  0.0
;;

