# exterior:
# ---------
-0.75000000   0.78907943  0.0
-0.71066886   0.79514511  0.0
-0.58073969   0.81126322  0.0
-0.45039027   0.82350112  0.0
-0.31973418   0.83175704  0.0
-0.18888740   0.83586731  0.0
-0.05797117   0.83574715  0.0
 0.07290571   0.83172839  0.0
 0.20366055   0.82440239  0.0
 0.33423141   0.81415961  0.0
 0.46456409   0.80115258  0.0
 0.59462901   0.78560203  0.0
 0.72441877   0.76780842  0.0
 0.75000000   0.76390160  0.0
 0.75000000   0.65464936  0.0
 0.70893083   0.66092153  0.0
 0.58088284   0.67847635  0.0
 0.45278990   0.69379113  0.0
 0.32464473   0.70657986  0.0
 0.19641573   0.71663892  0.0
 0.06822679   0.72382116  0.0
-0.05967848   0.72774867  0.0
-0.18724108   0.72786575  0.0
-0.31463207   0.72386404  0.0
-0.44193532   0.71581998  0.0
-0.56904157   0.70388656  0.0
-0.69578708   0.68816340  0.0
-0.75000000   0.67980264  0.0
-0.75000000   0.78907943  0.0
;;

