# exterior:
# ---------
 3.90565000  -0.00701163  0.0
 3.78312371   0.01460940  0.0
 3.78300009   0.01462979  0.0
 3.65342411   0.03451672  0.0
 3.65323723   0.03454219  0.0
 3.52307105   0.05005352  0.0
 3.52283001   0.05007697  0.0
 3.39211816   0.05994581  0.0
 3.39184855   0.05995964  0.0
 3.26081355   0.06351749  0.0
 3.26054958   0.06351844  0.0
 3.12949105   0.06089724  0.0
 3.12924118   0.06088666  0.0
 2.99842937   0.05241643  0.0
 2.99819165   0.05239594  0.0
 2.91125000   0.04303355  0.0
 2.91125000   0.05610871  0.0
 2.99679978   0.06532122  0.0
 2.99707545   0.06534794  0.0
 2.99731318   0.06536842  0.0
 2.99758936   0.06538926  0.0
 3.12840117   0.07385949  0.0
 3.12869106   0.07387501  0.0
 3.12894093   0.07388560  0.0
 3.12923110   0.07389464  0.0
 3.26028963   0.07651584  0.0
 3.26059604   0.07651835  0.0
 3.26086001   0.07651741  0.0
 3.26116639   0.07651270  0.0
 3.39220140   0.07295485  0.0
 3.39251453   0.07294257  0.0
 3.39278414   0.07292874  0.0
 3.39309689   0.07290892  0.0
 3.52380873   0.06304008  0.0
 3.52408880   0.06301588  0.0
 3.52432984   0.06299243  0.0
 3.52460932   0.06296219  0.0
 3.65477550   0.04745086  0.0
 3.65499267   0.04742312  0.0
 3.65517955   0.04739765  0.0
 3.65539622   0.04736626  0.0
 3.78497220   0.02747933  0.0
 3.78511582   0.02745647  0.0
 3.78523943   0.02743608  0.0
 3.78538279   0.02741161  0.0
 3.82638477   0.02017639  0.0
 3.78062282   0.03416377  0.0
 3.65477691   0.06993646  0.0
 3.52848109   0.10465281  0.0
 3.40199739   0.13890964  0.0
 3.27542097   0.17289090  0.0
 3.14877689   0.20663916  0.0
 3.02207662   0.24017606  0.0
 2.91125000   0.26929310  0.0
 2.91125000   0.28273427  0.0
 3.02539152   0.25274633  0.0
 3.15211385   0.21920359  0.0
 3.27878004   0.18544943  0.0
 3.40538197   0.15146132  0.0
 3.53190317   0.11719434  0.0
 3.65827707   0.08245653  0.0
 3.78430044   0.04663339  0.0
 3.90565000   0.00954225  0.0
 3.90565000  -0.00701163  0.0
;;

