# exterior:
# ---------
 2.90179200   0.00000000  0.0
 2.89076982  -0.23498723  0.0
 2.85779597  -0.46818474  0.0
 2.80311370  -0.69782016  0.0
 2.72714003  -0.92214432  0.0
 2.63045997  -1.13945437  0.0
 2.51380330  -1.34808800  0.0
 2.37805619  -1.54646400  0.0
 2.22425542  -1.73307066  0.0
 2.05357098  -1.90648314  0.0
 1.86730605  -2.06539245  0.0
 1.66686810  -2.20857648  0.0
 1.45379200  -2.33495792  0.0
 1.22969373  -2.44356371  0.0
 0.99628192  -2.53357718  0.0
 0.75533472  -2.60430330  0.0
 0.50867661  -2.65521498  0.0
 0.25819578  -2.68591837  0.0
 0.00579200  -2.69617600  0.0
-0.24661178  -2.68591837  0.0
-0.49709261  -2.65521498  0.0
-0.74375072  -2.60430330  0.0
-0.98469792  -2.53357718  0.0
-1.21810973  -2.44356371  0.0
-1.44220800  -2.33495792  0.0
-1.65528410  -2.20857648  0.0
-1.85572205  -2.06539245  0.0
-2.04198698  -1.90648314  0.0
-2.21267142  -1.73307066  0.0
-2.36647219  -1.54646400  0.0
-2.50221930  -1.34808800  0.0
-2.61887597  -1.13945437  0.0
-2.71555603  -0.92214432  0.0
-2.79152970  -0.69782016  0.0
-2.84621197  -0.46818474  0.0
-2.87918582  -0.23498723  0.0
-2.89020800   0.00000000  0.0
-2.87918582   0.23498723  0.0
-2.84621197   0.46818474  0.0
-2.79152970   0.69782016  0.0
-2.71555603   0.92214432  0.0
-2.61887597   1.13945437  0.0
-2.50221930   1.34808800  0.0
-2.36647219   1.54646400  0.0
-2.21267142   1.73307066  0.0
-2.04198698   1.90648314  0.0
-1.85572205   2.06539245  0.0
-1.65528410   2.20857648  0.0
-1.44220800   2.33495792  0.0
-1.21810973   2.44356371  0.0
-0.98469792   2.53357718  0.0
-0.74375072   2.60430330  0.0
-0.49709261   2.65521498  0.0
-0.24661178   2.68591837  0.0
 0.00579200   2.69617600  0.0
 0.25819578   2.68591837  0.0
 0.50867661   2.65521498  0.0
 0.75533472   2.60430330  0.0
 0.99628192   2.53357718  0.0
 1.22969373   2.44356371  0.0
 1.45379200   2.33495792  0.0
 1.66686810   2.20857648  0.0
 1.86730605   2.06539245  0.0
 2.05357098   1.90648314  0.0
 2.22425542   1.73307066  0.0
 2.37805619   1.54646400  0.0
 2.51380330   1.34808800  0.0
 2.63045997   1.13945437  0.0
 2.72714003   0.92214432  0.0
 2.80311370   0.69782016  0.0
 2.85779597   0.46818474  0.0
 2.89076982   0.23498723  0.0
 2.90179200   0.00000000  0.0
;;

# interior:
# ---------
 2.90119134   0.00000000  0.0
 2.89017180   0.23493105  0.0
 2.85720580   0.46807300  0.0
 2.80253647   0.69765407  0.0
 2.72658060   0.92192568  0.0
 2.62992291   1.13918545  0.0
 2.51329283   1.34777153  0.0
 2.37757615   1.54610306  0.0
 2.22380925   1.73266863  0.0
 2.05316168   1.90604363  0.0
 1.86693627   2.06491923  0.0
 1.66654008   2.20807343  0.0
 1.45350762   2.33442899  0.0
 1.22945453   2.44301288  0.0
 0.99608915   2.53300845  0.0
 0.75518934   2.60372066  0.0
 0.50857930   2.65462241  0.0
 0.25814701   2.68531985  0.0
 0.00579200   2.69557550  0.0
-0.24656301   2.68531985  0.0
-0.49699530   2.65462241  0.0
-0.74360534   2.60372066  0.0
-0.98450515   2.53300845  0.0
-1.21787053   2.44301288  0.0
-1.44192362   2.33442899  0.0
-1.65495608   2.20807343  0.0
-1.85535227   2.06491923  0.0
-2.04157768   1.90604363  0.0
-2.21222525   1.73266863  0.0
-2.36599215   1.54610306  0.0
-2.50170883   1.34777153  0.0
-2.61833891   1.13918545  0.0
-2.71499660   0.92192568  0.0
-2.79095247   0.69765407  0.0
-2.84562180   0.46807300  0.0
-2.87858780   0.23493105  0.0
-2.88960734   0.00000000  0.0
-2.87858780  -0.23493105  0.0
-2.84562180  -0.46807300  0.0
-2.79095247  -0.69765407  0.0
-2.71499660  -0.92192568  0.0
-2.61833891  -1.13918545  0.0
-2.50170883  -1.34777153  0.0
-2.36599215  -1.54610306  0.0
-2.21222525  -1.73266863  0.0
-2.04157768  -1.90604363  0.0
-1.85535227  -2.06491923  0.0
-1.65495608  -2.20807343  0.0
-1.44192362  -2.33442899  0.0
-1.21787053  -2.44301288  0.0
-0.98450515  -2.53300845  0.0
-0.74360534  -2.60372066  0.0
-0.49699530  -2.65462241  0.0
-0.24656301  -2.68531985  0.0
 0.00579200  -2.69557550  0.0
 0.25814701  -2.68531985  0.0
 0.50857930  -2.65462241  0.0
 0.75518934  -2.60372066  0.0
 0.99608915  -2.53300845  0.0
 1.22945453  -2.44301288  0.0
 1.45350762  -2.33442899  0.0
 1.66654008  -2.20807343  0.0
 1.86693627  -2.06491923  0.0
 2.05316168  -1.90604363  0.0
 2.22380925  -1.73266863  0.0
 2.37757615  -1.54610306  0.0
 2.51329283  -1.34777153  0.0
 2.62992291  -1.13918545  0.0
 2.72658060  -0.92192568  0.0
 2.80253647  -0.69765407  0.0
 2.85720580  -0.46807300  0.0
 2.89017180  -0.23493105  0.0
 2.90119134   0.00000000  0.0
;;

