# exterior:
# ---------
 2.90119134   0.00000000  0.0
 2.89017180  -0.23493105  0.0
 2.85720580  -0.46807300  0.0
 2.80253647  -0.69765407  0.0
 2.72658060  -0.92192568  0.0
 2.62992291  -1.13918545  0.0
 2.51329283  -1.34777153  0.0
 2.37757615  -1.54610306  0.0
 2.22380925  -1.73266863  0.0
 2.05316168  -1.90604363  0.0
 1.86693627  -2.06491923  0.0
 1.66654008  -2.20807343  0.0
 1.45350762  -2.33442899  0.0
 1.22945453  -2.44301288  0.0
 0.99608915  -2.53300845  0.0
 0.75518934  -2.60372066  0.0
 0.50857930  -2.65462241  0.0
 0.25814701  -2.68531985  0.0
 0.00579200  -2.69557550  0.0
-0.24656301  -2.68531985  0.0
-0.49699530  -2.65462241  0.0
-0.74360534  -2.60372066  0.0
-0.98450515  -2.53300845  0.0
-1.21787053  -2.44301288  0.0
-1.44192362  -2.33442899  0.0
-1.65495608  -2.20807343  0.0
-1.85535227  -2.06491923  0.0
-2.04157768  -1.90604363  0.0
-2.21222525  -1.73266863  0.0
-2.36599215  -1.54610306  0.0
-2.50170883  -1.34777153  0.0
-2.61833891  -1.13918545  0.0
-2.71499660  -0.92192568  0.0
-2.79095247  -0.69765407  0.0
-2.84562180  -0.46807300  0.0
-2.87858780  -0.23493105  0.0
-2.88960734   0.00000000  0.0
-2.87858780   0.23493105  0.0
-2.84562180   0.46807300  0.0
-2.79095247   0.69765407  0.0
-2.71499660   0.92192568  0.0
-2.61833891   1.13918545  0.0
-2.50170883   1.34777153  0.0
-2.36599215   1.54610306  0.0
-2.21222525   1.73266863  0.0
-2.04157768   1.90604363  0.0
-1.85535227   2.06491923  0.0
-1.65495608   2.20807343  0.0
-1.44192362   2.33442899  0.0
-1.21787053   2.44301288  0.0
-0.98450515   2.53300845  0.0
-0.74360534   2.60372066  0.0
-0.49699530   2.65462241  0.0
-0.24656301   2.68531985  0.0
 0.00579200   2.69557550  0.0
 0.25814701   2.68531985  0.0
 0.50857930   2.65462241  0.0
 0.75518934   2.60372066  0.0
 0.99608915   2.53300845  0.0
 1.22945453   2.44301288  0.0
 1.45350762   2.33442899  0.0
 1.66654008   2.20807343  0.0
 1.86693627   2.06491923  0.0
 2.05316168   1.90604363  0.0
 2.22380925   1.73266863  0.0
 2.37757615   1.54610306  0.0
 2.51329283   1.34777153  0.0
 2.62992291   1.13918545  0.0
 2.72658060   0.92192568  0.0
 2.80253647   0.69765407  0.0
 2.85720580   0.46807300  0.0
 2.89017180   0.23493105  0.0
 2.90119134   0.00000000  0.0
;;

# interior:
# ---------
 2.89618584   0.00000000  0.0
 2.88518826   0.23446288  0.0
 2.85228773   0.46714183  0.0
 2.79772624   0.69627002  0.0
 2.72191871   0.92010367  0.0
 2.62544739   1.13694450  0.0
 2.50903892   1.34513424  0.0
 2.37357581   1.54309522  0.0
 2.22009111   1.72931839  0.0
 2.04975093   1.90238111  0.0
 1.86385480   2.06097578  0.0
 1.66380660   2.20388139  0.0
 1.45113778   2.33002126  0.0
 1.22746126   2.43842266  0.0
 0.99448276   2.52826903  0.0
 0.75397782   2.59886532  0.0
 0.50776842   2.64968439  0.0
 0.25774066   2.68033224  0.0
 0.00579200   2.69057138  0.0
-0.24615666   2.68033224  0.0
-0.49618442   2.64968439  0.0
-0.74239382   2.59886532  0.0
-0.98289876   2.52826903  0.0
-1.21587726   2.43842266  0.0
-1.43955378   2.33002126  0.0
-1.65222260   2.20388139  0.0
-1.85227080   2.06097578  0.0
-2.03816693   1.90238111  0.0
-2.20850711   1.72931839  0.0
-2.36199181   1.54309522  0.0
-2.49745492   1.34513424  0.0
-2.61386339   1.13694450  0.0
-2.71033471   0.92010367  0.0
-2.78614224   0.69627002  0.0
-2.84070373   0.46714183  0.0
-2.87360426   0.23446288  0.0
-2.88460184   0.00000000  0.0
-2.87360426  -0.23446288  0.0
-2.84070373  -0.46714183  0.0
-2.78614224  -0.69627002  0.0
-2.71033471  -0.92010367  0.0
-2.61386339  -1.13694450  0.0
-2.49745492  -1.34513424  0.0
-2.36199181  -1.54309522  0.0
-2.20850711  -1.72931839  0.0
-2.03816693  -1.90238111  0.0
-1.85227080  -2.06097578  0.0
-1.65222260  -2.20388139  0.0
-1.43955378  -2.33002126  0.0
-1.21587726  -2.43842266  0.0
-0.98289876  -2.52826903  0.0
-0.74239382  -2.59886532  0.0
-0.49618442  -2.64968439  0.0
-0.24615666  -2.68033224  0.0
 0.00579200  -2.69057138  0.0
 0.25774066  -2.68033224  0.0
 0.50776842  -2.64968439  0.0
 0.75397782  -2.59886532  0.0
 0.99448276  -2.52826903  0.0
 1.22746126  -2.43842266  0.0
 1.45113778  -2.33002126  0.0
 1.66380660  -2.20388139  0.0
 1.86385480  -2.06097578  0.0
 2.04975093  -1.90238111  0.0
 2.22009111  -1.72931839  0.0
 2.37357581  -1.54309522  0.0
 2.50903892  -1.34513424  0.0
 2.62544739  -1.13694450  0.0
 2.72191871  -0.92010367  0.0
 2.79772624  -0.69627002  0.0
 2.85228773  -0.46714183  0.0
 2.88518826  -0.23446288  0.0
 2.89618584   0.00000000  0.0
;;

