# exterior:
# ---------
 0.83600000   0.95271771  0.0
 0.94182823   0.93409257  0.0
 1.13769648   0.89656401  0.0
 1.33357558   0.85646278  0.0
 1.52938759   0.81408336  0.0
 1.72528029   0.76955762  0.0
 1.92118041   0.72325262  0.0
 2.11701302   0.67537426  0.0
 2.31292603   0.62613523  0.0
 2.31832456   0.62474886  0.0
 2.31832456   0.56280198  0.0
 2.29815139   0.56798256  0.0
 2.10257562   0.61713683  0.0
 1.90715451   0.66491457  0.0
 1.71172979   0.71110721  0.0
 1.51639200   0.75550682  0.0
 1.32121231   0.79774938  0.0
 1.12603373   0.83770720  0.0
 0.93098237   0.87507925  0.0
 0.83600000   0.89179558  0.0
 0.83600000   0.95271771  0.0
;;

