# exterior:
# ---------
 2.40432456   0.60266360  0.0
 2.50884432   0.57582236  0.0
 2.70469352   0.52458274  0.0
 2.89775763   0.47334141  0.0
 3.08310988   0.42374517  0.0
 3.26075127   0.37571294  0.0
 3.43075887   0.32961105  0.0
 3.59187500   0.28603895  0.0
 3.59187500   0.22389458  0.0
 3.57739415   0.22779973  0.0
 3.41505549   0.27170247  0.0
 3.24506911   0.31779860  0.0
 3.06752484   0.36580458  0.0
 2.88230719   0.41536480  0.0
 2.68940433   0.46656333  0.0
 2.49378895   0.51774177  0.0
 2.40432456   0.54071671  0.0
 2.40432456   0.60266360  0.0
;;

