# exterior:
# ---------
 3.95445857   0.02010408  0.0
 3.82345681   0.00495280  0.0
 3.82343120   0.00494928  0.0
 3.67267076  -0.01910480  0.0
 3.67264587  -0.01910931  0.0
 3.59187500  -0.03551438  0.0
 3.59187500  -0.03041229  0.0
 3.67165066  -0.01420936  0.0
 3.67175417  -0.01418947  0.0
 3.67177906  -0.01418496  0.0
 3.67188297  -0.01416725  0.0
 3.82264341   0.00988682  0.0
 3.82274992   0.00990264  0.0
 3.82277552   0.00990617  0.0
 3.82288235   0.00991969  0.0
 3.95445857   0.02513741  0.0
 3.95445857   0.02010408  0.0
;;

