# exterior:
# ---------
 4.30215318   0.02879048  0.0
 4.22984795   0.03278629  0.0
 4.22980615   0.03278714  0.0
 4.10204182   0.03093570  0.0
 4.10200884   0.03093431  0.0
 4.01432115   0.02482996  0.0
 4.01432115   0.02984206  0.0
 4.10166161   0.03592224  0.0
 4.10179892   0.03592991  0.0
 4.10183190   0.03593129  0.0
 4.10196937   0.03593518  0.0
 4.22973370   0.03778662  0.0
 4.22990793   0.03778611  0.0
 4.22994973   0.03778526  0.0
 4.23012384   0.03777868  0.0
 4.30215318   0.03379811  0.0
 4.30215318   0.02879048  0.0
;;

