# exterior:
# ---------
 0.75000000  -1.06328207  0.0
 0.64875586  -1.10111860  0.0
 0.45289771  -1.17005832  0.0
 0.25697025  -1.23328845  0.0
 0.06104862  -1.28937625  0.0
-0.13479214  -1.33583150  0.0
-0.33069859  -1.37050996  0.0
-0.52659665  -1.39098854  0.0
-0.72241360  -1.39484465  0.0
-0.75000000  -1.39274386  0.0
-0.75000000  -1.38772938  0.0
-0.72227266  -1.38984090  0.0
-0.52690635  -1.38599367  0.0
-0.33139516  -1.36555553  0.0
-0.13580576  -1.33093320  0.0
 0.05978289  -1.28453775  0.0
 0.25551398  -1.22850450  0.0
 0.45129957  -1.16532015  0.0
 0.64705048  -1.09641818  0.0
 0.75000000  -1.05794432  0.0
 0.75000000  -1.06328207  0.0
;;

