# exterior:
# ---------
 3.59187500  -0.03612663  0.0
 3.51429051  -0.05188451  0.0
 3.34817484  -0.09235179  0.0
 3.17434482  -0.14088607  0.0
 2.99280045  -0.19734042  0.0
 2.80361520  -0.26107564  0.0
 2.60818500  -0.33094562  0.0
 2.41224051  -0.40403357  0.0
 2.40432456  -0.40708504  0.0
 2.40432456  -0.40644201  0.0
 2.41202470  -0.40347373  0.0
 2.41203082  -0.40347141  0.0
 2.60797531  -0.33038345  0.0
 2.60798301  -0.33038064  0.0
 2.80341321  -0.26051067  0.0
 2.80342364  -0.26050705  0.0
 2.99260889  -0.19677182  0.0
 2.99262229  -0.19676748  0.0
 3.17416666  -0.14031313  0.0
 3.17418347  -0.14030817  0.0
 3.34801349  -0.09177389  0.0
 3.34803283  -0.09176884  0.0
 3.51414850  -0.05130156  0.0
 3.51417108  -0.05129652  0.0
 3.59187500  -0.03551438  0.0
 3.59187500  -0.03612663  0.0
;;

