# exterior:
# ---------
-0.75000000   1.10622317  0.0
-0.62449500   1.10796434  0.0
-0.42855051   1.10318144  0.0
-0.23267949   1.09240339  0.0
-0.03673500   1.07705551  0.0
 0.15920949   1.05728473  0.0
 0.35508051   1.03323800  0.0
 0.55102500   1.00532675  0.0
 0.74696949   0.97407261  0.0
 0.75000000   0.97353926  0.0
 0.75000000   0.97293003  0.0
 0.74687023   0.97348085  0.0
 0.55093543   1.00473345  0.0
 0.35500164   1.03264318  0.0
 0.15914281   1.05668841  0.0
-0.03678855   1.07645786  0.0
-0.23271940   1.09180468  0.0
-0.42857432   1.10258184  0.0
-0.62449816   1.10736423  0.0
-0.75000000   1.10562311  0.0
-0.75000000   1.10622317  0.0
;;

