# exterior:
# ---------
 4.59127500  -0.01941675  0.0
 4.56704921  -0.01298267  0.0
 4.56702729  -0.01297728  0.0
 4.46233254   0.01065067  0.0
 4.46228240   0.01065977  0.0
 4.34994677   0.02614724  0.0
 4.34989793   0.02615195  0.0
 4.22984795   0.03278629  0.0
 4.22980615   0.03278714  0.0
 4.10204182   0.03093570  0.0
 4.10200884   0.03093431  0.0
 3.96660363   0.02150811  0.0
 3.96657637   0.02150559  0.0
 3.82345681   0.00495280  0.0
 3.82343120   0.00494928  0.0
 3.67267076  -0.01910480  0.0
 3.67264587  -0.01910931  0.0
 3.51417108  -0.05129652  0.0
 3.51414850  -0.05130156  0.0
 3.34803283  -0.09176884  0.0
 3.34801349  -0.09177389  0.0
 3.17418347  -0.14030817  0.0
 3.17416666  -0.14031313  0.0
 2.99262229  -0.19676748  0.0
 2.99260889  -0.19677182  0.0
 2.80342364  -0.26050705  0.0
 2.80341321  -0.26051067  0.0
 2.60798301  -0.33038064  0.0
 2.60797531  -0.33038345  0.0
 2.41203082  -0.40347141  0.0
 2.41202470  -0.40347373  0.0
 2.21615368  -0.47897885  0.0
 2.21614949  -0.47898048  0.0
 2.02020500  -0.55620480  0.0
 2.02020184  -0.55620605  0.0
 1.82425735  -0.63471609  0.0
 1.82425502  -0.63471703  0.0
 1.62838400  -0.71415280  0.0
 1.62838303  -0.71415319  0.0
 1.43243897  -0.79401491  0.0
 1.23649653  -0.87352331  0.0
 1.04062955  -0.95167174  0.0
 0.84469121  -1.02789447  0.0
 0.64875586  -1.10111860  0.0
 0.45289771  -1.17005832  0.0
 0.25697025  -1.23328845  0.0
 0.06104862  -1.28937625  0.0
-0.13479214  -1.33583150  0.0
-0.33069859  -1.37050996  0.0
-0.52659665  -1.39098854  0.0
-0.72241360  -1.39484465  0.0
-0.91830019  -1.37992730  0.0
-1.10772467  -1.34668437  0.0
-1.28687161  -1.29887513  0.0
-1.45566688  -1.24036237  0.0
-1.61418128  -1.17379073  0.0
-1.76241248  -1.10107811  0.0
-1.90028660  -1.02329713  0.0
-2.02795012  -0.94195387  0.0
-2.14518212  -0.85796698  0.0
-2.25220304  -0.77241636  0.0
-2.34886566  -0.68629407  0.0
-2.43524352  -0.60067275  0.0
-2.51133636  -0.51661808  0.0
-2.57706844  -0.43536000  0.0
-2.63251220  -0.35617457  0.0
-2.67766904  -0.27885725  0.0
-2.71253991  -0.20304432  0.0
-2.73705658  -0.12660955  0.0
-2.75129799  -0.05173203  0.0
-2.75320375  -0.03285764  0.0
-2.75452376  -0.00001877  0.0
-2.74542224   0.08839808  0.0
-2.72604702   0.16603842  0.0
-2.69639575   0.23833174  0.0
-2.65638741   0.30935572  0.0
-2.60609306   0.38103801  0.0
-2.54551362   0.45265393  0.0
-2.47464832   0.52377626  0.0
-2.39342373   0.59383797  0.0
-2.30191326   0.66211095  0.0
-2.20004323   0.72797025  0.0
-2.08796038   0.79075428  0.0
-1.96544408   0.84997783  0.0
-1.83271460   0.90506755  0.0
-1.68969928   0.95551589  0.0
-1.53632491   1.00039699  0.0
-1.37259172   1.03899806  0.0
-1.19864742   1.07011411  0.0
-1.01434532   1.09251831  0.0
-0.82041659   1.10464620  0.0
-0.62449816   1.10736423  0.0
-0.42857432   1.10258184  0.0
-0.23271940   1.09180468  0.0
-0.03678855   1.07645786  0.0
 0.15914281   1.05668841  0.0
 0.35500164   1.03264318  0.0
 0.55093543   1.00473345  0.0
 0.74687023   0.97348085  0.0
 0.94273205   0.93901035  0.0
 1.13866837   0.90146874  0.0
 1.33460586   0.86135556  0.0
 1.53047055   0.81896474  0.0
 1.72640949   0.77442848  0.0
 1.92234923   0.72811412  0.0
 2.11821614   0.68022738  0.0
 2.31415725   0.63098129  0.0
 2.51009894   0.58066241  0.0
 2.70596762   0.52941769  0.0
 2.89904517   0.47817279  0.0
 3.08440863   0.42857356  0.0
 3.26205812   0.38053913  0.0
 3.43206749   0.33443677  0.0
 3.59436311   0.29054568  0.0
 3.74894441   0.24885869  0.0
 3.89588474   0.20932439  0.0
 3.89588560   0.20932416  0.0
 4.03518472   0.17206753  0.0
 4.16676860   0.13688298  0.0
 4.29063662   0.10333723  0.0
 4.40686329   0.07122429  0.0
 4.51537708   0.04067585  0.0
 4.51537902   0.04067531  0.0
 4.54131389   0.03346792  0.0
 4.56673448   0.02640011  0.0
 4.56673801   0.02639914  0.0
 4.59127500   0.01973807  0.0
 4.59127500  -0.01941675  0.0
;;

# interior:
# ---------
 4.58627500  -0.01291547  0.0
 4.58627500   0.01591446  0.0
 4.56542806   0.02157379  0.0
 4.56541335   0.02157781  0.0
 4.56540981   0.02157878  0.0
 4.56539511   0.02158284  0.0
 4.53997482   0.02865056  0.0
 4.51404023   0.03585788  0.0
 4.51403216   0.03586013  0.0
 4.51403023   0.03586067  0.0
 4.51402216   0.03586293  0.0
 4.40552003   0.06640809  0.0
 4.28931732   0.09851441  0.0
 4.16546930   0.13205474  0.0
 4.03389284   0.16723730  0.0
 3.89459014   0.20449490  0.0
 3.89458569   0.20449610  0.0
 3.74764253   0.24403115  0.0
 3.59305781   0.28571907  0.0
 3.43075887   0.32961105  0.0
 3.26075127   0.37571294  0.0
 3.08310988   0.42374517  0.0
 2.89775763   0.47334141  0.0
 2.70469352   0.52458274  0.0
 2.50884432   0.57582236  0.0
 2.31292603   0.62613523  0.0
 2.11701302   0.67537426  0.0
 1.92118041   0.72325262  0.0
 1.72528029   0.76955762  0.0
 1.52938759   0.81408336  0.0
 1.33357558   0.85646278  0.0
 1.13769648   0.89656401  0.0
 0.94182823   0.93409257  0.0
 0.74604307   0.96854959  0.0
 0.55018904   0.99978929  0.0
 0.35434439   1.02768633  0.0
 0.15858714   1.05171909  0.0
-0.03723480   1.07147750  0.0
-0.23305203   1.08681542  0.0
-0.42877273   1.09758519  0.0
-0.62452450   1.10236339  0.0
-0.82022576   1.09964837  0.0
-1.01388720   1.08753720  0.0
-1.19790493   1.06516756  0.0
-1.37157708   1.03410020  0.0
-1.53504823   0.99556090  0.0
-1.68816438   0.95075536  0.0
-1.83092327   0.90039747  0.0
-1.96339604   0.84541431  0.0
-2.08564848   0.78631830  0.0
-2.19746157   0.72368539  0.0
-2.29905780   0.65800310  0.0
-2.39029197   0.58993625  0.0
-2.47123961   0.52011342  0.0
-2.54182783   0.44926919  0.0
-2.60212977   0.37798133  0.0
-2.65215238   0.30668633  0.0
-2.69188731   0.23614771  0.0
-2.72128352   0.16447626  0.0
-2.74048493   0.08753242  0.0
-2.74951344  -0.00017514  0.0
-2.74821386  -0.03250576  0.0
-2.74634523  -0.05101240  0.0
-2.73220190  -0.12537425  0.0
-2.70787112  -0.20122946  0.0
-2.67322846  -0.27654625  0.0
-2.62829839  -0.35347528  0.0
-2.57307206  -0.43235019  0.0
-2.50753639  -0.51336546  0.0
-2.43162754  -0.59721689  0.0
-2.34544020  -0.68264936  0.0
-2.24897667  -0.76859427  0.0
-2.14216306  -0.85397917  0.0
-2.02514869  -0.93781014  0.0
-1.89771297  -1.01900825  0.0
-1.76008117  -1.09665253  0.0
-1.61211048  -1.16923736  0.0
-1.45387820  -1.23569052  0.0
-1.28540623  -1.29409121  0.0
-1.10664588  -1.34179728  0.0
-0.91767673  -1.37496030  0.0
-0.72227266  -1.38984090  0.0
-0.52690635  -1.38599367  0.0
-0.33139516  -1.36555553  0.0
-0.13580576  -1.33093320  0.0
 0.05978289  -1.28453775  0.0
 0.25551398  -1.22850450  0.0
 0.45129957  -1.16532015  0.0
 0.64705048  -1.09641818  0.0
 0.84290959  -1.02322254  0.0
 1.03879670  -0.94701973  0.0
 1.23463007  -0.86888471  0.0
 1.43055540  -0.78938326  0.0
 1.62649991  -0.70952136  0.0
 1.62650489  -0.70951934  0.0
 1.82237591  -0.63008357  0.0
 1.82238563  -0.63007964  0.0
 1.82238797  -0.63007870  0.0
 1.82239770  -0.63007479  0.0
 2.01834219  -0.55156475  0.0
 2.01835535  -0.55155950  0.0
 2.01835851  -0.55155824  0.0
 2.01837168  -0.55155303  0.0
 2.21431617  -0.47432871  0.0
 2.21433360  -0.47432188  0.0
 2.21433779  -0.47432025  0.0
 2.21435525  -0.47431348  0.0
 2.41022627  -0.39880836  0.0
 2.41025175  -0.39879862  0.0
 2.41025787  -0.39879629  0.0
 2.41028341  -0.39878669  0.0
 2.60622790  -0.32569874  0.0
 2.60625994  -0.32568691  0.0
 2.60626764  -0.32568410  0.0
 2.60629976  -0.32567249  0.0
 2.80172996  -0.25580252  0.0
 2.80177336  -0.25578723  0.0
 2.80178379  -0.25578360  0.0
 2.80182733  -0.25576871  0.0
 2.99101258  -0.19203349  0.0
 2.99106828  -0.19201509  0.0
 2.99108167  -0.19201075  0.0
 2.99113758  -0.19199300  0.0
 3.17268195  -0.13553866  0.0
 3.17275185  -0.13551748  0.0
 3.17276866  -0.13551252  0.0
 3.17283887  -0.13549236  0.0
 3.34666889  -0.08695808  0.0
 3.34674929  -0.08693635  0.0
 3.34676863  -0.08693130  0.0
 3.34684939  -0.08691091  0.0
 3.51296506  -0.04644363  0.0
 3.51305897  -0.04642171  0.0
 3.51308156  -0.04641667  0.0
 3.51317587  -0.04639656  0.0
 3.67165066  -0.01420936  0.0
 3.67175417  -0.01418947  0.0
 3.67177906  -0.01418496  0.0
 3.67188297  -0.01416725  0.0
 3.82264341   0.00988682  0.0
 3.82274992   0.00990264  0.0
 3.82277552   0.00990617  0.0
 3.82288235   0.00991969  0.0
 3.96600191   0.02647248  0.0
 3.96611540   0.02648429  0.0
 3.96614267   0.02648682  0.0
 3.96625640   0.02649604  0.0
 4.10166161   0.03592224  0.0
 4.10179892   0.03592991  0.0
 4.10183190   0.03593129  0.0
 4.10196937   0.03593518  0.0
 4.22973370   0.03778662  0.0
 4.22990793   0.03778611  0.0
 4.22994973   0.03778526  0.0
 4.23012384   0.03777868  0.0
 4.35017382   0.03114433  0.0
 4.35037772   0.03112888  0.0
 4.35042655   0.03112417  0.0
 4.35062965   0.03110039  0.0
 4.46296528   0.01561292  0.0
 4.46317501   0.01557945  0.0
 4.46322515   0.01557035  0.0
 4.46343328   0.01552800  0.0
 4.56812803  -0.00809995  0.0
 4.56821959  -0.00812152  0.0
 4.56824152  -0.00812690  0.0
 4.56833266  -0.00815020  0.0
 4.58627500  -0.01291547  0.0
;;

