# exterior:
# ---------
-0.75000000   1.10562311  0.0
-0.62449816   1.10736423  0.0
-0.42857432   1.10258184  0.0
-0.23271940   1.09180468  0.0
-0.03678855   1.07645786  0.0
 0.15914281   1.05668841  0.0
 0.35500164   1.03264318  0.0
 0.55093543   1.00473345  0.0
 0.74687023   0.97348085  0.0
 0.75000000   0.97293003  0.0
 0.75000000   0.96785319  0.0
 0.74604307   0.96854959  0.0
 0.55018904   0.99978929  0.0
 0.35434439   1.02768633  0.0
 0.15858714   1.05171909  0.0
-0.03723480   1.07147750  0.0
-0.23305203   1.08681542  0.0
-0.42877273   1.09758519  0.0
-0.62452450   1.10236339  0.0
-0.75000000   1.10062263  0.0
-0.75000000   1.10562311  0.0
;;

