# exterior:
# ---------
 3.59187500  -0.03551438  0.0
 3.51417108  -0.05129652  0.0
 3.51414850  -0.05130156  0.0
 3.34803283  -0.09176884  0.0
 3.34801349  -0.09177389  0.0
 3.17418347  -0.14030817  0.0
 3.17416666  -0.14031313  0.0
 2.99262229  -0.19676748  0.0
 2.99260889  -0.19677182  0.0
 2.80342364  -0.26050705  0.0
 2.80341321  -0.26051067  0.0
 2.60798301  -0.33038064  0.0
 2.60797531  -0.33038345  0.0
 2.41203082  -0.40347141  0.0
 2.41202470  -0.40347373  0.0
 2.40432456  -0.40644201  0.0
 2.40432456  -0.40108337  0.0
 2.41022627  -0.39880836  0.0
 2.41025175  -0.39879862  0.0
 2.41025787  -0.39879629  0.0
 2.41028341  -0.39878669  0.0
 2.60622790  -0.32569874  0.0
 2.60625994  -0.32568691  0.0
 2.60626764  -0.32568410  0.0
 2.60629976  -0.32567249  0.0
 2.80172996  -0.25580252  0.0
 2.80177336  -0.25578723  0.0
 2.80178379  -0.25578360  0.0
 2.80182733  -0.25576871  0.0
 2.99101258  -0.19203349  0.0
 2.99106828  -0.19201509  0.0
 2.99108167  -0.19201075  0.0
 2.99113758  -0.19199300  0.0
 3.17268195  -0.13553866  0.0
 3.17275185  -0.13551748  0.0
 3.17276866  -0.13551252  0.0
 3.17283887  -0.13549236  0.0
 3.34666889  -0.08695808  0.0
 3.34674929  -0.08693635  0.0
 3.34676863  -0.08693130  0.0
 3.34684939  -0.08691091  0.0
 3.51296506  -0.04644363  0.0
 3.51305897  -0.04642171  0.0
 3.51308156  -0.04641667  0.0
 3.51317587  -0.04639656  0.0
 3.59187500  -0.03041229  0.0
 3.59187500  -0.03551438  0.0
;;

