# exterior:
# ---------
 2.31832456  -0.43959362  0.0
 2.21615368  -0.47897885  0.0
 2.21614949  -0.47898048  0.0
 2.02020500  -0.55620480  0.0
 2.02020184  -0.55620605  0.0
 1.82425735  -0.63471609  0.0
 1.82425502  -0.63471703  0.0
 1.62838400  -0.71415280  0.0
 1.62838303  -0.71415319  0.0
 1.43243897  -0.79401491  0.0
 1.23649653  -0.87352331  0.0
 1.04062955  -0.95167174  0.0
 0.84469121  -1.02789447  0.0
 0.83600000  -1.03114251  0.0
 0.83600000  -1.02580476  0.0
 0.84290959  -1.02322254  0.0
 1.03879670  -0.94701973  0.0
 1.23463007  -0.86888471  0.0
 1.43055540  -0.78938326  0.0
 1.62649991  -0.70952136  0.0
 1.62650489  -0.70951934  0.0
 1.82237591  -0.63008357  0.0
 1.82238563  -0.63007964  0.0
 1.82238797  -0.63007870  0.0
 1.82239770  -0.63007479  0.0
 2.01834219  -0.55156475  0.0
 2.01835535  -0.55155950  0.0
 2.01835851  -0.55155824  0.0
 2.01837168  -0.55155303  0.0
 2.21431617  -0.47432871  0.0
 2.21433360  -0.47432188  0.0
 2.21433779  -0.47432025  0.0
 2.21435525  -0.47431348  0.0
 2.31832456  -0.43423499  0.0
 2.31832456  -0.43959362  0.0
;;

