# exterior:
# ---------
 0.75000000  -1.06392260  0.0
 0.64896051  -1.10168265  0.0
 0.45308949  -1.17062690  0.0
 0.25714500  -1.23386253  0.0
 0.06120051  -1.28995687  0.0
-0.13467051  -1.33641930  0.0
-0.33061500  -1.37110449  0.0
-0.52655949  -1.39158792  0.0
-0.72243051  -1.39544510  0.0
-0.75000000  -1.39334560  0.0
-0.75000000  -1.39274386  0.0
-0.72241360  -1.39484465  0.0
-0.52659665  -1.39098854  0.0
-0.33069859  -1.37050996  0.0
-0.13479214  -1.33583150  0.0
 0.06104862  -1.28937625  0.0
 0.25697025  -1.23328845  0.0
 0.45289771  -1.17005832  0.0
 0.64875586  -1.10111860  0.0
 0.75000000  -1.06328207  0.0
 0.75000000  -1.06392260  0.0
;;

