# exterior:
# ---------
 0.83600000   0.95840377  0.0
 0.94284051   0.93960048  0.0
 1.13878500   0.90205731  0.0
 1.33472949   0.86194269  0.0
 1.53060051   0.81955050  0.0
 1.72654500   0.77501299  0.0
 1.92248949   0.72869750  0.0
 2.11836051   0.68080976  0.0
 2.31430500   0.63156281  0.0
 2.31832456   0.63053057  0.0
 2.31832456   0.62991110  0.0
 2.31415725   0.63098129  0.0
 2.11821614   0.68022738  0.0
 1.92234923   0.72811412  0.0
 1.72640949   0.77442848  0.0
 1.53047055   0.81896474  0.0
 1.33460586   0.86135556  0.0
 1.13866837   0.90146874  0.0
 0.94273205   0.93901035  0.0
 0.83600000   0.95779455  0.0
 0.83600000   0.95840377  0.0
;;

