# exterior:
# ---------
 2.40432456   0.60844530  0.0
 2.51024949   0.58124321  0.0
 2.70612051   0.52999789  0.0
 2.89919967   0.47875256  0.0
 3.08456448   0.42915296  0.0
 3.26221494   0.38111828  0.0
 3.43222452   0.33501585  0.0
 3.59187500   0.29184012  0.0
 3.59187500   0.29121856  0.0
 3.43206749   0.33443677  0.0
 3.26205812   0.38053913  0.0
 3.08440863   0.42857356  0.0
 2.89904517   0.47817279  0.0
 2.70596762   0.52941769  0.0
 2.51009894   0.58066241  0.0
 2.40432456   0.60782584  0.0
 2.40432456   0.60844530  0.0
;;

