# exterior:
# ---------
 2.40432456   0.60782584  0.0
 2.51009894   0.58066241  0.0
 2.70596762   0.52941769  0.0
 2.89904517   0.47817279  0.0
 3.08440863   0.42857356  0.0
 3.26205812   0.38053913  0.0
 3.43206749   0.33443677  0.0
 3.59187500   0.29121856  0.0
 3.59187500   0.28603895  0.0
 3.43075887   0.32961105  0.0
 3.26075127   0.37571294  0.0
 3.08310988   0.42374517  0.0
 2.89775763   0.47334141  0.0
 2.70469352   0.52458274  0.0
 2.50884432   0.57582236  0.0
 2.40432456   0.60266360  0.0
 2.40432456   0.60782584  0.0
;;

