# exterior:
# ---------
 3.98409666   0.10291950  0.0
 3.96104790   0.10131497  0.0
 3.96101945   0.10131290  0.0
 3.96056431   0.10127861  0.0
 3.96053587   0.10127639  0.0
 3.95985348   0.10122105  0.0
 3.95982505   0.10121866  0.0
 3.95937034   0.10117918  0.0
 3.95934193   0.10117663  0.0
 3.95908744   0.10115307  0.0
 3.95905904   0.10115036  0.0
 3.95860481   0.10110568  0.0
 3.95857642   0.10110281  0.0
 3.95789548   0.10103192  0.0
 3.95786711   0.10102888  0.0
 3.95741342   0.10097903  0.0
 3.95738507   0.10097584  0.0
 3.95445857   0.10063736  0.0
 3.95445857   0.10567070  0.0
 3.95445857   0.10567070  0.0
 3.95445857   0.10567070  0.0
 3.95445857   0.10567070  0.0
 3.98409666   0.10291950  0.0
;;

