# exterior:
# ---------
 3.95445857   0.10063736  0.0
 3.81426551   0.08442304  0.0
 3.81423877   0.08441988  0.0
 3.81381118   0.08436809  0.0
 3.81378446   0.08436478  0.0
 3.81314350   0.08428365  0.0
 3.81311680   0.08428019  0.0
 3.81268978   0.08422380  0.0
 3.81266310   0.08422021  0.0
 3.81242417   0.08418734  0.0
 3.81239751   0.08418360  0.0
 3.81197112   0.08412262  0.0
 3.81194448   0.08411873  0.0
 3.81130542   0.08402382  0.0
 3.81127880   0.08401979  0.0
 3.81085310   0.08395422  0.0
 3.81082650   0.08395005  0.0
 3.66006606   0.05989597  0.0
 3.66004005   0.05989175  0.0
 3.65962405   0.05982312  0.0
 3.65959806   0.05981877  0.0
 3.65897462   0.05971254  0.0
 3.65894866   0.05970805  0.0
 3.65853340   0.05963505  0.0
 3.65850746   0.05963041  0.0
 3.65827515   0.05958831  0.0
 3.65824924   0.05958354  0.0
 3.65783478   0.05950616  0.0
 3.65780889   0.05950126  0.0
 3.65718782   0.05938192  0.0
 3.65716196   0.05937688  0.0
 3.65674834   0.05929514  0.0
 3.65672250   0.05928996  0.0
 3.59087979   0.04591690  0.0
 3.59040568   0.04579618  0.0
 3.58994563   0.04562971  0.0
 3.58950406   0.04541907  0.0
 3.58908519   0.04516628  0.0
 3.58869303   0.04487377  0.0
 3.58833133   0.04454433  0.0
 3.58800356   0.04418112  0.0
 3.58788250   0.04401724  0.0
 3.58388520   0.04702112  0.0
 3.58398196   0.04715209  0.0
 3.58429156   0.04753090  0.0
 3.58461933   0.04789411  0.0
 3.58496448   0.04824085  0.0
 3.58532618   0.04857029  0.0
 3.58570356   0.04888164  0.0
 3.58609572   0.04917415  0.0
 3.58650172   0.04944713  0.0
 3.58692059   0.04969992  0.0
 3.58735133   0.04993191  0.0
 3.58779290   0.05014255  0.0
 3.58824425   0.05033133  0.0
 3.58870430   0.05049781  0.0
 3.58917193   0.05064158  0.0
 3.58964604   0.05076230  0.0
 3.58988458   0.05081686  0.0
 3.65572729   0.06418992  0.0
 3.65574020   0.06419252  0.0
 3.65576604   0.06419770  0.0
 3.65577896   0.06420027  0.0
 3.65619259   0.06428201  0.0
 3.65620551   0.06428455  0.0
 3.65623138   0.06428959  0.0
 3.65624432   0.06429209  0.0
 3.65686538   0.06441143  0.0
 3.65687832   0.06441390  0.0
 3.65690421   0.06441881  0.0
 3.65691716   0.06442124  0.0
 3.65733162   0.06449862  0.0
 3.65734458   0.06450102  0.0
 3.65737049   0.06450579  0.0
 3.65738345   0.06450815  0.0
 3.65761576   0.06455026  0.0
 3.65762873   0.06455259  0.0
 3.65765467   0.06455722  0.0
 3.65766764   0.06455952  0.0
 3.65808290   0.06463253  0.0
 3.65809588   0.06463479  0.0
 3.65812184   0.06463928  0.0
 3.65813483   0.06464151  0.0
 3.65875827   0.06474774  0.0
 3.65877126   0.06474993  0.0
 3.65879725   0.06475429  0.0
 3.65881024   0.06475645  0.0
 3.65922624   0.06482507  0.0
 3.65923925   0.06482720  0.0
 3.65926526   0.06483142  0.0
 3.65927827   0.06483352  0.0
 3.81003871   0.08888759  0.0
 3.81005200   0.08888970  0.0
 3.81007860   0.08889387  0.0
 3.81009190   0.08889593  0.0
 3.81051760   0.08896151  0.0
 3.81053091   0.08896354  0.0
 3.81055752   0.08896756  0.0
 3.81057084   0.08896956  0.0
 3.81120990   0.08906448  0.0
 3.81122322   0.08906644  0.0
 3.81124986   0.08907032  0.0
 3.81126318   0.08907225  0.0
 3.81168956   0.08913323  0.0
 3.81170289   0.08913512  0.0
 3.81172955   0.08913886  0.0
 3.81174288   0.08914071  0.0
 3.81198182   0.08917357  0.0
 3.81199516   0.08917539  0.0
 3.81202184   0.08917899  0.0
 3.81203518   0.08918077  0.0
 3.81246220   0.08923716  0.0
 3.81247554   0.08923890  0.0
 3.81250224   0.08924235  0.0
 3.81251559   0.08924406  0.0
 3.81315655   0.08932520  0.0
 3.81316991   0.08932687  0.0
 3.81319663   0.08933018  0.0
 3.81320999   0.08933182  0.0
 3.81363758   0.08938360  0.0
 3.81365095   0.08938521  0.0
 3.81367768   0.08938837  0.0
 3.81369105   0.08938993  0.0
 3.95445857   0.10567070  0.0
 3.95445857   0.10063736  0.0
;;

