# exterior:
# ---------
 0.83600000   0.89179558  0.0
 0.93098237   0.87507925  0.0
 1.12603373   0.83770720  0.0
 1.32121231   0.79774938  0.0
 1.51639200   0.75550682  0.0
 1.71172979   0.71110721  0.0
 1.90715451   0.66491457  0.0
 2.10257562   0.61713683  0.0
 2.29815139   0.56798256  0.0
 2.31832456   0.56280198  0.0
 2.31332456   0.55892376  0.0
 2.29692017   0.56313650  0.0
 2.10137250   0.61228371  0.0
 1.90598568   0.66005307  0.0
 1.71060058   0.70623634  0.0
 1.51530903   0.75062544  0.0
 1.32018204   0.79285660  0.0
 1.12506184   0.83280247  0.0
 0.93007854   0.87016147  0.0
 0.84100000   0.88583876  0.0
 0.83600000   0.89179558  0.0
;;

