# exterior:
# ---------
 2.40432456   0.54071671  0.0
 2.49378895   0.51774177  0.0
 2.68940433   0.46656333  0.0
 2.88230719   0.41536480  0.0
 3.06752484   0.36580458  0.0
 3.24506911   0.31779860  0.0
 3.41505549   0.27170247  0.0
 3.57739415   0.22779973  0.0
 3.59187500   0.22389458  0.0
 3.58687500   0.22006434  0.0
 3.58687500   0.22006434  0.0
 3.57609228   0.22297219  0.0
 3.41375018   0.26687586  0.0
 3.24376226   0.31297241  0.0
 3.06622609   0.36097619  0.0
 2.88101965   0.41053341  0.0
 2.68813023   0.46172838  0.0
 2.49253434   0.51290172  0.0
 2.40932456   0.53427044  0.0
 2.40432456   0.54071671  0.0
;;

