# exterior:
# ---------
 3.59187500   0.03081277  0.0
 3.50123334   0.01240289  0.0
 3.50010156   0.01216163  0.0
 3.49989075   0.01211456  0.0
 3.49876384   0.01185152  0.0
 3.33264817  -0.02861575  0.0
 3.33167907  -0.02886040  0.0
 3.33149856  -0.02890757  0.0
 3.33053368  -0.02916833  0.0
 3.15670366  -0.07770261  0.0
 3.15586121  -0.07794448  0.0
 3.15570429  -0.07799077  0.0
 3.15486547  -0.07824491  0.0
 2.97332110  -0.13469926  0.0
 2.97265020  -0.13491221  0.0
 2.97252520  -0.13495270  0.0
 2.97185684  -0.13517351  0.0
 2.78267159  -0.19890873  0.0
 2.78214912  -0.19908743  0.0
 2.78205174  -0.19912124  0.0
 2.78153094  -0.19930473  0.0
 2.58610074  -0.26917470  0.0
 2.58571528  -0.26931400  0.0
 2.58564342  -0.26934025  0.0
 2.58525893  -0.26948217  0.0
 2.40432456  -0.33697130  0.0
 2.40932456  -0.32976977  0.0
 2.40932456  -0.32976978  0.0
 2.58351151  -0.26479746  0.0
 2.58352752  -0.26479151  0.0
 2.58391202  -0.26464959  0.0
 2.58392805  -0.26464370  0.0
 2.58399991  -0.26461746  0.0
 2.58401596  -0.26461163  0.0
 2.58440142  -0.26447233  0.0
 2.58441749  -0.26446656  0.0
 2.77984769  -0.19459659  0.0
 2.77986937  -0.19458889  0.0
 2.78039018  -0.19440539  0.0
 2.78041189  -0.19439779  0.0
 2.78050927  -0.19436399  0.0
 2.78053102  -0.19435649  0.0
 2.78105349  -0.19417780  0.0
 2.78107528  -0.19417040  0.0
 2.97026053  -0.13043517  0.0
 2.97028835  -0.13042589  0.0
 2.97095671  -0.13020508  0.0
 2.97098458  -0.13019596  0.0
 2.97110958  -0.13015548  0.0
 2.97113751  -0.13014652  0.0
 2.97180842  -0.12993357  0.0
 2.97183640  -0.12992478  0.0
 3.15338077  -0.07347043  0.0
 3.15341568  -0.07345972  0.0
 3.15425450  -0.07320557  0.0
 3.15428949  -0.07319511  0.0
 3.15444641  -0.07314882  0.0
 3.15448147  -0.07313861  0.0
 3.15532392  -0.07289675  0.0
 3.15535906  -0.07288680  0.0
 3.32918908  -0.02435252  0.0
 3.32922923  -0.02434149  0.0
 3.33019412  -0.02408073  0.0
 3.33023437  -0.02407003  0.0
 3.33041488  -0.02402286  0.0
 3.33045521  -0.02401250  0.0
 3.33142431  -0.02376785  0.0
 3.33146473  -0.02375782  0.0
 3.49758040   0.01670945  0.0
 3.49762730   0.01672064  0.0
 3.49875422   0.01698368  0.0
 3.49880123   0.01699441  0.0
 3.49901204   0.01704148  0.0
 3.49905915   0.01705176  0.0
 3.50019092   0.01729302  0.0
 3.50023813   0.01730284  0.0
 3.58687500   0.03489933  0.0
 3.59187500   0.03081277  0.0
;;

