# exterior:
# ---------
 3.58687500   0.22006434  0.0
 3.58687500   0.22006434  0.0
 3.58187500   0.21623410  0.0
 3.58187500   0.21623410  0.0
 3.57478697   0.21814558  0.0
 3.41244156   0.26205015  0.0
 3.24245541   0.30814622  0.0
 3.06492733   0.35614781  0.0
 2.87973212   0.40570203  0.0
 2.68685613   0.45689343  0.0
 2.49127972   0.50806168  0.0
 2.41432457   0.52782417  0.0
 2.41432456   0.52782418  0.0
 2.40932456   0.53427044  0.0
 2.49253434   0.51290172  0.0
 2.68813023   0.46172838  0.0
 2.88101965   0.41053341  0.0
 3.06622609   0.36097619  0.0
 3.24376226   0.31297241  0.0
 3.41375018   0.26687586  0.0
 3.57609228   0.22297219  0.0
 3.58687500   0.22006434  0.0
;;

