# exterior:
# ---------
 3.59187500   0.22389458  0.0
 3.59187500   0.21353734  0.0
 3.72941628   0.17644563  0.0
 3.87639894   0.13689993  0.0
 3.87644673   0.13688709  0.0
 3.87648587   0.13687660  0.0
 4.01432115   0.10001147  0.0
 3.96139513   0.09632704  0.0
 3.96093999   0.09629274  0.0
 3.96025761   0.09623741  0.0
 3.95980289   0.09619792  0.0
 3.95954840   0.09617436  0.0
 3.95909417   0.09612969  0.0
 3.95841322   0.09605880  0.0
 3.95795952   0.09600894  0.0
 3.81483996   0.07945615  0.0
 3.81441237   0.07940436  0.0
 3.81377140   0.07932323  0.0
 3.81334439   0.07926684  0.0
 3.81310545   0.07923398  0.0
 3.81267906   0.07917299  0.0
 3.81204000   0.07907807  0.0
 3.81161430   0.07901250  0.0
 3.66085386   0.05495842  0.0
 3.66043786   0.05488980  0.0
 3.65981442   0.05478357  0.0
 3.65939916   0.05471057  0.0
 3.65916686   0.05466847  0.0
 3.65875239   0.05459109  0.0
 3.65813133   0.05447175  0.0
 3.65771771   0.05439001  0.0
 3.59187500   0.04101695  0.0
 3.59187500   0.03081277  0.0
 3.50123334   0.01240289  0.0
 3.50010156   0.01216163  0.0
 3.49989075   0.01211456  0.0
 3.49876384   0.01185152  0.0
 3.33264817  -0.02861575  0.0
 3.33167907  -0.02886040  0.0
 3.33149856  -0.02890757  0.0
 3.33053368  -0.02916833  0.0
 3.15670366  -0.07770261  0.0
 3.15586121  -0.07794448  0.0
 3.15570429  -0.07799077  0.0
 3.15486547  -0.07824491  0.0
 2.97332110  -0.13469926  0.0
 2.97265020  -0.13491221  0.0
 2.97252520  -0.13495270  0.0
 2.97185684  -0.13517351  0.0
 2.78267159  -0.19890873  0.0
 2.78214912  -0.19908743  0.0
 2.78205174  -0.19912124  0.0
 2.78153094  -0.19930473  0.0
 2.58610074  -0.26917470  0.0
 2.58571528  -0.26931400  0.0
 2.58564342  -0.26934025  0.0
 2.58525893  -0.26948217  0.0
 2.40432456  -0.33697130  0.0
 2.40432456   0.54071671  0.0
 2.49378895   0.51774177  0.0
 2.68940433   0.46656333  0.0
 2.88230719   0.41536480  0.0
 3.06752484   0.36580458  0.0
 3.24506911   0.31779860  0.0
 3.41505549   0.27170247  0.0
 3.57739415   0.22779973  0.0
 3.59187500   0.22389458  0.0
;;

# interior:
# ---------
 3.58687500   0.22006434  0.0
 3.57609228   0.22297219  0.0
 3.41375018   0.26687586  0.0
 3.24376226   0.31297241  0.0
 3.06622609   0.36097619  0.0
 2.88101965   0.41053341  0.0
 2.68813023   0.46172838  0.0
 2.49253434   0.51290172  0.0
 2.40932456   0.53427044  0.0
 2.40932456  -0.32976978  0.0
 2.58351151  -0.26479746  0.0
 2.58352752  -0.26479151  0.0
 2.58391202  -0.26464959  0.0
 2.58392805  -0.26464370  0.0
 2.58399991  -0.26461746  0.0
 2.58401596  -0.26461163  0.0
 2.58440142  -0.26447233  0.0
 2.58441749  -0.26446656  0.0
 2.77984769  -0.19459659  0.0
 2.77986937  -0.19458889  0.0
 2.78039018  -0.19440539  0.0
 2.78041189  -0.19439779  0.0
 2.78050927  -0.19436399  0.0
 2.78053102  -0.19435649  0.0
 2.78105349  -0.19417780  0.0
 2.78107528  -0.19417040  0.0
 2.97026053  -0.13043517  0.0
 2.97028835  -0.13042589  0.0
 2.97095671  -0.13020508  0.0
 2.97098458  -0.13019596  0.0
 2.97110958  -0.13015548  0.0
 2.97113751  -0.13014652  0.0
 2.97180842  -0.12993357  0.0
 2.97183640  -0.12992478  0.0
 3.15338077  -0.07347043  0.0
 3.15341568  -0.07345972  0.0
 3.15425450  -0.07320557  0.0
 3.15428949  -0.07319511  0.0
 3.15444641  -0.07314882  0.0
 3.15448147  -0.07313861  0.0
 3.15532392  -0.07289675  0.0
 3.15535906  -0.07288680  0.0
 3.32918908  -0.02435252  0.0
 3.32922923  -0.02434149  0.0
 3.33019412  -0.02408073  0.0
 3.33023437  -0.02407003  0.0
 3.33041488  -0.02402286  0.0
 3.33045521  -0.02401250  0.0
 3.33142431  -0.02376785  0.0
 3.33146473  -0.02375782  0.0
 3.49758040   0.01670945  0.0
 3.49762730   0.01672064  0.0
 3.49875422   0.01698368  0.0
 3.49880123   0.01699441  0.0
 3.49901204   0.01704148  0.0
 3.49905915   0.01705176  0.0
 3.50019092   0.01729302  0.0
 3.50023813   0.01730284  0.0
 3.58687500   0.03489933  0.0
 3.58687500   0.04101695  0.0
 3.58689894   0.04150560  0.0
 3.58697051   0.04198957  0.0
 3.58708905   0.04246424  0.0
 3.58725340   0.04292504  0.0
 3.58746201   0.04336758  0.0
 3.58771286   0.04378761  0.0
 3.58800356   0.04418112  0.0
 3.58833133   0.04454433  0.0
 3.58869303   0.04487377  0.0
 3.58908519   0.04516628  0.0
 3.58950406   0.04541907  0.0
 3.58994563   0.04562971  0.0
 3.59040568   0.04579618  0.0
 3.59087979   0.04591690  0.0
 3.65672250   0.05928996  0.0
 3.65674834   0.05929514  0.0
 3.65716196   0.05937688  0.0
 3.65718782   0.05938192  0.0
 3.65780889   0.05950126  0.0
 3.65783478   0.05950616  0.0
 3.65824924   0.05958354  0.0
 3.65827515   0.05958831  0.0
 3.65850746   0.05963041  0.0
 3.65853340   0.05963505  0.0
 3.65894866   0.05970805  0.0
 3.65897462   0.05971254  0.0
 3.65959806   0.05981877  0.0
 3.65962405   0.05982312  0.0
 3.66004005   0.05989175  0.0
 3.66006606   0.05989597  0.0
 3.81082650   0.08395005  0.0
 3.81085310   0.08395422  0.0
 3.81127880   0.08401979  0.0
 3.81130542   0.08402382  0.0
 3.81194448   0.08411873  0.0
 3.81197112   0.08412262  0.0
 3.81239751   0.08418360  0.0
 3.81242417   0.08418734  0.0
 3.81266310   0.08422021  0.0
 3.81268978   0.08422380  0.0
 3.81311680   0.08428019  0.0
 3.81314350   0.08428365  0.0
 3.81378446   0.08436478  0.0
 3.81381118   0.08436809  0.0
 3.81423877   0.08441988  0.0
 3.81426551   0.08442304  0.0
 3.95738507   0.10097584  0.0
 3.95741342   0.10097903  0.0
 3.95786711   0.10102888  0.0
 3.95789548   0.10103192  0.0
 3.95857642   0.10110281  0.0
 3.95860481   0.10110568  0.0
 3.95905904   0.10115036  0.0
 3.95908744   0.10115307  0.0
 3.95934193   0.10117663  0.0
 3.95937034   0.10117918  0.0
 3.95982505   0.10121866  0.0
 3.95985348   0.10122105  0.0
 3.96053587   0.10127639  0.0
 3.96056431   0.10127861  0.0
 3.96101945   0.10131290  0.0
 3.96104790   0.10131497  0.0
 3.98409666   0.10291950  0.0
 3.87519399   0.13204638  0.0
 3.87515241   0.13205752  0.0
 3.87510173   0.13207113  0.0
 3.72811722   0.17161733  0.0
 3.59057312   0.20870980  0.0
 3.59009502   0.20886490  0.0
 3.58963491   0.20906721  0.0
 3.58919743   0.20931470  0.0
 3.58878702   0.20960486  0.0
 3.58840780   0.20993476  0.0
 3.58806363   0.21030106  0.0
 3.58775797   0.21070007  0.0
 3.58749391   0.21112775  0.0
 3.58727413   0.21157978  0.0
 3.58710084   0.21205160  0.0
 3.58697580   0.21253842  0.0
 3.58690026   0.21303534  0.0
 3.58687500   0.21353734  0.0
 3.58687500   0.22006434  0.0
;;

