# exterior:
# ---------
-0.74500000   0.96767920  0.0
-0.74500000   0.96767920  0.0
-0.62522501   0.96934087  0.0
-0.43405043   0.96467440  0.0
-0.24189982   0.95410108  0.0
-0.04910512   0.93899991  0.0
 0.14380622   0.91953518  0.0
 0.33686160   0.89583411  0.0
 0.53033508   0.86827484  0.0
 0.72404052   0.83737785  0.0
 0.74500000   0.83368910  0.0
 0.74000000   0.82949223  0.0
 0.72321336   0.83244658  0.0
 0.52958869   0.86333069  0.0
 0.33620436   0.89087726  0.0
 0.14325055   0.91456586  0.0
-0.04955138   0.93401955  0.0
-0.24223245   0.94911181  0.0
-0.43424883   0.95967776  0.0
-0.62525135   0.96434002  0.0
-0.74000000   0.96274808  0.0
-0.74000000   0.96274808  0.0
-0.74500000   0.96767920  0.0
;;

