# exterior:
# ---------
-0.75000000   0.97261031  0.0
-0.62519868   0.97434172  0.0
-0.43385202   0.96967105  0.0
-0.24156720   0.95909034  0.0
-0.04865887   0.94398027  0.0
 0.14436189   0.92450450  0.0
 0.33751885   0.90079097  0.0
 0.53108147   0.87321900  0.0
 0.72486769   0.84230911  0.0
 0.75000000   0.83788598  0.0
 0.74500000   0.83368910  0.0
 0.72404052   0.83737785  0.0
 0.53033508   0.86827484  0.0
 0.33686160   0.89583411  0.0
 0.14380622   0.91953518  0.0
-0.04910512   0.93899991  0.0
-0.24189982   0.95410108  0.0
-0.43405043   0.96467440  0.0
-0.62522501   0.96934087  0.0
-0.74500000   0.96767920  0.0
-0.74500000   0.96767920  0.0
-0.75000000   0.97261031  0.0
;;

