# exterior:
# ---------
 3.95445857   0.09560403  0.0
 3.81483996   0.07945615  0.0
 3.81441237   0.07940436  0.0
 3.81377140   0.07932323  0.0
 3.81334439   0.07926684  0.0
 3.81310545   0.07923398  0.0
 3.81267906   0.07917299  0.0
 3.81204000   0.07907807  0.0
 3.81161430   0.07901250  0.0
 3.66085386   0.05495842  0.0
 3.66043786   0.05488980  0.0
 3.65981442   0.05478357  0.0
 3.65939916   0.05471057  0.0
 3.65916686   0.05466847  0.0
 3.65875239   0.05459109  0.0
 3.65813133   0.05447175  0.0
 3.65771771   0.05439001  0.0
 3.59187500   0.04101695  0.0
 3.58788250   0.04401724  0.0
 3.58800356   0.04418112  0.0
 3.58833133   0.04454433  0.0
 3.58869303   0.04487377  0.0
 3.58908519   0.04516628  0.0
 3.58950406   0.04541907  0.0
 3.58994563   0.04562971  0.0
 3.59040568   0.04579618  0.0
 3.59087979   0.04591690  0.0
 3.65672250   0.05928996  0.0
 3.65674834   0.05929514  0.0
 3.65716196   0.05937688  0.0
 3.65718782   0.05938192  0.0
 3.65780889   0.05950126  0.0
 3.65783478   0.05950616  0.0
 3.65824924   0.05958354  0.0
 3.65827515   0.05958831  0.0
 3.65850746   0.05963041  0.0
 3.65853340   0.05963505  0.0
 3.65894866   0.05970805  0.0
 3.65897462   0.05971254  0.0
 3.65959806   0.05981877  0.0
 3.65962405   0.05982312  0.0
 3.66004005   0.05989175  0.0
 3.66006606   0.05989597  0.0
 3.81082650   0.08395005  0.0
 3.81085310   0.08395422  0.0
 3.81127880   0.08401979  0.0
 3.81130542   0.08402382  0.0
 3.81194448   0.08411873  0.0
 3.81197112   0.08412262  0.0
 3.81239751   0.08418360  0.0
 3.81242417   0.08418734  0.0
 3.81266310   0.08422021  0.0
 3.81268978   0.08422380  0.0
 3.81311680   0.08428019  0.0
 3.81314350   0.08428365  0.0
 3.81378446   0.08436478  0.0
 3.81381118   0.08436809  0.0
 3.81423877   0.08441988  0.0
 3.81426551   0.08442304  0.0
 3.95445857   0.10063736  0.0
 3.95445857   0.09560403  0.0
;;

