# exterior:
# ---------
 2.31832456   0.56280198  0.0
 2.31832456  -0.36993139  0.0
 2.19277416  -0.41832905  0.0
 2.19256462  -0.41841027  0.0
 2.19252553  -0.41842551  0.0
 2.19231630  -0.41850752  0.0
 1.99637181  -0.49573184  0.0
 1.99621373  -0.49579439  0.0
 1.99618424  -0.49580611  0.0
 1.99602635  -0.49586912  0.0
 1.80008186  -0.57437916  0.0
 1.79996509  -0.57442609  0.0
 1.79994330  -0.57443487  0.0
 1.79982663  -0.57448204  0.0
 1.60395561  -0.65391781  0.0
 1.60389836  -0.65394106  0.0
 1.40795255  -0.73380346  0.0
 1.21223253  -0.81322161  0.0
 1.01680247  -0.89119571  0.0
 0.83600000  -0.96153038  0.0
 0.83600000   0.89179558  0.0
 0.93098237   0.87507925  0.0
 1.12603373   0.83770720  0.0
 1.32121231   0.79774938  0.0
 1.51639200   0.75550682  0.0
 1.71172979   0.71110721  0.0
 1.90715451   0.66491457  0.0
 2.10257562   0.61713683  0.0
 2.29815139   0.56798256  0.0
 2.31832456   0.56280198  0.0
;;

# interior:
# ---------
 2.31332456   0.55892376  0.0
 2.29692017   0.56313650  0.0
 2.10137250   0.61228371  0.0
 1.90598568   0.66005307  0.0
 1.71060058   0.70623634  0.0
 1.51530903   0.75062544  0.0
 1.32018204   0.79285660  0.0
 1.12506184   0.83280247  0.0
 0.93007854   0.87016147  0.0
 0.84100000   0.88583876  0.0
 0.84100000  -0.95422031  0.0
 1.01496962  -0.88654371  0.0
 1.21036607  -0.80858302  0.0
 1.40606898  -0.72917181  0.0
 1.60201122  -0.64931087  0.0
 1.60201693  -0.64930854  0.0
 1.60207418  -0.64928529  0.0
 1.79794753  -0.56984858  0.0
 1.79795239  -0.56984661  0.0
 1.79806906  -0.56979944  0.0
 1.79807392  -0.56979748  0.0
 1.79809571  -0.56978870  0.0
 1.79810057  -0.56978674  0.0
 1.79821734  -0.56973981  0.0
 1.79822220  -0.56973786  0.0
 1.99416669  -0.49122782  0.0
 1.99417327  -0.49122519  0.0
 1.99433117  -0.49116218  0.0
 1.99433775  -0.49115956  0.0
 1.99436724  -0.49114784  0.0
 1.99437382  -0.49114523  0.0
 1.99453190  -0.49108267  0.0
 1.99453848  -0.49108007  0.0
 2.19048297  -0.41385575  0.0
 2.19049169  -0.41385233  0.0
 2.19070093  -0.41377032  0.0
 2.19070965  -0.41376691  0.0
 2.19074873  -0.41375167  0.0
 2.19075746  -0.41374828  0.0
 2.19096700  -0.41366705  0.0
 2.19097574  -0.41366368  0.0
 2.31332456  -0.36650018  0.0
 2.31332456   0.55892376  0.0
;;

