# exterior:
# ---------
-0.83600000   1.03854467  0.0
-0.83600000  -1.32100650  0.0
-0.91019531  -1.31535631  0.0
-1.09370035  -1.28315220  0.0
-1.26782160  -1.23668418  0.0
-1.43241411  -1.17962830  0.0
-1.58726087  -1.11459697  0.0
-1.73210542  -1.04354562  0.0
-1.86682950  -0.96754172  0.0
-1.99153157  -0.88808541  0.0
-2.10593436  -0.80612541  0.0
-2.21026023  -0.72272916  0.0
-2.30433464  -0.63891286  0.0
-2.38823578  -0.55574658  0.0
-2.46193673  -0.47433406  0.0
-2.52511543  -0.39623247  0.0
-2.57773269  -0.32108387  0.0
-2.61994145  -0.24881425  0.0
-2.65184564  -0.17945118  0.0
-2.67394570  -0.11055059  0.0
-2.68691210  -0.04237675  0.0
-2.68833514  -0.02828318  0.0
-2.68938955  -0.00205170  0.0
-2.68123720   0.07714446  0.0
-2.66412152   0.14573036  0.0
-2.63778605   0.20993938  0.0
-2.60133202   0.27465363  0.0
-2.55457023   0.34130113  0.0
-2.49759836   0.40865224  0.0
-2.43033515   0.47615941  0.0
-2.35271082   0.54311566  0.0
-2.26479218   0.60870889  0.0
-2.16648164   0.67226698  0.0
-2.05790563   0.73308662  0.0
-1.93881946   0.79065207  0.0
-1.80942735   0.84435660  0.0
-1.66974558   0.89362904  0.0
-1.51972804   0.93752785  0.0
-1.35940138   0.97532581  0.0
-1.18899502   1.00580898  0.0
-1.00838980   1.02776378  0.0
-0.83600000   1.03854467  0.0
;;

# interior:
# ---------
-0.84100000   1.03322221  0.0
-1.00793168   1.02278266  0.0
-1.18825252   1.00086243  0.0
-1.35838674   0.97042795  0.0
-1.51845136   0.93269176  0.0
-1.66821068   0.88886851  0.0
-1.80763603   0.83968652  0.0
-1.93677141   0.78608855  0.0
-2.05559373   0.72865064  0.0
-2.16389997   0.66798211  0.0
-2.26193672   0.60460104  0.0
-2.34957906   0.53921394  0.0
-2.42692644   0.47249658  0.0
-2.49391257   0.40526750  0.0
-2.55060694   0.33824445  0.0
-2.59709699   0.27198424  0.0
-2.63327761   0.20775535  0.0
-2.65935802   0.14416820  0.0
-2.67629989   0.07627880  0.0
-2.68437923  -0.00220807  0.0
-2.68334525  -0.02793130  0.0
-2.68195934  -0.04165711  0.0
-2.66909102  -0.10931528  0.0
-2.64717685  -0.17763632  0.0
-2.61550086  -0.24650325  0.0
-2.57351888  -0.31838459  0.0
-2.52111905  -0.39322266  0.0
-2.45813675  -0.47108144  0.0
-2.38461979  -0.55229072  0.0
-2.30090918  -0.63526815  0.0
-2.20703386  -0.71890707  0.0
-2.10291530  -0.80213760  0.0
-1.98873014  -0.88394168  0.0
-1.86425588  -0.96325284  0.0
-1.72977411  -1.03912004  0.0
-1.58519007  -1.11004360  0.0
-1.43062544  -1.17495645  0.0
-1.26635621  -1.23190026  0.0
-1.09262156  -1.27826512  0.0
-0.90957186  -1.31038931  0.0
-0.84100000  -1.31561126  0.0
-0.84100000   1.03322221  0.0
;;

