# exterior:
# ---------
 0.75000000  -0.92129789  0.0
 0.60339276  -0.97608733  0.0
 0.41038722  -1.04402296  0.0
 0.21823348  -1.10603523  0.0
 0.02738017  -1.16067209  0.0
-0.16175441  -1.20553657  0.0
-0.34922731  -1.23872216  0.0
-0.53483466  -1.25812498  0.0
-0.71866476  -1.26174504  0.0
-0.75000000  -1.25935877  0.0
-0.74500000  -1.25472505  0.0
-0.74500000  -1.25472506  0.0
-0.71852383  -1.25674129  0.0
-0.53514436  -1.25313011  0.0
-0.34992387  -1.23376773  0.0
-0.16276803  -1.20063827  0.0
 0.02611444  -1.15583359  0.0
 0.21677722  -1.10125127  0.0
 0.40878908  -1.03928479  0.0
 0.60168738  -0.97138690  0.0
 0.74500000  -0.91782872  0.0
 0.75000000  -0.92129789  0.0
;;

