# exterior:
# ---------
-0.84100000  -1.31561126  0.0
-0.90957186  -1.31038931  0.0
-1.09262156  -1.27826512  0.0
-1.26635621  -1.23190026  0.0
-1.43062544  -1.17495645  0.0
-1.58519007  -1.11004360  0.0
-1.72977411  -1.03912004  0.0
-1.86425588  -0.96325284  0.0
-1.98873014  -0.88394168  0.0
-2.10291530  -0.80213760  0.0
-2.20703386  -0.71890707  0.0
-2.30090918  -0.63526815  0.0
-2.38461979  -0.55229072  0.0
-2.45813675  -0.47108144  0.0
-2.52111905  -0.39322266  0.0
-2.57351888  -0.31838459  0.0
-2.61550086  -0.24650325  0.0
-2.64717685  -0.17763632  0.0
-2.66909102  -0.10931528  0.0
-2.68195934  -0.04165711  0.0
-2.68334525  -0.02793130  0.0
-2.68437923  -0.00220807  0.0
-2.67629989   0.07627880  0.0
-2.65935802   0.14416820  0.0
-2.63327761   0.20775535  0.0
-2.59709699   0.27198424  0.0
-2.55060694   0.33824445  0.0
-2.49391257   0.40526750  0.0
-2.42692644   0.47249658  0.0
-2.34957906   0.53921394  0.0
-2.26193672   0.60460104  0.0
-2.16389997   0.66798211  0.0
-2.05559373   0.72865064  0.0
-1.93677141   0.78608855  0.0
-1.80763603   0.83968652  0.0
-1.66821068   0.88886851  0.0
-1.51845136   0.93269176  0.0
-1.35838674   0.97042795  0.0
-1.18825252   1.00086243  0.0
-1.00793168   1.02278266  0.0
-0.84100000   1.03322221  0.0
-0.84600000   1.02789975  0.0
-1.00747356   1.01780154  0.0
-1.18751003   0.99591588  0.0
-1.35737210   0.96553008  0.0
-1.51717467   0.92785567  0.0
-1.66667578   0.88410798  0.0
-1.80584470   0.83501645  0.0
-1.93472337   0.78152503  0.0
-2.05328182   0.72421467  0.0
-2.16131831   0.66369724  0.0
-2.25908125   0.60049319  0.0
-2.34644730   0.53531222  0.0
-2.42351774   0.46883375  0.0
-2.49022678   0.40188275  0.0
-2.54664364   0.33518776  0.0
-2.59286196   0.26931484  0.0
-2.62876917   0.20557132  0.0
-2.65459452   0.14260604  0.0
-2.67136258   0.07541313  0.0
-2.67936891  -0.00236445  0.0
-2.67835535  -0.02757941  0.0
-2.67700658  -0.04093747  0.0
-2.66423634  -0.10807998  0.0
-2.64250806  -0.17582147  0.0
-2.61106028  -0.24419225  0.0
-2.56930507  -0.31568531  0.0
-2.51712266  -0.39021285  0.0
-2.45433678  -0.46782883  0.0
-2.38100381  -0.54883486  0.0
-2.29748372  -0.63162344  0.0
-2.20380749  -0.71508497  0.0
-2.09989624  -0.79814979  0.0
-1.98592871  -0.87979795  0.0
-1.86168225  -0.95896396  0.0
-1.72744280  -1.03469447  0.0
-1.58311927  -1.10549024  0.0
-1.42883676  -1.17028460  0.0
-1.26489082  -1.22711634  0.0
-1.09154276  -1.27337803  0.0
-0.90894841  -1.30542231  0.0
-0.84600000  -1.31021602  0.0
-0.84100000  -1.31561126  0.0
;;

