# exterior:
# ---------
-0.83600000  -1.38118023  0.0
-0.91767673  -1.37496030  0.0
-1.10664588  -1.34179728  0.0
-1.28540623  -1.29409121  0.0
-1.45387820  -1.23569052  0.0
-1.61211048  -1.16923736  0.0
-1.76008117  -1.09665253  0.0
-1.89771297  -1.01900825  0.0
-2.02514869  -0.93781014  0.0
-2.14216306  -0.85397917  0.0
-2.24897667  -0.76859427  0.0
-2.34544020  -0.68264936  0.0
-2.43162754  -0.59721689  0.0
-2.50753639  -0.51336546  0.0
-2.57307206  -0.43235019  0.0
-2.62829839  -0.35347528  0.0
-2.67322846  -0.27654625  0.0
-2.70787112  -0.20122946  0.0
-2.73220190  -0.12537425  0.0
-2.74634523  -0.05101240  0.0
-2.74821386  -0.03250576  0.0
-2.74951344  -0.00017514  0.0
-2.74048493   0.08753242  0.0
-2.72128352   0.16447626  0.0
-2.69188731   0.23614771  0.0
-2.65215238   0.30668633  0.0
-2.60212977   0.37798133  0.0
-2.54182783   0.44926919  0.0
-2.47123961   0.52011342  0.0
-2.39029197   0.58993625  0.0
-2.29905780   0.65800310  0.0
-2.19746157   0.72368539  0.0
-2.08564848   0.78631830  0.0
-1.96339604   0.84541431  0.0
-1.83092327   0.90039747  0.0
-1.68816438   0.95075536  0.0
-1.53504823   0.99556090  0.0
-1.37157708   1.03410020  0.0
-1.19790493   1.06516756  0.0
-1.01388720   1.08753720  0.0
-0.83600000   1.09866188  0.0
-0.83600000   1.03854467  0.0
-1.00838980   1.02776378  0.0
-1.18899502   1.00580898  0.0
-1.35940138   0.97532581  0.0
-1.51972804   0.93752785  0.0
-1.66974558   0.89362904  0.0
-1.80942735   0.84435660  0.0
-1.93881946   0.79065207  0.0
-2.05790563   0.73308662  0.0
-2.16648164   0.67226698  0.0
-2.26479218   0.60870889  0.0
-2.35271082   0.54311566  0.0
-2.43033515   0.47615941  0.0
-2.49759836   0.40865224  0.0
-2.55457023   0.34130113  0.0
-2.60133202   0.27465363  0.0
-2.63778605   0.20993938  0.0
-2.66412152   0.14573036  0.0
-2.68123720   0.07714446  0.0
-2.68938955  -0.00205170  0.0
-2.68833514  -0.02828318  0.0
-2.68691210  -0.04237675  0.0
-2.67394570  -0.11055059  0.0
-2.65184564  -0.17945118  0.0
-2.61994145  -0.24881425  0.0
-2.57773269  -0.32108387  0.0
-2.52511543  -0.39623247  0.0
-2.46193673  -0.47433406  0.0
-2.38823578  -0.55574658  0.0
-2.30433464  -0.63891286  0.0
-2.21026023  -0.72272916  0.0
-2.10593436  -0.80612541  0.0
-1.99153157  -0.88808541  0.0
-1.86682950  -0.96754172  0.0
-1.73210542  -1.04354562  0.0
-1.58726087  -1.11459697  0.0
-1.43241411  -1.17962830  0.0
-1.26782160  -1.23668418  0.0
-1.09370035  -1.28315220  0.0
-0.91019531  -1.31535631  0.0
-0.83600000  -1.32100650  0.0
-0.83600000  -1.38118023  0.0
;;

