# exterior:
# ---------
 3.95445857   0.02513741  0.0
 3.82288235   0.00991969  0.0
 3.82264341   0.00988682  0.0
 3.67188297  -0.01416725  0.0
 3.67165066  -0.01420936  0.0
 3.59187500  -0.03041229  0.0
 3.59187500   0.00020024  0.0
 3.66567940   0.01519037  0.0
 3.66630046   0.01530971  0.0
 3.66653277   0.01535181  0.0
 3.66715621   0.01545804  0.0
 3.81791665   0.03951211  0.0
 3.81855571   0.03960703  0.0
 3.81879465   0.03963990  0.0
 3.81943561   0.03972103  0.0
 3.95445857   0.05533739  0.0
 3.95445857   0.02513741  0.0
;;

