# exterior:
# ---------
 4.30215318   0.03379811  0.0
 4.23012384   0.03777868  0.0
 4.22973370   0.03778662  0.0
 4.10196937   0.03593518  0.0
 4.10166161   0.03592224  0.0
 4.01432115   0.02984206  0.0
 4.01432115   0.05991466  0.0
 4.09957821   0.06584981  0.0
 4.10040209   0.06589579  0.0
 4.10070985   0.06590872  0.0
 4.10153468   0.06593203  0.0
 4.22929901   0.06778347  0.0
 4.23034441   0.06778040  0.0
 4.23073455   0.06777246  0.0
 4.23177921   0.06773297  0.0
 4.30215318   0.06384388  0.0
 4.30215318   0.03379811  0.0
;;

