# exterior:
# ---------
 4.30215318   0.06384388  0.0
 4.23177921   0.06773297  0.0
 4.23073455   0.06777246  0.0
 4.23034441   0.06778040  0.0
 4.22929901   0.06778347  0.0
 4.10153468   0.06593203  0.0
 4.10070985   0.06590872  0.0
 4.10040209   0.06589579  0.0
 4.09957821   0.06584981  0.0
 3.96417300   0.05642361  0.0
 3.96349061   0.05636828  0.0
 3.96323612   0.05634471  0.0
 3.96255517   0.05627382  0.0
 3.81943561   0.03972103  0.0
 3.81879465   0.03963990  0.0
 3.81855571   0.03960703  0.0
 3.81791665   0.03951211  0.0
 3.66715621   0.01545804  0.0
 3.66653277   0.01535181  0.0
 3.66630046   0.01530971  0.0
 3.66567940   0.01519037  0.0
 3.59187500   0.00020024  0.0
 3.59187500   0.04101695  0.0
 3.65771771   0.05439001  0.0
 3.65813133   0.05447175  0.0
 3.65875239   0.05459109  0.0
 3.65916686   0.05466847  0.0
 3.65939916   0.05471057  0.0
 3.65981442   0.05478357  0.0
 3.66043786   0.05488980  0.0
 3.66085386   0.05495842  0.0
 3.81161430   0.07901250  0.0
 3.81204000   0.07907807  0.0
 3.81267906   0.07917299  0.0
 3.81310545   0.07923398  0.0
 3.81334439   0.07926684  0.0
 3.81377140   0.07932323  0.0
 3.81441237   0.07940436  0.0
 3.81483996   0.07945615  0.0
 3.95795952   0.09600894  0.0
 3.95841322   0.09605880  0.0
 3.95909417   0.09612969  0.0
 3.95954840   0.09617436  0.0
 3.95980289   0.09619792  0.0
 3.96025761   0.09623741  0.0
 3.96093999   0.09629274  0.0
 3.96139513   0.09632704  0.0
 4.01432115   0.10001147  0.0
 3.87648587   0.13687660  0.0
 3.87644673   0.13688709  0.0
 3.87639894   0.13689993  0.0
 3.72941628   0.17644563  0.0
 3.59187500   0.21353734  0.0
 3.59187500   0.25496631  0.0
 3.73983128   0.21506593  0.0
 3.88679137   0.17552631  0.0
 3.88682092   0.17551837  0.0
 4.02614156   0.13825597  0.0
 4.15767349   0.10308532  0.0
 4.28140147   0.06957749  0.0
 4.30215318   0.06384388  0.0
;;

