# exterior:
# ---------
 3.95445857   0.05533739  0.0
 3.81943561   0.03972103  0.0
 3.81879465   0.03963990  0.0
 3.81855571   0.03960703  0.0
 3.81791665   0.03951211  0.0
 3.66715621   0.01545804  0.0
 3.66653277   0.01535181  0.0
 3.66630046   0.01530971  0.0
 3.66567940   0.01519037  0.0
 3.59187500   0.00020024  0.0
 3.59187500   0.04101695  0.0
 3.65771771   0.05439001  0.0
 3.65813133   0.05447175  0.0
 3.65875239   0.05459109  0.0
 3.65916686   0.05466847  0.0
 3.65939916   0.05471057  0.0
 3.65981442   0.05478357  0.0
 3.66043786   0.05488980  0.0
 3.66085386   0.05495842  0.0
 3.81161430   0.07901250  0.0
 3.81204000   0.07907807  0.0
 3.81267906   0.07917299  0.0
 3.81310545   0.07923398  0.0
 3.81334439   0.07926684  0.0
 3.81377140   0.07932323  0.0
 3.81441237   0.07940436  0.0
 3.81483996   0.07945615  0.0
 3.95445857   0.09560403  0.0
 3.95445857   0.05533739  0.0
;;

