# exterior:
# ---------
 0.83600000   1.76016613  0.0
 0.96124600   1.74531138  0.0
 1.15353195   1.71755356  0.0
 1.34582089   1.68496466  0.0
 1.53803877   1.64753769  0.0
 1.73032839   1.60521523  0.0
 1.92261603   1.55786070  0.0
 2.11483280   1.50532193  0.0
 2.30712630   1.44762667  0.0
 2.49890578   1.38503158  0.0
 2.66955000   1.32391775  0.0
 2.66955000   1.21699323  0.0
 2.64937829   1.22492232  0.0
 2.46652688   1.29040798  0.0
 2.27723887   1.35218988  0.0
 2.08727660   1.40918568  0.0
 1.89747279   1.46106491  0.0
 1.70762103   1.50781956  0.0
 1.51773204   1.54961365  0.0
 1.32790732   1.58657464  0.0
 1.13803102   1.61875465  0.0
 0.94821116   1.64615647  0.0
 0.83600000   1.65946524  0.0
 0.83600000   1.76016613  0.0
;;

