# exterior:
# ---------
-0.75000000   1.75897473  0.0
-0.57713691   1.78032497  0.0
-0.38473338   1.79725677  0.0
-0.19240102   1.80769582  0.0
 0.00000444   1.81203883  0.0
 0.19241064   1.81054546  0.0
 0.38474530   1.80343932  0.0
 0.57715282   1.79086466  0.0
 0.75000000   1.77488909  0.0
 0.75000000   1.76986778  0.0
 0.57675962   1.78587969  0.0
 0.38448991   1.79844535  0.0
 0.19229891   1.80554618  0.0
 0.00004146   1.80703839  0.0
-0.19220906   1.80269888  0.0
-0.38437863   1.79226867  0.0
-0.57661114   1.77535192  0.0
-0.75000000   1.75393674  0.0
-0.75000000   1.75897473  0.0
;;

