# exterior:
# ---------
 0.83600000   1.76520118  0.0
 0.96189774   1.75026912  0.0
 1.15430699   1.72249351  0.0
 1.34671657   1.68988416  0.0
 1.53905411   1.65243389  0.0
 1.73146376   1.61008501  0.0
 1.92387319   1.56270049  0.0
 2.11621061   1.51012874  0.0
 2.30862068   1.45239851  0.0
 2.50052473   1.38976276  0.0
 2.66955000   1.32922874  0.0
 2.66955000   1.32391775  0.0
 2.49890578   1.38503158  0.0
 2.30712630   1.44762667  0.0
 2.11483280   1.50532193  0.0
 1.92261603   1.55786070  0.0
 1.73032839   1.60521523  0.0
 1.53803877   1.64753769  0.0
 1.34582089   1.68496466  0.0
 1.15353195   1.71755356  0.0
 0.96124600   1.74531138  0.0
 0.83600000   1.76016613  0.0
 0.83600000   1.76520118  0.0
;;

