# exterior:
# ---------
 0.83600000   1.76580538  0.0
 0.96197595   1.75086405  0.0
 1.15440000   1.72308630  0.0
 1.34682405   1.69047450  0.0
 1.53917595   1.65302144  0.0
 1.73160000   1.61066939  0.0
 1.92402405   1.56328127  0.0
 2.11637595   1.51070556  0.0
 2.30880000   1.45297113  0.0
 2.50071900   1.39033050  0.0
 2.66955000   1.32986605  0.0
 2.66955000   1.32922874  0.0
 2.50052473   1.38976276  0.0
 2.30862068   1.45239851  0.0
 2.11621061   1.51012874  0.0
 1.92387319   1.56270049  0.0
 1.73146376   1.61008501  0.0
 1.53905411   1.65243389  0.0
 1.34671657   1.68988416  0.0
 1.15430699   1.72249351  0.0
 0.96189774   1.75026912  0.0
 0.83600000   1.76520118  0.0
 0.83600000   1.76580538  0.0
;;

