# exterior:
# ---------
 4.25685000   0.00000000  0.0
 4.23231900  -0.17174586  0.0
 4.12950525  -0.37335461  0.0
 4.01918790  -0.50178882  0.0
 3.90129480  -0.60802970  0.0
 3.77582595  -0.70290694  0.0
 3.64285350  -0.79072071  0.0
 3.50230530  -0.87373650  0.0
 3.35425350  -0.95340453  0.0
 3.25685000  -1.00183534  0.0
 3.25685000  -1.00116526  0.0
 3.35397770  -0.95287158  0.0
 3.50201045  -0.87321381  0.0
 3.64253541  -0.79021175  0.0
 3.77547933  -0.70241682  0.0
 3.90091232  -0.60756669  0.0
 4.01875774  -0.50136878  0.0
 4.12900334  -0.37301810  0.0
 4.23173914  -0.17156220  0.0
 4.25624407   0.00000112  0.0
 4.23173782   0.17622993  0.0
 4.12899592   0.38756099  0.0
 4.01874049   0.52324944  0.0
 3.90088672   0.64268999  0.0
 3.77545484   0.74875530  0.0
 3.64251387   0.84584621  0.0
 3.50199293   0.93631919  0.0
 3.35396511   1.02161553  0.0
 3.25685000   1.07214960  0.0
 3.25685000   1.07282597  0.0
 3.35425350   1.02214183  0.0
 3.50230530   0.93683167  0.0
 3.64285350   0.84634115  0.0
 3.77582595   0.74922725  0.0
 3.90129480   0.64313067  0.0
 4.01918790   0.52365027  0.0
 4.12950525   0.38788562  0.0
 4.23231900   0.17640675  0.0
 4.25685000   0.00000000  0.0
;;

