# exterior:
# ---------
 4.25685000   0.00000000  0.0
 4.23231900  -0.17174586  0.0
 4.12950525  -0.37335461  0.0
 4.01918790  -0.50178882  0.0
 3.90129480  -0.60802970  0.0
 3.77582595  -0.70290694  0.0
 3.64285350  -0.79072071  0.0
 3.50230530  -0.87373650  0.0
 3.35425350  -0.95340453  0.0
 3.19862595  -1.03078541  0.0
 3.03549480  -1.10639139  0.0
 2.86478790  -1.18065539  0.0
 2.68650525  -1.25361346  0.0
 2.50071900  -1.32517905  0.0
 2.30880000  -1.39463786  0.0
 2.11637595  -1.45989031  0.0
 1.92402405  -1.52085706  0.0
 1.73160000  -1.57758139  0.0
 1.53917595  -1.63005609  0.0
 1.34682405  -1.67812242  0.0
 1.15440000  -1.72167216  0.0
 0.96197595  -1.76035177  0.0
 0.76962405  -1.79383659  0.0
 0.57720000  -1.82163599  0.0
 0.38477595  -1.84341807  0.0
 0.19242405  -1.85876437  0.0
 0.00000000  -1.86727807  0.0
-0.19242405  -1.86857678  0.0
-0.38477595  -1.86207606  0.0
-0.57720000  -1.84704000  0.0
-0.76962405  -1.82274709  0.0
-0.96197595  -1.78825218  0.0
-1.15440000  -1.74258844  0.0
-1.34047485  -1.68698965  0.0
-1.51644870  -1.62337500  0.0
-1.68224940  -1.55297824  0.0
-1.83794910  -1.47674456  0.0
-1.98354780  -1.39534493  0.0
-2.11897335  -1.30938541  0.0
-2.24437005  -1.21942158  0.0
-2.35952145  -1.12600176  0.0
-2.46464400  -1.02947949  0.0
-2.55959340  -0.93045361  0.0
-2.64444180  -0.82939311  0.0
-2.71918920  -0.72675252  0.0
-2.78376345  -0.62315234  0.0
-2.83823670  -0.51828231  0.0
-2.88260895  -0.41228675  0.0
-2.91688020  -0.30526665  0.0
-2.94097830  -0.19456691  0.0
-2.95497540  -0.08135634  0.0
-2.95685130  -0.05176041  0.0
-2.95815000   0.00000000  0.0
-2.95685130   0.07542561  0.0
-2.95497540   0.13488443  0.0
-2.94097830   0.24675300  0.0
-2.91688020   0.35348450  0.0
-2.88260895   0.45920589  0.0
-2.83823670   0.56340492  0.0
-2.78376345   0.66598779  0.0
-2.71918920   0.76673084  0.0
-2.64444180   0.86524444  0.0
-2.55959340   0.96106686  0.0
-2.46464400   1.05389505  0.0
-2.35952145   1.14336826  0.0
-2.24437005   1.22908247  0.0
-2.11897335   1.31077791  0.0
-1.98354780   1.38784854  0.0
-1.83794910   1.45992639  0.0
-1.68224940   1.52636211  0.0
-1.51644870   1.58666508  0.0
-1.34047485   1.64022924  0.0
-1.15440000   1.68690308  0.0
-0.96197595   1.72610217  0.0
-0.76962405   1.75715553  0.0
-0.57720000   1.78092174  0.0
-0.38477595   1.79785534  0.0
-0.19242405   1.80829545  0.0
 0.00000000   1.81263888  0.0
 0.19242405   1.81114537  0.0
 0.38477595   1.80403860  0.0
 0.57720000   1.79146285  0.0
 0.76962405   1.77367788  0.0
 0.96197595   1.75086405  0.0
 1.15440000   1.72308630  0.0
 1.34682405   1.69047450  0.0
 1.53917595   1.65302144  0.0
 1.73160000   1.61066939  0.0
 1.92402405   1.56328127  0.0
 2.11637595   1.51070556  0.0
 2.30880000   1.45297113  0.0
 2.50071900   1.39033050  0.0
 2.68650525   1.32379377  0.0
 2.86478790   1.25371447  0.0
 3.03549480   1.18022249  0.0
 3.19862595   1.10312299  0.0
 3.35425350   1.02214183  0.0
 3.50230530   0.93683167  0.0
 3.64285350   0.84634115  0.0
 3.77582595   0.74922725  0.0
 3.90129480   0.64313067  0.0
 4.01918790   0.52365027  0.0
 4.12950525   0.38788562  0.0
 4.23231900   0.17640675  0.0
 4.25685000   0.00000000  0.0
;;

# interior:
# ---------
 4.25624407   0.00000112  0.0
 4.23173782   0.17622993  0.0
 4.12899592   0.38756099  0.0
 4.01874049   0.52324944  0.0
 3.90088672   0.64268999  0.0
 3.77545484   0.74875530  0.0
 3.64251387   0.84584621  0.0
 3.50199293   0.93631919  0.0
 3.35396511   1.02161553  0.0
 3.19835918   1.10258544  0.0
 3.03524791   1.17967554  0.0
 2.86455946   1.25315958  0.0
 2.68629430   1.32323200  0.0
 2.50052473   1.38976276  0.0
 2.30862068   1.45239851  0.0
 2.11621061   1.51012874  0.0
 1.92387319   1.56270049  0.0
 1.73146376   1.61008501  0.0
 1.53905411   1.65243389  0.0
 1.34671657   1.68988416  0.0
 1.15430699   1.72249351  0.0
 0.96189774   1.75026912  0.0
 0.76956110   1.77308114  0.0
 0.57715282   1.79086466  0.0
 0.38474530   1.80343932  0.0
 0.19241064   1.81054546  0.0
 0.00000444   1.81203883  0.0
-0.19240102   1.80769582  0.0
-0.38473338   1.79725677  0.0
-0.57713691   1.78032497  0.0
-0.76953943   1.75656142  0.0
-0.96186821   1.72551180  0.0
-1.15426706   1.68631783  0.0
-1.34031440   1.63965090  0.0
-1.51625867   1.58609574  0.0
-1.68202896   1.52580383  0.0
-1.83769807   1.45938117  0.0
-1.98326608   1.38731851  0.0
-2.11866092   1.31026535  0.0
-2.24402682   1.22858997  0.0
-2.35914748   1.14289866  0.0
-2.46423935   1.05345155  0.0
-2.55915851   0.96065293  0.0
-2.64397754   0.86486368  0.0
-2.71869687   0.76638707  0.0
-2.78324505   0.66568469  0.0
-2.83769473   0.56314621  0.0
-2.88204644   0.45899542  0.0
-2.91630098   0.35332558  0.0
-2.94038658   0.24664944  0.0
-2.95437658   0.13483762  0.0
-2.95625146   0.07541098  0.0
-2.95754987   0.00000236  0.0
-2.95625178  -0.05173390  0.0
-2.95437774  -0.08130050  0.0
-2.94038620  -0.19446607  0.0
-2.91630003  -0.30511099  0.0
-2.88204546  -0.41207902  0.0
-2.83769282  -0.51802774  0.0
-2.78324183  -0.62285490  0.0
-2.71869145  -0.72641679  0.0
-2.64396897  -0.82902316  0.0
-2.55914661  -0.93005265  0.0
-2.46422413  -1.02905045  0.0
-2.35912918  -1.12554738  0.0
-2.24400584  -1.21894443  0.0
-2.11863743  -1.30888797  0.0
-1.98324040  -1.39482938  0.0
-1.83767058  -1.47621287  0.0
-1.68200005  -1.55243227  0.0
-1.51622930  -1.62281631  0.0
-1.34028682  -1.68641963  0.0
-1.15424472  -1.74200863  0.0
-0.96185363  -1.78766454  0.0
-0.76953346  -1.82215377  0.0
-0.57713902  -1.84644294  0.0
-0.38474243  -1.86147685  0.0
-0.19241594  -1.86797671  0.0
-0.00001529  -1.86667816  0.0
 0.19238692  -1.85816543  0.0
 0.38471833  -1.84282076  0.0
 0.57712334  -1.82104083  0.0
 0.76952968  -1.79324399  0.0
 0.96186536  -1.75976200  0.0
 1.15427464  -1.72108536  0.0
 1.34668508  -1.67753870  0.0
 1.53902427  -1.62947554  0.0
 1.73143623  -1.57700415  0.0
 1.92384856  -1.52028327  0.0
 2.11618895  -1.45932017  0.0
 2.30860154  -1.39407159  0.0
 2.50050905  -1.32461695  0.0
 2.68628377  -1.25305581  0.0
 2.86455457  -1.18010257  0.0
 3.03524894  -1.10584403  0.0
 3.19836619  -1.03024449  0.0
 3.35397770  -0.95287158  0.0
 3.50201045  -0.87321381  0.0
 3.64253541  -0.79021175  0.0
 3.77547933  -0.70241682  0.0
 3.90091232  -0.60756669  0.0
 4.01875774  -0.50136878  0.0
 4.12900334  -0.37301810  0.0
 4.23173914  -0.17156220  0.0
 4.25624407   0.00000112  0.0
;;

