# exterior:
# ---------
 4.25624407   0.00000112  0.0
 4.23173914  -0.17156220  0.0
 4.12900334  -0.37301810  0.0
 4.01875774  -0.50136878  0.0
 3.90091232  -0.60756669  0.0
 3.77547933  -0.70241682  0.0
 3.64253541  -0.79021175  0.0
 3.50201045  -0.87321381  0.0
 3.35397770  -0.95287158  0.0
 3.19836619  -1.03024449  0.0
 3.03524894  -1.10584403  0.0
 2.86455457  -1.18010257  0.0
 2.68628377  -1.25305581  0.0
 2.50050905  -1.32461695  0.0
 2.30860154  -1.39407159  0.0
 2.11618895  -1.45932017  0.0
 1.92384856  -1.52028327  0.0
 1.73143623  -1.57700415  0.0
 1.53902427  -1.62947554  0.0
 1.34668508  -1.67753870  0.0
 1.15427464  -1.72108536  0.0
 0.96186536  -1.75976200  0.0
 0.76952968  -1.79324399  0.0
 0.57712334  -1.82104083  0.0
 0.38471833  -1.84282076  0.0
 0.19238692  -1.85816543  0.0
-0.00001529  -1.86667816  0.0
-0.19241594  -1.86797671  0.0
-0.38474243  -1.86147685  0.0
-0.57713902  -1.84644294  0.0
-0.76953346  -1.82215377  0.0
-0.96185363  -1.78766454  0.0
-1.15424472  -1.74200863  0.0
-1.34028682  -1.68641963  0.0
-1.51622930  -1.62281631  0.0
-1.68200005  -1.55243227  0.0
-1.83767058  -1.47621287  0.0
-1.98324040  -1.39482938  0.0
-2.11863743  -1.30888797  0.0
-2.24400584  -1.21894443  0.0
-2.35912918  -1.12554738  0.0
-2.46422413  -1.02905045  0.0
-2.55914661  -0.93005265  0.0
-2.64396897  -0.82902316  0.0
-2.71869145  -0.72641679  0.0
-2.78324183  -0.62285490  0.0
-2.83769282  -0.51802774  0.0
-2.88204546  -0.41207902  0.0
-2.91630003  -0.30511099  0.0
-2.94038620  -0.19446607  0.0
-2.95437774  -0.08130050  0.0
-2.95625178  -0.05173390  0.0
-2.95754987   0.00000236  0.0
-2.95625146   0.07541098  0.0
-2.95437658   0.13483762  0.0
-2.94038658   0.24664944  0.0
-2.91630098   0.35332558  0.0
-2.88204644   0.45899542  0.0
-2.83769473   0.56314621  0.0
-2.78324505   0.66568469  0.0
-2.71869687   0.76638707  0.0
-2.64397754   0.86486368  0.0
-2.55915851   0.96065293  0.0
-2.46423935   1.05345155  0.0
-2.35914748   1.14289866  0.0
-2.24402682   1.22858997  0.0
-2.11866092   1.31026535  0.0
-1.98326608   1.38731851  0.0
-1.83769807   1.45938117  0.0
-1.68202896   1.52580383  0.0
-1.51625867   1.58609574  0.0
-1.34031440   1.63965090  0.0
-1.15426706   1.68631783  0.0
-0.96186821   1.72551180  0.0
-0.76953943   1.75656142  0.0
-0.57713691   1.78032497  0.0
-0.38473338   1.79725677  0.0
-0.19240102   1.80769582  0.0
 0.00000444   1.81203883  0.0
 0.19241064   1.81054546  0.0
 0.38474530   1.80343932  0.0
 0.57715282   1.79086466  0.0
 0.76956110   1.77308114  0.0
 0.96189774   1.75026912  0.0
 1.15430699   1.72249351  0.0
 1.34671657   1.68988416  0.0
 1.53905411   1.65243389  0.0
 1.73146376   1.61008501  0.0
 1.92387319   1.56270049  0.0
 2.11621061   1.51012874  0.0
 2.30862068   1.45239851  0.0
 2.50052473   1.38976276  0.0
 2.68629430   1.32323200  0.0
 2.86455946   1.25315958  0.0
 3.03524791   1.17967554  0.0
 3.19835918   1.10258544  0.0
 3.35396511   1.02161553  0.0
 3.50199293   0.93631919  0.0
 3.64251387   0.84584621  0.0
 3.77545484   0.74875530  0.0
 3.90088672   0.64268999  0.0
 4.01874049   0.52324944  0.0
 4.12899592   0.38756099  0.0
 4.23173782   0.17622993  0.0
 4.25624407   0.00000112  0.0
;;

# interior:
# ---------
 4.25119466   0.00001046  0.0
 4.22689461   0.17475641  0.0
 4.12475152   0.38485579  0.0
 4.01501207   0.51990924  0.0
 3.89748602   0.63901764  0.0
 3.77236222   0.74482244  0.0
 3.63968361   0.84172174  0.0
 3.49938983   0.93204847  0.0
 3.35156184   1.01722966  0.0
 3.19613611   1.09810580  0.0
 3.03319045   1.17511763  0.0
 2.86265583   1.24853545  0.0
 2.68453640   1.31855059  0.0
 2.49890578   1.38503158  0.0
 2.30712630   1.44762667  0.0
 2.11483280   1.50532193  0.0
 1.92261603   1.55786070  0.0
 1.73032839   1.60521523  0.0
 1.53803877   1.64753769  0.0
 1.34582089   1.68496466  0.0
 1.15353195   1.71755356  0.0
 0.96124600   1.74531138  0.0
 0.76903648   1.76810832  0.0
 0.57675962   1.78587969  0.0
 0.38448991   1.79844535  0.0
 0.19229891   1.80554618  0.0
 0.00004146   1.80703839  0.0
-0.19220906   1.80269888  0.0
-0.38437863   1.79226867  0.0
-0.57661114   1.77535192  0.0
-0.76883430   1.75161052  0.0
-0.96097036   1.72059201  0.0
-1.15315923   1.68144082  0.0
-1.33897735   1.63483138  0.0
-1.51467504   1.58135128  0.0
-1.68019195   1.52115153  0.0
-1.83560612   1.45483764  0.0
-1.98091846   1.38290155  0.0
-2.11605737   1.30599404  0.0
-2.24116661   1.22448588  0.0
-2.35603103   1.13898530  0.0
-2.46086729   1.04975576  0.0
-2.55553444   0.95720351  0.0
-2.64010871   0.86169068  0.0
-2.71459412   0.76352237  0.0
-2.77892508   0.66315888  0.0
-2.83317834   0.56099029  0.0
-2.87735884   0.45724153  0.0
-2.91147412   0.35200130  0.0
-2.93545558   0.24578640  0.0
-2.94938640   0.13444756  0.0
-2.95125282   0.07528910  0.0
-2.95254879   0.00002204  0.0
-2.95125575  -0.05151297  0.0
-2.94939719  -0.08083519  0.0
-2.93545202  -0.19362579  0.0
-2.91146531  -0.30381382  0.0
-2.87734968  -0.41034796  0.0
-2.83316044  -0.51590635  0.0
-2.77889500  -0.62037630  0.0
-2.71454355  -0.72361904  0.0
-2.64002872  -0.82594028  0.0
-2.55542339  -0.92671127  0.0
-2.46072524  -1.02547511  0.0
-2.35586023  -1.12176090  0.0
-2.24097080  -1.21496819  0.0
-2.11583811  -1.30474262  0.0
-1.98067870  -1.39053320  0.0
-1.83534954  -1.47178214  0.0
-1.67992215  -1.54788250  0.0
-1.51440097  -1.61816058  0.0
-1.33871992  -1.68166938  0.0
-1.15295069  -1.73717686  0.0
-0.96083432  -1.78276758  0.0
-0.76877853  -1.81720939  0.0
-0.57663084  -1.84146740  0.0
-0.38446309  -1.85648344  0.0
-0.19234834  -1.86297614  0.0
-0.00014271  -1.86167891  0.0
 0.19207749  -1.85317423  0.0
 0.38423818  -1.83784318  0.0
 0.57648453  -1.81608121  0.0
 0.76874330  -1.78830569  0.0
 0.96094377  -1.75484724  0.0
 1.15322996  -1.71619534  0.0
 1.34552701  -1.67267434  0.0
 1.53776031  -1.62463765  0.0
 1.73007145  -1.57219374  0.0
 1.92238616  -1.51550164  0.0
 2.11463057  -1.45456896  0.0
 2.30694772  -1.38935275  0.0
 2.49875943  -1.31993278  0.0
 2.68443807  -1.24840864  0.0
 2.86261018  -1.17549580  0.0
 3.03320009  -1.10128270  0.0
 3.19620148  -1.02573686  0.0
 3.35167941  -0.94843038  0.0
 3.49955341  -0.86885802  0.0
 3.63988465  -0.78597038  0.0
 3.77259084  -0.69833245  0.0
 3.89772494  -0.60370833  0.0
 4.01517309  -0.49786843  0.0
 4.12482078  -0.37021385  0.0
 4.22690700  -0.17003173  0.0
 4.25119466   0.00001046  0.0
;;

