# exterior:
# ---------
 4.25624407   0.00000112  0.0
 4.23173914  -0.17156220  0.0
 4.12900334  -0.37301810  0.0
 4.01875774  -0.50136878  0.0
 3.90091232  -0.60756669  0.0
 3.77547933  -0.70241682  0.0
 3.64253541  -0.79021175  0.0
 3.50201045  -0.87321381  0.0
 3.35397770  -0.95287158  0.0
 3.25685000  -1.00116526  0.0
 3.25685000  -0.99558130  0.0
 3.35167941  -0.94843038  0.0
 3.49955341  -0.86885802  0.0
 3.63988465  -0.78597038  0.0
 3.77259084  -0.69833245  0.0
 3.89772494  -0.60370833  0.0
 4.01517309  -0.49786843  0.0
 4.12482078  -0.37021385  0.0
 4.22690700  -0.17003173  0.0
 4.25119466   0.00001046  0.0
 4.22689461   0.17475641  0.0
 4.12475152   0.38485579  0.0
 4.01501207   0.51990924  0.0
 3.89748602   0.63901764  0.0
 3.77236222   0.74482244  0.0
 3.63968361   0.84172174  0.0
 3.49938983   0.93204847  0.0
 3.35156184   1.01722966  0.0
 3.25685000   1.06651319  0.0
 3.25685000   1.07214960  0.0
 3.35396511   1.02161553  0.0
 3.50199293   0.93631919  0.0
 3.64251387   0.84584621  0.0
 3.77545484   0.74875530  0.0
 3.90088672   0.64268999  0.0
 4.01874049   0.52324944  0.0
 4.12899592   0.38756099  0.0
 4.23173782   0.17622993  0.0
 4.25624407   0.00000112  0.0
;;

