# exterior:
# ---------
 0.75000000  -1.69603764  0.0
 0.56447483  -1.72284035  0.0
 0.37521125  -1.74426468  0.0
 0.18626032  -1.75933965  0.0
-0.00253821  -1.76769294  0.0
-0.19107752  -1.76896542  0.0
-0.37921160  -1.76260725  0.0
-0.56707713  -1.74792739  0.0
-0.75000000  -1.72483398  0.0
-0.74500000  -1.72042553  0.0
-0.56656896  -1.74295186  0.0
-0.37893226  -1.75761383  0.0
-0.19100992  -1.76396485  0.0
-0.00266563  -1.76269368  0.0
 0.18595089  -1.75434845  0.0
 0.37473109  -1.73928710  0.0
 0.56383602  -1.71788073  0.0
 0.74500000  -1.69170807  0.0
 0.74500000  -1.69170807  0.0
 0.75000000  -1.69603764  0.0
;;

