# exterior:
# ---------
-0.75000000   1.65922248  0.0
-0.56672678   1.68185848  0.0
-0.37770938   1.69849229  0.0
-0.18860031   1.70875639  0.0
 0.00073747   1.71303016  0.0
 0.19019837   1.71155965  0.0
 0.37968852   1.70455861  0.0
 0.56936759   1.69216226  0.0
 0.75000000   1.67546714  0.0
 0.74500000   1.67090795  0.0
 0.74500000   1.67090796  0.0
 0.56897439   1.68717729  0.0
 0.37943313   1.69956463  0.0
 0.19008664   1.70656037  0.0
 0.00077449   1.70802972  0.0
-0.18840835   1.70375945  0.0
-0.37735464   1.69350419  0.0
-0.56620101   1.67688542  0.0
-0.74500000   1.65480204  0.0
-0.75000000   1.65922248  0.0
;;

