# exterior:
# ---------
 0.84100000  -1.66914808  0.0
 0.84100000   1.65383717  0.0
 0.94755941   1.64119873  0.0
 1.13725597   1.61381471  0.0
 1.32701164   1.58165514  0.0
 1.51671670   1.54471745  0.0
 1.70648566   1.50294978  0.0
 1.89621563   1.45622512  0.0
 2.08589879   1.40437887  0.0
 2.27574450   1.34741804  0.0
 2.46490794   1.28567680  0.0
 2.64762039   1.22024091  0.0
 2.66455000   1.21358622  0.0
 2.66455000  -1.14309554  0.0
 2.64567850  -1.15081827  0.0
 2.46201755  -1.22156518  0.0
 2.27221748  -1.29025710  0.0
 2.08190479  -1.35479359  0.0
 1.89167581  -1.41508747  0.0
 1.70141111  -1.47117525  0.0
 1.51121702  -1.52304182  0.0
 1.32120746  -1.57052283  0.0
 1.13129176  -1.61350488  0.0
 0.94159046  -1.65163719  0.0
 0.84100000  -1.66914808  0.0
;;

# interior:
# ---------
 0.84600000  -1.66320248  0.0
 0.94066887  -1.64672242  0.0
 1.13024708  -1.60861486  0.0
 1.32004939  -1.56565847  0.0
 1.50995305  -1.51820393  0.0
 1.70004633  -1.46636484  0.0
 1.89021341  -1.41030584  0.0
 2.08034642  -1.35004238  0.0
 2.27056366  -1.28553826  0.0
 2.46026793  -1.21688101  0.0
 2.64383280  -1.14617111  0.0
 2.65955000  -1.13973920  0.0
 2.65955000   1.21017921  0.0
 2.64586248   1.21555949  0.0
 2.46328899   1.28094562  0.0
 2.27425012   1.34264620  0.0
 2.08452098   1.39957206  0.0
 1.89495847   1.45138534  0.0
 1.70535029   1.49807999  0.0
 1.51570137   1.53982124  0.0
 1.32611596   1.57673564  0.0
 1.13648093   1.60887476  0.0
 0.94690767   1.63624098  0.0
 0.84600000   1.64820910  0.0
 0.84600000  -1.66320248  0.0
;;

