# exterior:
# ---------
 3.25685000   0.94814849  0.0
 3.30109326   0.92512641  0.0
 3.44472481   0.84236328  0.0
 3.58024810   0.75510799  0.0
 3.70741728   0.66223240  0.0
 3.82607147   0.56189831  0.0
 3.93671523   0.44976484  0.0
 4.03561907   0.32804649  0.0
 4.12518729   0.14381254  0.0
 4.14515702   0.00020665  0.0
 4.12543198  -0.13789183  0.0
 4.03698701  -0.31132466  0.0
 3.93989545  -0.42436108  0.0
 3.83079010  -0.52268276  0.0
 3.71193257  -0.61256065  0.0
 3.58421871  -0.69690169  0.0
 3.44795547  -0.77738654  0.0
 3.30341521  -0.85516498  0.0
 3.25685000  -0.87831806  0.0
 3.25685000  -0.87273409  0.0
 3.30111691  -0.85072377  0.0
 3.44549842  -0.77303076  0.0
 3.58156795  -0.69266033  0.0
 3.70904408  -0.60847628  0.0
 3.82760273  -0.51882440  0.0
 3.93631080  -0.42086073  0.0
 4.03280445  -0.30852041  0.0
 4.12059984  -0.13636136  0.0
 4.14010761   0.00021599  0.0
 4.12034408   0.14233902  0.0
 4.03137467   0.32534129  0.0
 3.93298681   0.44642463  0.0
 3.82267077   0.55822596  0.0
 3.70432466   0.65829954  0.0
 3.57741784   0.75098352  0.0
 3.44212172   0.83809255  0.0
 3.29869000   0.92074054  0.0
 3.25685000   0.94251208  0.0
 3.25685000   0.94814849  0.0
;;

