# exterior:
# ---------
 2.76055000  -1.10380974  0.0
 2.76055000   1.17585057  0.0
 2.82267948   1.15142873  0.0
 2.98998393   1.07940155  0.0
 3.14945170   1.00403345  0.0
 3.25454201   0.94934946  0.0
 3.25454201   0.94934946  0.0
 3.30109326   0.92512641  0.0
 3.44472481   0.84236328  0.0
 3.58024810   0.75510799  0.0
 3.70741728   0.66223240  0.0
 3.82607147   0.56189831  0.0
 3.93671523   0.44976484  0.0
 4.03561907   0.32804649  0.0
 4.12518729   0.14381254  0.0
 4.14515702   0.00020665  0.0
 4.12543198  -0.13789183  0.0
 4.03698701  -0.31132466  0.0
 3.93989545  -0.42436108  0.0
 3.83079010  -0.52268276  0.0
 3.71193257  -0.61256065  0.0
 3.58421871  -0.69690169  0.0
 3.44795547  -0.77738654  0.0
 3.30341521  -0.85516498  0.0
 3.25462390  -0.87942492  0.0
 3.15074261  -0.93107660  0.0
 2.99017434  -1.00549478  0.0
 2.82177793  -1.07875362  0.0
 2.76055000  -1.10380974  0.0
;;

# interior:
# ---------
 2.76555000  -1.09636114  0.0
 2.81983354  -1.07414685  0.0
 2.98812549  -1.00093345  0.0
 3.14857790  -0.92656897  0.0
 3.25239780  -0.87494781  0.0
 3.30111691  -0.85072377  0.0
 3.44549842  -0.77303076  0.0
 3.58156795  -0.69266033  0.0
 3.70904408  -0.60847628  0.0
 3.82760273  -0.51882440  0.0
 3.93631080  -0.42086073  0.0
 4.03280445  -0.30852041  0.0
 4.12059984  -0.13636136  0.0
 4.14010761   0.00021599  0.0
 4.12034408   0.14233902  0.0
 4.03137467   0.32534129  0.0
 3.93298681   0.44642463  0.0
 3.82267077   0.55822596  0.0
 3.70432466   0.65829954  0.0
 3.57741784   0.75098352  0.0
 3.44212172   0.83809255  0.0
 3.29869000   0.92074054  0.0
 3.25223401   0.94491402  0.0
 3.14722863   0.99955382  0.0
 2.98792647   1.07484364  0.0
 2.82077584   1.14680460  0.0
 2.76555000   1.16851276  0.0
 2.76555000  -1.09636114  0.0
;;

