# exterior:
# ---------
 2.66955000  -1.14645187  0.0
 2.64752419  -1.15546543  0.0
 2.46376716  -1.22624935  0.0
 2.27387130  -1.29497594  0.0
 2.08346316  -1.35954479  0.0
 1.89313821  -1.41986909  0.0
 1.70277589  -1.47598565  0.0
 1.51248098  -1.52787972  0.0
 1.32236553  -1.57538719  0.0
 1.13233643  -1.61839490  0.0
 0.94251205  -1.65655195  0.0
 0.83600000  -1.67509368  0.0
 0.84100000  -1.66914808  0.0
 0.94159046  -1.65163719  0.0
 1.13129176  -1.61350488  0.0
 1.32120746  -1.57052283  0.0
 1.51121702  -1.52304182  0.0
 1.70141111  -1.47117525  0.0
 1.89167581  -1.41508747  0.0
 2.08190479  -1.35479359  0.0
 2.27221748  -1.29025710  0.0
 2.46201755  -1.22156518  0.0
 2.64567850  -1.15081827  0.0
 2.66455000  -1.14309554  0.0
 2.66455000  -1.14309554  0.0
 2.66955000  -1.14645187  0.0
;;

