# exterior:
# ---------
 0.74500000  -1.69170807  0.0
 0.74500000  -1.69170807  0.0
 0.56383602  -1.71788073  0.0
 0.37473109  -1.73928710  0.0
 0.18595089  -1.75434845  0.0
-0.00266563  -1.76269368  0.0
-0.19100992  -1.76396485  0.0
-0.37893226  -1.75761383  0.0
-0.56656896  -1.74295186  0.0
-0.74500000  -1.72042553  0.0
-0.74000000  -1.71601707  0.0
-0.56606078  -1.73797633  0.0
-0.37865293  -1.75262042  0.0
-0.19094233  -1.75896428  0.0
-0.00279305  -1.75769443  0.0
 0.18564147  -1.74935724  0.0
 0.37425093  -1.73430952  0.0
 0.56319721  -1.71292111  0.0
 0.74000000  -1.68737851  0.0
 0.74000000  -1.68737851  0.0
 0.74500000  -1.69170807  0.0
;;

