# exterior:
# ---------
-0.74500000   1.65480204  0.0
-0.56620101   1.67688542  0.0
-0.37735464   1.69350419  0.0
-0.18840835   1.70375945  0.0
 0.00077449   1.70802972  0.0
 0.19008664   1.70656037  0.0
 0.37943313   1.69956463  0.0
 0.56897439   1.68717729  0.0
 0.74500000   1.67090796  0.0
 0.74500000   1.67090795  0.0
 0.74000000   1.66634877  0.0
 0.74000000   1.66634877  0.0
 0.56858120   1.68219232  0.0
 0.37917773   1.69457066  0.0
 0.18997491   1.70156108  0.0
 0.00081151   1.70302928  0.0
-0.18821640   1.69876251  0.0
-0.37699989   1.68851608  0.0
-0.56567525   1.67191237  0.0
-0.74000000   1.65038159  0.0
-0.74500000   1.65480204  0.0
;;

