# exterior:
# ---------
 3.25685000   0.95378491  0.0
 3.25685000   0.95378491  0.0
 3.30349653   0.92951228  0.0
 3.44732791   0.84663400  0.0
 3.58307836   0.75923245  0.0
 3.71050989   0.66616526  0.0
 3.82947216   0.56557066  0.0
 3.94044365   0.45310505  0.0
 4.03986347   0.33075170  0.0
 4.13003049   0.14528605  0.0
 4.15020643   0.00019731  0.0
 4.13026412  -0.13942230  0.0
 4.04116957  -0.31412891  0.0
 3.94348010  -0.42786143  0.0
 3.83397747  -0.52654112  0.0
 3.71482106  -0.61664502  0.0
 3.58686947  -0.70114306  0.0
 3.45041251  -0.78174233  0.0
 3.30571350  -0.85960619  0.0
 3.25685000  -0.88390202  0.0
 3.25685000  -0.87831806  0.0
 3.30341521  -0.85516498  0.0
 3.44795547  -0.77738654  0.0
 3.58421871  -0.69690169  0.0
 3.71193257  -0.61256065  0.0
 3.83079010  -0.52268276  0.0
 3.93989545  -0.42436108  0.0
 4.03698701  -0.31132466  0.0
 4.12543198  -0.13789183  0.0
 4.14515702   0.00020665  0.0
 4.12518729   0.14381254  0.0
 4.03561907   0.32804649  0.0
 3.93671523   0.44976484  0.0
 3.82607147   0.56189831  0.0
 3.70741728   0.66223240  0.0
 3.58024810   0.75510799  0.0
 3.44472481   0.84236328  0.0
 3.30109326   0.92512641  0.0
 3.25685000   0.94814849  0.0
 3.25685000   0.95378491  0.0
;;

