# exterior:
# ---------
-0.83600000  -1.80515441  0.0
-0.96083432  -1.78276758  0.0
-1.15295069  -1.73717686  0.0
-1.33871992  -1.68166938  0.0
-1.51440097  -1.61816058  0.0
-1.67992215  -1.54788250  0.0
-1.83534954  -1.47178214  0.0
-1.98067870  -1.39053320  0.0
-2.11583811  -1.30474262  0.0
-2.24097080  -1.21496819  0.0
-2.35586023  -1.12176090  0.0
-2.46072524  -1.02547511  0.0
-2.55542339  -0.92671127  0.0
-2.64002872  -0.82594028  0.0
-2.71454355  -0.72361904  0.0
-2.77889500  -0.62037630  0.0
-2.83316044  -0.51590635  0.0
-2.87734968  -0.41034796  0.0
-2.91146531  -0.30381382  0.0
-2.93545202  -0.19362579  0.0
-2.94939719  -0.08083519  0.0
-2.95125575  -0.05151297  0.0
-2.95254879   0.00002204  0.0
-2.95125282   0.07528910  0.0
-2.94938640   0.13444756  0.0
-2.93545558   0.24578640  0.0
-2.91147412   0.35200130  0.0
-2.87735884   0.45724153  0.0
-2.83317834   0.56099029  0.0
-2.77892508   0.66315888  0.0
-2.71459412   0.76352237  0.0
-2.64010871   0.86169068  0.0
-2.55553444   0.95720351  0.0
-2.46086729   1.04975576  0.0
-2.35603103   1.13898530  0.0
-2.24116661   1.22448588  0.0
-2.11605737   1.30599404  0.0
-1.98091846   1.38290155  0.0
-1.83560612   1.45483764  0.0
-1.68019195   1.52115153  0.0
-1.51467504   1.58135128  0.0
-1.33897735   1.63483138  0.0
-1.15315923   1.68144082  0.0
-0.96097036   1.72059201  0.0
-0.83600000   1.74076727  0.0
-0.83600000   1.67999041  0.0
-0.95019618   1.66155453  0.0
-1.13986530   1.62291665  0.0
-1.32293266   1.57699720  0.0
-1.49567158   1.52441771  0.0
-1.65814780   1.46532387  0.0
-1.81050272   1.40031534  0.0
-1.95274692   1.32989812  0.0
-2.08481479   1.25473835  0.0
-2.20684404   1.17523678  0.0
-2.31863372   1.09202491  0.0
-2.42040251   1.00540619  0.0
-2.51204563   0.91581042  0.0
-2.59368278   0.82361458  0.0
-2.66536107   0.72914591  0.0
-2.72708536   0.63284913  0.0
-2.77898160   0.53511923  0.0
-2.82110769   0.43619485  0.0
-2.85355179   0.33610992  0.0
-2.87628354   0.23543002  0.0
-2.88950422   0.12976686  0.0
-2.89126911   0.07382654  0.0
-2.89253583   0.00025815  0.0
-2.89130338  -0.04886182  0.0
-2.88963071  -0.07525140  0.0
-2.87624185  -0.18354246  0.0
-2.85344866  -0.28824781  0.0
-2.82100039  -0.38957521  0.0
-2.77877200  -0.49044958  0.0
-2.72673309  -0.59063310  0.0
-2.66476875  -0.69004605  0.0
-2.59274572  -0.78894562  0.0
-2.51074467  -0.88661474  0.0
-2.41873852  -0.98257100  0.0
-2.31663289  -1.07632317  0.0
-2.20455030  -1.16725333  0.0
-2.08224622  -1.25499841  0.0
-1.94993834  -1.33897902  0.0
-1.80749716  -1.41861338  0.0
-1.65498737  -1.49328523  0.0
-1.49246100  -1.56229175  0.0
-1.31991712  -1.62466647  0.0
-1.13742232  -1.67919555  0.0
-0.94860253  -1.72400396  0.0
-0.83600000  -1.74419724  0.0
-0.83600000  -1.80515441  0.0
;;

