# exterior:
# ---------
-0.75000000   0.38856141  0.0
-0.70706127   0.39873682  0.0
-0.68687500   0.40286592  0.0
-0.50787930   0.43434835  0.0
-0.49062500   0.43687997  0.0
-0.30832052   0.45916220  0.0
-0.29437500   0.46053203  0.0
-0.10854587   0.47393197  0.0
-0.09812500   0.47440690  0.0
 0.09133083   0.47708375  0.0
 0.09812500   0.47696600  0.0
 0.29112903   0.46758525  0.0
 0.29437500   0.46734975  0.0
 0.49062500   0.44825462  0.0
 0.68687500   0.42145472  0.0
 0.68967352   0.42103475  0.0
 0.75000000   0.41079123  0.0
 0.75000000   0.41018264  0.0
 0.68957877   0.42044225  0.0
 0.68678988   0.42086078  0.0
 0.49055533   0.44765857  0.0
 0.29432423   0.46675186  0.0
 0.29109275   0.46698630  0.0
 0.09810523   0.47636625  0.0
 0.09132986   0.47648368  0.0
-0.09810710   0.47380709  0.0
-0.10851063   0.47333296  0.0
-0.29432409   0.45993414  0.0
-0.30825479   0.45856577  0.0
-0.49054504   0.43628528  0.0
-0.50778376   0.43375594  0.0
-0.68676289   0.40227643  0.0
-0.70693195   0.39815086  0.0
-0.75000000   0.38794479  0.0
-0.75000000   0.38856141  0.0
;;

