# exterior:
# ---------
 0.83600000   0.39618831  0.0
 0.88312500   0.38818643  0.0
 0.88818040   0.38725620  0.0
 1.07937500   0.34940350  0.0
 1.08607498   0.34797872  0.0
 1.27562500   0.30594983  0.0
 1.28329838   0.30416395  0.0
 1.45312500   0.26320337  0.0
 1.45312500   0.26258617  0.0
 1.28316003   0.30358011  0.0
 1.27549205   0.30536473  0.0
 1.08594763   0.34739239  0.0
 1.07925433   0.34881574  0.0
 0.88806784   0.38666684  0.0
 0.88302048   0.38759558  0.0
 0.83600000   0.39557973  0.0
 0.83600000   0.39618831  0.0
;;

