# exterior:
# ---------
 0.75000000  -0.15297929  0.0
 0.68679231  -0.16214799  0.0
 0.68399789  -0.16252032  0.0
 0.49055326  -0.18785922  0.0
 0.29755825  -0.20906501  0.0
 0.29432160  -0.20938985  0.0
 0.10487895  -0.22423316  0.0
 0.09809845  -0.22461312  0.0
-0.08771716  -0.23066111  0.0
-0.09812635  -0.23077480  0.0
-0.28042105  -0.22960522  0.0
-0.29435791  -0.22930318  0.0
-0.47334498  -0.22298031  0.0
-0.49059027  -0.22210941  0.0
-0.66664493  -0.21058228  0.0
-0.68682142  -0.20895027  0.0
-0.75000000  -0.20273061  0.0
-0.75000000  -0.19770644  0.0
-0.68637489  -0.20397006  0.0
-0.66628002  -0.20559547  0.0
-0.49030082  -0.21711766  0.0
-0.47313061  -0.21798476  0.0
-0.29421547  -0.22430509  0.0
-0.28035084  -0.22460556  0.0
-0.09813762  -0.22577463  0.0
-0.08782581  -0.22566200  0.0
 0.09787722  -0.21961767  0.0
 0.10454375  -0.21924410  0.0
 0.29387661  -0.20440939  0.0
 0.29703553  -0.20409235  0.0
 0.48995545  -0.18289482  0.0
 0.68334301  -0.15756339  0.0
 0.68610322  -0.15719562  0.0
 0.75000000  -0.14792696  0.0
 0.75000000  -0.15297929  0.0
;;

