# exterior:
# ---------
-0.83600000  -0.19486717  0.0
-0.86062690  -0.19244275  0.0
-0.88312500  -0.18980515  0.0
-1.05560520  -0.16564677  0.0
-1.07937500  -0.16167467  0.0
-1.15376160  -0.14798820  0.0
-1.17750000  -0.14313690  0.0
-1.25275010  -0.12551757  0.0
-1.27562500  -0.11931607  0.0
-1.35344205  -0.09418430  0.0
-1.37375000  -0.08632645  0.0
-1.40527560  -0.07145855  0.0
-1.42281250  -0.06082965  0.0
-1.42702010  -0.05781917  0.0
-1.43849680  -0.04852477  0.0
-1.44243750  -0.04490592  0.0
-1.45225000  -0.03456748  0.0
-1.47187500   0.00000000  0.0
-1.46600320   0.06032332  0.0
-1.45785490   0.07437483  0.0
-1.45225000   0.08231118  0.0
-1.44243750   0.09432952  0.0
-1.44034940   0.09664527  0.0
-1.42281250   0.11414685  0.0
-1.39405795   0.13799907  0.0
-1.37375000   0.15290622  0.0
-1.29849990   0.19991987  0.0
-1.27562500   0.21226792  0.0
-1.20123840   0.24783235  0.0
-1.17750000   0.25806875  0.0
-1.10314480   0.28749055  0.0
-1.07937500   0.29616872  0.0
-0.90562310   0.35087930  0.0
-0.88312500   0.35701407  0.0
-0.83600000   0.36818153  0.0
-0.83600000   0.36756492  0.0
-0.88297686   0.35643256  0.0
-0.90545401   0.35030350  0.0
-1.07918191   0.29560048  0.0
-1.10293150   0.28692969  0.0
-1.17727078   0.25751419  0.0
-1.20099011   0.24728601  0.0
-1.27535293   0.21173295  0.0
-1.29819813   0.19940093  0.0
-1.37341305   0.15240927  0.0
-1.39368857   0.13752592  0.0
-1.42240819   0.11370267  0.0
-1.43991438   0.09623174  0.0
-1.44198204   0.09393866  0.0
-1.45177198   0.08194794  0.0
-1.45734932   0.07405062  0.0
-1.46541867   0.06013527  0.0
-1.47125941   0.00013099  0.0
-1.45176439  -0.03420755  0.0
-1.44201649  -0.04447793  0.0
-1.43810470  -0.04807024  0.0
-1.42665641  -0.05734163  0.0
-1.42248196  -0.06032839  0.0
-1.40499137  -0.07092922  0.0
-1.37351347  -0.08577462  0.0
-1.35324143  -0.09361858  0.0
-1.27545421  -0.11874072  0.0
-1.25260316  -0.12493575  0.0
-1.17737151  -0.14255076  0.0
-1.15364723  -0.14739917  0.0
-1.07927126  -0.16108369  0.0
-1.05551412  -0.16505367  0.0
-0.88304845  -0.18921002  0.0
-0.86056257  -0.19184618  0.0
-0.83600000  -0.19426427  0.0
-0.83600000  -0.19486717  0.0
;;

