# exterior:
# ---------
 0.83600000   0.39557973  0.0
 0.88302048   0.38759558  0.0
 0.88806784   0.38666684  0.0
 1.07925433   0.34881574  0.0
 1.08594763   0.34739239  0.0
 1.27549205   0.30536473  0.0
 1.28316003   0.30358011  0.0
 1.45312500   0.26258617  0.0
 1.45312500   0.25744279  0.0
 1.28200715   0.29871480  0.0
 1.27438414   0.30048895  0.0
 1.08488642   0.34250625  0.0
 1.07824875   0.34391778  0.0
 0.88712985   0.38175549  0.0
 0.88214951   0.38267191  0.0
 0.83600000   0.39050816  0.0
 0.83600000   0.39557973  0.0
;;

