# exterior:
# ---------
 1.45312500   0.26320337  0.0
 1.47187500   0.25868105  0.0
 1.47981527   0.25672640  0.0
 1.66812500   0.20865692  0.0
 1.67560213   0.20671797  0.0
 1.86437500   0.15708242  0.0
 1.87068640   0.15541822  0.0
 2.06062500   0.10501730  0.0
 2.06512305   0.10381232  0.0
 2.15493491   0.08015798  0.0
 2.15493491   0.07953752  0.0
 2.06497024   0.10323211  0.0
 2.06496779   0.10323276  0.0
 2.06047043   0.10443755  0.0
 1.87053297   0.15483817  0.0
 1.86422222   0.15650220  0.0
 1.67545053   0.20613744  0.0
 1.66797549   0.20807585  0.0
 1.47966936   0.25614441  0.0
 1.47173295   0.25809811  0.0
 1.45312500   0.26258617  0.0
 1.45312500   0.26320337  0.0
;;

