# exterior:
# ---------
 1.45312500   0.26258617  0.0
 1.47173295   0.25809811  0.0
 1.47966936   0.25614441  0.0
 1.66797549   0.20807585  0.0
 1.67545053   0.20613744  0.0
 1.86422222   0.15650220  0.0
 1.87053297   0.15483817  0.0
 2.06047043   0.10443755  0.0
 2.06496779   0.10323276  0.0
 2.06497024   0.10323211  0.0
 2.15493491   0.07953752  0.0
 2.15493491   0.07436701  0.0
 2.06369678   0.09839700  0.0
 2.06368659   0.09839969  0.0
 2.06368415   0.09840034  0.0
 2.06367397   0.09840306  0.0
 2.05918232   0.09960632  0.0
 1.86925435   0.15000442  0.0
 1.86294907   0.15166701  0.0
 1.67418725   0.20129965  0.0
 1.66672961   0.20323355  0.0
 1.47845341   0.25129447  0.0
 1.47054919   0.25324024  0.0
 1.45312500   0.25744279  0.0
 1.45312500   0.26258617  0.0
;;

