# exterior:
# ---------
 0.83600000  -0.12029510  0.0
 0.83600000   0.37529345  0.0
 0.87953659   0.36790088  0.0
 0.88431589   0.36702146  0.0
 1.07523200   0.32922389  0.0
 1.08170280   0.32784785  0.0
 1.27106042   0.28586161  0.0
 1.27854850   0.28411886  0.0
 1.45312500   0.24201266  0.0
 1.45312500   0.24304134  0.0
 1.46723467   0.23963822  0.0
 1.47504876   0.23771463  0.0
 1.66324113   0.18967511  0.0
 1.67065008   0.18775384  0.0
 1.85938424   0.13812847  0.0
 1.86567424   0.13646991  0.0
 2.05557562   0.08607886  0.0
 2.06005127   0.08487989  0.0
 2.06006145   0.08487717  0.0
 2.06006959   0.08487500  0.0
 2.06007978   0.08487229  0.0
 2.06010259   0.08486623  0.0
 2.06011277   0.08486353  0.0
 2.06012092   0.08486137  0.0
 2.06013110   0.08485868  0.0
 2.22733043   0.04082230  0.0
 2.06027979   0.03787961  0.0
 2.06018438   0.03787747  0.0
 2.06010806   0.03787540  0.0
 2.06001267   0.03787235  0.0
 2.05979905   0.03786451  0.0
 2.05970369   0.03786055  0.0
 2.05962743   0.03785702  0.0
 2.05953211   0.03785216  0.0
 2.05503406   0.03760096  0.0
 2.05498591   0.03759815  0.0
 2.05494739   0.03759581  0.0
 2.05489925   0.03759278  0.0
 2.05479144   0.03758571  0.0
 2.05474331   0.03758244  0.0
 2.05470482   0.03757973  0.0
 2.05465671   0.03757623  0.0
 1.86290476   0.02315185  0.0
 1.86286007   0.02314839  0.0
 1.86282432   0.02314554  0.0
 1.86277964   0.02314188  0.0
 1.86267958   0.02313345  0.0
 1.86263491   0.02312958  0.0
 1.86259919   0.02312641  0.0
 1.86255455   0.02312235  0.0
 1.85624315   0.02253360  0.0
 1.85619720   0.02252921  0.0
 1.85616045   0.02252561  0.0
 1.85611453   0.02252100  0.0
 1.85601169   0.02251045  0.0
 1.85596579   0.02250563  0.0
 1.85592907   0.02250170  0.0
 1.85588319   0.02249667  0.0
 1.66594459   0.00123494  0.0
 1.66591790   0.00123192  0.0
 1.66589655   0.00122947  0.0
 1.66586986   0.00122637  0.0
 1.66581009   0.00121936  0.0
 1.66578341   0.00121619  0.0
 1.66576207   0.00121363  0.0
 1.66573540   0.00121039  0.0
 1.65825828   0.00029194  0.0
 1.65822666   0.00028800  0.0
 1.65820136   0.00028481  0.0
 1.65816976   0.00028078  0.0
 1.65809897   0.00027162  0.0
 1.65806737   0.00026749  0.0
 1.65804210   0.00026414  0.0
 1.65801052   0.00025990  0.0
 1.46923765  -0.02537427  0.0
 1.46921329  -0.02537761  0.0
 1.46919381  -0.02538031  0.0
 1.46916946  -0.02538371  0.0
 1.46911492  -0.02539138  0.0
 1.46909058  -0.02539484  0.0
 1.46907111  -0.02539763  0.0
 1.46904678  -0.02540115  0.0
 1.46110651  -0.02655903  0.0
 1.46109208  -0.02656114  0.0
 1.46106611  -0.02656496  0.0
 1.46105169  -0.02656710  0.0
 1.45312500  -0.02774924  0.0
 1.45312500  -0.02673818  0.0
 1.27258644  -0.05366260  0.0
 1.27256254  -0.05366619  0.0
 1.27254470  -0.05366888  0.0
 1.27252080  -0.05367250  0.0
 1.26484743  -0.05484215  0.0
 1.26482728  -0.05484524  0.0
 1.07623912  -0.08389201  0.0
 1.07620909  -0.08389666  0.0
 1.07618668  -0.08390016  0.0
 1.07615666  -0.08390488  0.0
 1.06951050  -0.08495612  0.0
 0.88007424  -0.11389346  0.0
 0.87509559  -0.11462403  0.0
 0.83600000  -0.12029510  0.0
;;

# interior:
# ---------
 0.84100000  -0.11451749  0.0
 0.87437374  -0.10967641  0.0
 0.87933376  -0.10894858  0.0
 1.06874241  -0.08001545  0.0
 1.07537551  -0.07896627  0.0
 1.07538051  -0.07896549  0.0
 1.07541053  -0.07896077  0.0
 1.07541553  -0.07895999  0.0
 1.07543795  -0.07895649  0.0
 1.07544295  -0.07895571  0.0
 1.07547298  -0.07895105  0.0
 1.07547798  -0.07895028  0.0
 1.26406614  -0.04990351  0.0
 1.26407109  -0.04990275  0.0
 1.26409124  -0.04989967  0.0
 1.27176736  -0.04872960  0.0
 1.27179524  -0.04872537  0.0
 1.27181706  -0.04872208  0.0
 1.27184495  -0.04871789  0.0
 1.45238749  -0.02179287  0.0
 1.45286236  -0.02174508  0.0
 1.45333963  -0.02174278  0.0
 1.45381494  -0.02178601  0.0
 1.45428397  -0.02187435  0.0
 1.45474244  -0.02200701  0.0
 1.45518616  -0.02218278  0.0
 1.45549470  -0.02234054  0.0
 1.46031417  -0.02162179  0.0
 1.46031929  -0.02162103  0.0
 1.46033372  -0.02161889  0.0
 1.46036320  -0.02161455  0.0
 1.46038213  -0.02161178  0.0
 1.46832530  -0.02045348  0.0
 1.46833138  -0.02045259  0.0
 1.46835571  -0.02044908  0.0
 1.46836179  -0.02044820  0.0
 1.46838126  -0.02044541  0.0
 1.46838735  -0.02044454  0.0
 1.46841169  -0.02044108  0.0
 1.46841778  -0.02044022  0.0
 1.46847231  -0.02043255  0.0
 1.46847840  -0.02043169  0.0
 1.46850275  -0.02042829  0.0
 1.46850883  -0.02042745  0.0
 1.46852832  -0.02042475  0.0
 1.46853441  -0.02042392  0.0
 1.46855876  -0.02042058  0.0
 1.46856485  -0.02041975  0.0
 1.65733773   0.00521443  0.0
 1.65734562   0.00521549  0.0
 1.65737720   0.00521973  0.0
 1.65738510   0.00522078  0.0
 1.65741037   0.00522413  0.0
 1.65741827   0.00522517  0.0
 1.65744986   0.00522931  0.0
 1.65745776   0.00523034  0.0
 1.65752855   0.00523949  0.0
 1.65753645   0.00524051  0.0
 1.65756806   0.00524454  0.0
 1.65757596   0.00524555  0.0
 1.65760125   0.00524873  0.0
 1.65760916   0.00524972  0.0
 1.65764078   0.00525366  0.0
 1.65764868   0.00525464  0.0
 1.66512581   0.00617309  0.0
 1.66513248   0.00617390  0.0
 1.66515915   0.00617714  0.0
 1.66516581   0.00617795  0.0
 1.66518715   0.00618051  0.0
 1.66519382   0.00618131  0.0
 1.66522050   0.00618447  0.0
 1.66522717   0.00618526  0.0
 1.66528694   0.00619228  0.0
 1.66529361   0.00619306  0.0
 1.66532030   0.00619615  0.0
 1.66532697   0.00619692  0.0
 1.66534833   0.00619937  0.0
 1.66535500   0.00620013  0.0
 1.66538169   0.00620316  0.0
 1.66538837   0.00620391  0.0
 1.85532697   0.02746563  0.0
 1.85533844   0.02746690  0.0
 1.85538432   0.02747193  0.0
 1.85539579   0.02747318  0.0
 1.85543250   0.02747711  0.0
 1.85544397   0.02747833  0.0
 1.85548988   0.02748315  0.0
 1.85550135   0.02748434  0.0
 1.85560420   0.02749489  0.0
 1.85561567   0.02749606  0.0
 1.85566160   0.02750066  0.0
 1.85567308   0.02750180  0.0
 1.85570983   0.02750540  0.0
 1.85572131   0.02750651  0.0
 1.85576726   0.02751090  0.0
 1.85577874   0.02751199  0.0
 1.86209014   0.02810074  0.0
 1.86210130   0.02810176  0.0
 1.86214595   0.02810583  0.0
 1.86215711   0.02810683  0.0
 1.86219283   0.02811000  0.0
 1.86220400   0.02811098  0.0
 1.86224866   0.02811484  0.0
 1.86225983   0.02811580  0.0
 1.86235989   0.02812423  0.0
 1.86237106   0.02812516  0.0
 1.86241574   0.02812882  0.0
 1.86242691   0.02812972  0.0
 1.86246266   0.02813257  0.0
 1.86247383   0.02813345  0.0
 1.86251853   0.02813691  0.0
 1.86252970   0.02813777  0.0
 2.05428165   0.04256214  0.0
 2.05429368   0.04256303  0.0
 2.05434178   0.04256653  0.0
 2.05435381   0.04256740  0.0
 2.05439231   0.04257010  0.0
 2.05440434   0.04257094  0.0
 2.05445246   0.04257421  0.0
 2.05446449   0.04257501  0.0
 2.05457231   0.04258207  0.0
 2.05458434   0.04258285  0.0
 2.05463248   0.04258589  0.0
 2.05464452   0.04258663  0.0
 2.05468303   0.04258897  0.0
 2.05469507   0.04258969  0.0
 2.05474323   0.04259249  0.0
 2.05475527   0.04259318  0.0
 2.05925332   0.04284438  0.0
 2.05927714   0.04284565  0.0
 2.05937245   0.04285052  0.0
 2.05939628   0.04285168  0.0
 2.05947255   0.04285521  0.0
 2.05949639   0.04285625  0.0
 2.05959174   0.04286021  0.0
 2.05961558   0.04286114  0.0
 2.05982920   0.04286899  0.0
 2.05985305   0.04286981  0.0
 2.05994844   0.04287285  0.0
 2.05997229   0.04287356  0.0
 2.06004861   0.04287563  0.0
 2.06007246   0.04287622  0.0
 2.06016787   0.04287836  0.0
 2.06019173   0.04287883  0.0
 2.19113267   0.04518543  0.0
 2.05885765   0.08002357  0.0
 2.05884492   0.08002693  0.0
 2.05883422   0.08002976  0.0
 2.05882149   0.08003313  0.0
 2.05879613   0.08003987  0.0
 2.05878341   0.08004326  0.0
 2.05877272   0.08004611  0.0
 2.05876000   0.08004951  0.0
 2.05428752   0.08124763  0.0
 1.86439563   0.13163616  0.0
 1.85811109   0.13329328  0.0
 1.66938680   0.18291605  0.0
 1.66199525   0.18483281  0.0
 1.47383282   0.23286469  0.0
 1.46605092   0.23478035  0.0
 1.45509376   0.23742311  0.0
 1.45491357   0.23734351  0.0
 1.45443649   0.23718773  0.0
 1.45394621   0.23708056  0.0
 1.45344765   0.23702308  0.0
 1.45294583   0.23701587  0.0
 1.45244583   0.23705900  0.0
 1.45195266   0.23715204  0.0
 1.27739562   0.27925355  0.0
 1.26995252   0.28098583  0.0
 1.08064159   0.32296172  0.0
 1.07422642   0.32432593  0.0
 0.88337790   0.36211011  0.0
 0.87866561   0.36297720  0.0
 0.84100000   0.36937287  0.0
 0.84100000  -0.11451749  0.0
;;

