# exterior:
# ---------
 0.75000000  -0.13074904  0.0
 0.68376031  -0.14035755  0.0
 0.68111642  -0.14070982  0.0
 0.48792290  -0.16601583  0.0
 0.29525831  -0.18718531  0.0
 0.29236365  -0.18747583  0.0
 0.10340408  -0.20228130  0.0
 0.09712504  -0.20263315  0.0
-0.08819520  -0.20866502  0.0
-0.09817593  -0.20877403  0.0
-0.28011212  -0.20760675  0.0
-0.29373120  -0.20731160  0.0
-0.47240178  -0.20099991  0.0
-0.48931671  -0.20014569  0.0
-0.66503930  -0.18864030  0.0
-0.68485672  -0.18703734  0.0
-0.75000000  -0.18062426  0.0
-0.74500000  -0.17609231  0.0
-0.68441019  -0.18205713  0.0
-0.66467438  -0.18365349  0.0
-0.48902727  -0.19515394  0.0
-0.47218742  -0.19600436  0.0
-0.29358877  -0.20231351  0.0
-0.28004191  -0.20260709  0.0
-0.09818719  -0.20377386  0.0
-0.08830385  -0.20366590  0.0
 0.09690380  -0.19763771  0.0
 0.10306889  -0.19729223  0.0
 0.29191866  -0.18249537  0.0
 0.29473559  -0.18221266  0.0
 0.48732508  -0.16105143  0.0
 0.68046155  -0.13575289  0.0
 0.68307122  -0.13540518  0.0
 0.74500000  -0.12642200  0.0
 0.75000000  -0.13074904  0.0
;;

