# exterior:
# ---------
 1.45312500   0.24201266  0.0
 1.45312500   0.24304134  0.0
 1.46723467   0.23963822  0.0
 1.47504876   0.23771463  0.0
 1.66324113   0.18967511  0.0
 1.67065008   0.18775384  0.0
 1.85938424   0.13812847  0.0
 1.86567424   0.13646991  0.0
 2.05557562   0.08607886  0.0
 2.06005127   0.08487989  0.0
 2.06006145   0.08487717  0.0
 2.06006959   0.08487500  0.0
 2.06007978   0.08487229  0.0
 2.06010259   0.08486623  0.0
 2.06011277   0.08486353  0.0
 2.06012092   0.08486137  0.0
 2.06013110   0.08485868  0.0
 2.15493491   0.05988958  0.0
 2.15493491   0.05471907  0.0
 2.05885765   0.08002357  0.0
 2.05884492   0.08002693  0.0
 2.05883422   0.08002976  0.0
 2.05882149   0.08003313  0.0
 2.05879613   0.08003987  0.0
 2.05878341   0.08004326  0.0
 2.05877272   0.08004611  0.0
 2.05876000   0.08004951  0.0
 2.05428752   0.08124763  0.0
 1.86439563   0.13163616  0.0
 1.85811109   0.13329328  0.0
 1.66938680   0.18291605  0.0
 1.66199525   0.18483281  0.0
 1.47383282   0.23286469  0.0
 1.46605092   0.23478035  0.0
 1.45509376   0.23742311  0.0
 1.45491357   0.23734351  0.0
 1.45443649   0.23718773  0.0
 1.45418092   0.23713186  0.0
 1.45312500   0.24201266  0.0
;;

