# exterior:
# ---------
-0.75000000   0.36533550  0.0
-0.70218993   0.37666530  0.0
-0.68265223   0.38066174  0.0
-0.50428071   0.41203438  0.0
-0.48761320   0.41447991  0.0
-0.30584459   0.43669664  0.0
-0.29245731   0.43801163  0.0
-0.10721847   0.45136901  0.0
-0.09745073   0.45181417  0.0
 0.09129465   0.45448098  0.0
 0.09738043   0.45437551  0.0
 0.28976257   0.44502499  0.0
 0.29246271   0.44482909  0.0
 0.48800076   0.42580324  0.0
 0.68366891   0.39908279  0.0
 0.68610450   0.39871728  0.0
 0.75000000   0.38786774  0.0
 0.75000000  -0.13074904  0.0
 0.68376031  -0.14035755  0.0
 0.68111642  -0.14070982  0.0
 0.48792290  -0.16601583  0.0
 0.29525831  -0.18718531  0.0
 0.29236365  -0.18747583  0.0
 0.10340408  -0.20228130  0.0
 0.09712504  -0.20263315  0.0
-0.08819520  -0.20866502  0.0
-0.09817593  -0.20877403  0.0
-0.28011212  -0.20760675  0.0
-0.29373120  -0.20731160  0.0
-0.47240178  -0.20099991  0.0
-0.48931671  -0.20014569  0.0
-0.66503930  -0.18864030  0.0
-0.68485672  -0.18703734  0.0
-0.75000000  -0.18062426  0.0
-0.75000000   0.36533550  0.0
;;

# interior:
# ---------
-0.74500000   0.36138190  0.0
-0.74500000  -0.17609231  0.0
-0.68441019  -0.18205713  0.0
-0.66467438  -0.18365349  0.0
-0.48902727  -0.19515394  0.0
-0.47218742  -0.19600436  0.0
-0.29358877  -0.20231351  0.0
-0.28004191  -0.20260709  0.0
-0.09818719  -0.20377386  0.0
-0.08830385  -0.20366590  0.0
 0.09690380  -0.19763771  0.0
 0.10306889  -0.19729223  0.0
 0.29191866  -0.18249537  0.0
 0.29473559  -0.18221266  0.0
 0.48732508  -0.16105143  0.0
 0.68046155  -0.13575289  0.0
 0.68307122  -0.13540518  0.0
 0.74500000  -0.12642200  0.0
 0.74500000   0.38364518  0.0
 0.68531490   0.39377979  0.0
 0.68295960   0.39413325  0.0
 0.48742017   0.42083611  0.0
 0.29203963   0.43984664  0.0
 0.28946026   0.44003378  0.0
 0.09721570   0.44937761  0.0
 0.09128664   0.44948037  0.0
-0.09730156   0.44681578  0.0
-0.10692479   0.44637721  0.0
-0.29203304   0.43302924  0.0
-0.30529681   0.43172638  0.0
-0.48694687   0.40952414  0.0
-0.50348457   0.40709766  0.0
-0.68171799   0.37574931  0.0
-0.70111220   0.37178222  0.0
-0.74500000   0.36138190  0.0
;;

