# exterior:
# ---------
 0.84100000   0.36937287  0.0
 0.87866561   0.36297720  0.0
 0.88337790   0.36211011  0.0
 1.07422642   0.32432593  0.0
 1.08064159   0.32296172  0.0
 1.26995252   0.28098583  0.0
 1.27739562   0.27925355  0.0
 1.45195266   0.23715204  0.0
 1.45244583   0.23705900  0.0
 1.45294583   0.23701587  0.0
 1.45344765   0.23702308  0.0
 1.45394621   0.23708056  0.0
 1.45418092   0.23713186  0.0
 1.45523817   0.23224491  0.0
 1.45501390   0.23219589  0.0
 1.45451885   0.23211346  0.0
 1.45402029   0.23205598  0.0
 1.45351948   0.23202360  0.0
 1.45301767   0.23201639  0.0
 1.45251612   0.23203437  0.0
 1.45201612   0.23207750  0.0
 1.45151891   0.23214567  0.0
 1.45102574   0.23223871  0.0
 1.45078033   0.23229142  0.0
 1.27624274   0.27438824  0.0
 1.26884461   0.27611005  0.0
 1.07958039   0.31807558  0.0
 1.07322083   0.31942797  0.0
 0.88243991   0.35719877  0.0
 0.87779464   0.35805353  0.0
 0.84600000   0.36345230  0.0
 0.84100000   0.36937287  0.0
;;

