# exterior:
# ---------
-0.83600000  -0.17416758  0.0
-0.85841827  -0.17196060  0.0
-0.88049663  -0.16937221  0.0
-1.05247827  -0.14528366  0.0
-1.07581328  -0.14138422  0.0
-1.14983506  -0.12776487  0.0
-1.17308861  -0.12301265  0.0
-1.24770531  -0.10554163  0.0
-1.26976108  -0.09956220  0.0
-1.34655412  -0.07476115  0.0
-1.36562922  -0.06738033  0.0
-1.39551692  -0.05328488  0.0
-1.41146397  -0.04361957  0.0
-1.41453327  -0.04142354  0.0
-1.42503469  -0.03291896  0.0
-1.42798292  -0.03021152  0.0
-1.43557729  -0.02221009  0.0
-1.45073988   0.00449729  0.0
-1.44593432   0.05386667  0.0
-1.44049660   0.06324385  0.0
-1.43583814   0.06984008  0.0
-1.42680013   0.08090984  0.0
-1.42541372   0.08244740  0.0
-1.40893135   0.09889657  0.0
-1.38137588   0.12175414  0.0
-1.36218138   0.13584396  0.0
-1.28813928   0.18210289  0.0
-1.26628391   0.19390059  0.0
-1.19271389   0.22907461  0.0
-1.16962996   0.23902879  0.0
-1.09582136   0.26823430  0.0
-1.07274574   0.27665904  0.0
-0.89981774   0.33111019  0.0
-0.87803883   0.33704885  0.0
-0.83600000   0.34701102  0.0
-0.84100000   0.34068766  0.0
-0.87680433   0.33220292  0.0
-0.89840867   0.32631186  0.0
-1.07113670   0.27192368  0.0
-1.09404383   0.26356045  0.0
-1.16771975   0.23440744  0.0
-1.19064484   0.22452176  0.0
-1.26401666   0.18944250  0.0
-1.28562456   0.17777838  0.0
-1.35937346   0.13170263  0.0
-1.37829770   0.11781120  0.0
-1.40556214   0.09519504  0.0
-1.42178855   0.07900131  0.0
-1.42300465   0.07765264  0.0
-1.43185468   0.06681311  0.0
-1.43628343   0.06054216  0.0
-1.44106324   0.05229952  0.0
-1.44561000   0.00558886  0.0
-1.43153052  -0.01921073  0.0
-1.42447453  -0.02664492  0.0
-1.42176719  -0.02913114  0.0
-1.41150248  -0.03744401  0.0
-1.40870947  -0.03944237  0.0
-1.39314831  -0.04887380  0.0
-1.36365815  -0.06278176  0.0
-1.34488229  -0.07004679  0.0
-1.26833780  -0.09476758  0.0
-1.24648085  -0.10069311  0.0
-1.17201788  -0.11812813  0.0
-1.14888202  -0.12285629  0.0
-1.07494878  -0.13645935  0.0
-1.05171931  -0.14034116  0.0
-0.87985867  -0.16441276  0.0
-0.85788220  -0.16698920  0.0
-0.84100000  -0.16865118  0.0
-0.83600000  -0.17416758  0.0
;;

