# exterior:
# ---------
-0.74500000   0.36138190  0.0
-0.70111220   0.37178222  0.0
-0.68171799   0.37574931  0.0
-0.50348457   0.40709766  0.0
-0.48694687   0.40952414  0.0
-0.30529681   0.43172638  0.0
-0.29203304   0.43302924  0.0
-0.10692479   0.44637721  0.0
-0.09730156   0.44681578  0.0
 0.09128664   0.44948037  0.0
 0.09721570   0.44937761  0.0
 0.28946026   0.44003378  0.0
 0.29203963   0.43984664  0.0
 0.48742017   0.42083611  0.0
 0.68295960   0.39413325  0.0
 0.68531490   0.39377979  0.0
 0.74500000   0.38364518  0.0
 0.74000000   0.37942262  0.0
 0.68452529   0.38884230  0.0
 0.68225028   0.38918371  0.0
 0.48683959   0.41586899  0.0
 0.29161656   0.43486419  0.0
 0.28915795   0.43504257  0.0
 0.09705098   0.44437972  0.0
 0.09127864   0.44447976  0.0
-0.09715239   0.44181739  0.0
-0.10663112   0.44138540  0.0
-0.29160877   0.42804685  0.0
-0.30474904   0.42675612  0.0
-0.48628054   0.40456837  0.0
-0.50268842   0.40216094  0.0
-0.68078375   0.37083688  0.0
-0.70003447   0.36689914  0.0
-0.74000000   0.35742830  0.0
-0.74500000   0.36138190  0.0
;;

