# exterior:
# ---------
 1.45312500  -0.02673818  0.0
 1.27258644  -0.05366260  0.0
 1.27256254  -0.05366619  0.0
 1.27254470  -0.05366888  0.0
 1.27252080  -0.05367250  0.0
 1.26484743  -0.05484215  0.0
 1.26482728  -0.05484524  0.0
 1.07623912  -0.08389201  0.0
 1.07620909  -0.08389666  0.0
 1.07618668  -0.08390016  0.0
 1.07615666  -0.08390488  0.0
 1.06951050  -0.08495612  0.0
 0.88007424  -0.11389346  0.0
 0.87509559  -0.11462403  0.0
 0.83600000  -0.12029510  0.0
 0.84100000  -0.11451749  0.0
 0.87437374  -0.10967641  0.0
 0.87933376  -0.10894858  0.0
 1.06874241  -0.08001545  0.0
 1.07537551  -0.07896627  0.0
 1.07538051  -0.07896549  0.0
 1.07541053  -0.07896077  0.0
 1.07541553  -0.07895999  0.0
 1.07543795  -0.07895649  0.0
 1.07544295  -0.07895571  0.0
 1.07547298  -0.07895105  0.0
 1.07547798  -0.07895028  0.0
 1.26406614  -0.04990351  0.0
 1.26407109  -0.04990275  0.0
 1.26409124  -0.04989967  0.0
 1.27176736  -0.04872960  0.0
 1.27179524  -0.04872537  0.0
 1.27181706  -0.04872208  0.0
 1.27184495  -0.04871789  0.0
 1.45238749  -0.02179287  0.0
 1.45286236  -0.02174508  0.0
 1.45333963  -0.02174278  0.0
 1.45381494  -0.02178601  0.0
 1.45428397  -0.02187435  0.0
 1.45461194  -0.02196925  0.0
 1.45312500  -0.02673818  0.0
;;

