# exterior:
# ---------
 0.75000000  -0.14792696  0.0
 0.68610322  -0.15719562  0.0
 0.68334301  -0.15756339  0.0
 0.48995545  -0.18289482  0.0
 0.29703553  -0.20409235  0.0
 0.29387661  -0.20440939  0.0
 0.10454375  -0.21924410  0.0
 0.09787722  -0.21961767  0.0
-0.08782581  -0.22566200  0.0
-0.09813762  -0.22577463  0.0
-0.28035084  -0.22460556  0.0
-0.29421547  -0.22430509  0.0
-0.47313061  -0.21798476  0.0
-0.49030082  -0.21711766  0.0
-0.66628002  -0.20559547  0.0
-0.68637489  -0.20397006  0.0
-0.75000000  -0.19770644  0.0
-0.75000000  -0.18062426  0.0
-0.68485672  -0.18703734  0.0
-0.66503930  -0.18864030  0.0
-0.48931671  -0.20014569  0.0
-0.47240178  -0.20099991  0.0
-0.29373120  -0.20731160  0.0
-0.28011212  -0.20760675  0.0
-0.09817593  -0.20877403  0.0
-0.08819520  -0.20866502  0.0
 0.09712504  -0.20263315  0.0
 0.10340408  -0.20228130  0.0
 0.29236365  -0.18747583  0.0
 0.29525831  -0.18718531  0.0
 0.48792290  -0.16601583  0.0
 0.68111642  -0.14070982  0.0
 0.68376031  -0.14035755  0.0
 0.75000000  -0.13074904  0.0
 0.75000000  -0.14792696  0.0
;;

