# exterior:
# ---------
 2.15493491   0.02554484  0.0
 2.06052637   0.02388178  0.0
 2.06031275   0.02387394  0.0
 2.05581470   0.02362274  0.0
 2.05570688   0.02361567  0.0
 1.86395493   0.00919130  0.0
 1.86385487   0.00918287  0.0
 1.85754347   0.00859412  0.0
 1.85744063   0.00858357  0.0
 1.66750203  -0.01267816  0.0
 1.66744226  -0.01268518  0.0
 1.65996513  -0.01360363  0.0
 1.65989435  -0.01361278  0.0
 1.47112147  -0.03924695  0.0
 1.47106694  -0.03925463  0.0
 1.46312666  -0.04041251  0.0
 1.46310871  -0.04041515  0.0
 1.45312500  -0.04190406  0.0
 1.45312500  -0.03785983  0.0
 1.46251870  -0.03645891  0.0
 1.46252511  -0.03645796  0.0
 1.46254306  -0.03645531  0.0
 1.46254947  -0.03645437  0.0
 1.47048975  -0.03529649  0.0
 1.47050922  -0.03529370  0.0
 1.47056375  -0.03528603  0.0
 1.47058324  -0.03528333  0.0
 1.65935611  -0.00964916  0.0
 1.65938138  -0.00964581  0.0
 1.65945217  -0.00963665  0.0
 1.65947746  -0.00963346  0.0
 1.66695458  -0.00871501  0.0
 1.66697592  -0.00871245  0.0
 1.66703569  -0.00870544  0.0
 1.66705705  -0.00870299  0.0
 1.85699565   0.01255874  0.0
 1.85703236   0.01256268  0.0
 1.85713520   0.01257323  0.0
 1.85717195   0.01257683  0.0
 1.86348335   0.01316558  0.0
 1.86351907   0.01316875  0.0
 1.86361913   0.01317718  0.0
 1.86365488   0.01318003  0.0
 2.05540683   0.02760440  0.0
 2.05544533   0.02760711  0.0
 2.05555314   0.02761418  0.0
 2.05559166   0.02761651  0.0
 2.06008971   0.02786771  0.0
 2.06016598   0.02787124  0.0
 2.06037960   0.02787909  0.0
 2.06045592   0.02788116  0.0
 2.15493491   0.02954546  0.0
 2.15493491   0.02554484  0.0
;;

