# exterior:
# ---------
 2.42392577   0.00885106  0.0
 2.25748830   0.02718914  0.0
 2.25707667   0.02721919  0.0
 2.25489830   0.02729769  0.0
 2.25459799   0.02730046  0.0
 2.22733043   0.02682012  0.0
 2.22733043   0.03082074  0.0
 2.25452754   0.03129984  0.0
 2.25463481   0.03130029  0.0
 2.25493511   0.03129752  0.0
 2.25504235   0.03129510  0.0
 2.25722072   0.03121660  0.0
 2.25736793   0.03120857  0.0
 2.25777955   0.03117852  0.0
 2.25792637   0.03116508  0.0
 2.35670826   0.02028129  0.0
 2.42392577   0.00885106  0.0
;;

