# exterior:
# ---------
 2.15493491   0.05988958  0.0
 2.06013110   0.08485868  0.0
 2.06012092   0.08486137  0.0
 2.06011277   0.08486353  0.0
 2.06010259   0.08486623  0.0
 2.06007978   0.08487229  0.0
 2.06006959   0.08487500  0.0
 2.06006145   0.08487717  0.0
 2.06005127   0.08487989  0.0
 2.05557562   0.08607886  0.0
 1.86567424   0.13646991  0.0
 1.85938424   0.13812847  0.0
 1.67065008   0.18775384  0.0
 1.66324113   0.18967511  0.0
 1.47504876   0.23771463  0.0
 1.46723467   0.23963822  0.0
 1.45312500   0.24304134  0.0
 1.45312500   0.25332809  0.0
 1.46960219   0.24935395  0.0
 1.47748066   0.24741451  0.0
 1.66573290   0.19935971  0.0
 1.67317663   0.19742942  0.0
 1.86193055   0.14779886  0.0
 1.86823146   0.14613742  0.0
 2.05815184   0.09574133  0.0
 2.06263891   0.09453930  0.0
 2.06264706   0.09453712  0.0
 2.06266987   0.09453106  0.0
 2.06267802   0.09452891  0.0
 2.15493491   0.07023060  0.0
 2.15493491   0.05988958  0.0
;;

