# exterior:
# ---------
 2.52254667  -4.21175594  0.0
 2.57423392  -4.22330103  0.0
 2.72804267  -4.25816619  0.0
 2.88173820  -4.29352663  0.0
 3.03531522  -4.32939841  0.0
 3.18878175  -4.36574152  0.0
 3.34215074  -4.40249469  0.0
 3.49543256  -4.43961048  0.0
 3.64864516  -4.47701303  0.0
 3.71787000  -4.49400612  0.0
 3.71787000  -4.49658034  0.0
 3.64805071  -4.47944133  0.0
 3.49484194  -4.44203971  0.0
 3.34156526  -4.40492517  0.0
 3.18820240  -4.36817346  0.0
 3.03474285  -4.33183201  0.0
 2.88117362  -4.29596205  0.0
 2.72748607  -4.26060345  0.0
 2.57368509  -4.22574004  0.0
 2.52254667  -4.21431755  0.0
 2.52254667  -4.21175594  0.0
;;

