# exterior:
# ---------
 2.52254667  -4.21114116  0.0
 2.57436564  -4.22271566  0.0
 2.72817626  -4.25758125  0.0
 2.88187370  -4.29294213  0.0
 3.03545259  -4.32881435  0.0
 3.18892080  -4.36515785  0.0
 3.34229126  -4.40191138  0.0
 3.49557431  -4.43902746  0.0
 3.64878782  -4.47643024  0.0
 3.71787000  -4.49338830  0.0
 3.71787000  -4.49400612  0.0
 3.64864516  -4.47701303  0.0
 3.49543256  -4.43961048  0.0
 3.34215074  -4.40249469  0.0
 3.18878175  -4.36574152  0.0
 3.03531522  -4.32939841  0.0
 2.88173820  -4.29352663  0.0
 2.72804267  -4.25816619  0.0
 2.57423392  -4.22330103  0.0
 2.52254667  -4.21175594  0.0
 2.52254667  -4.21114116  0.0
;;

