# exterior:
# ---------
 3.71787000  -4.73412163  0.0
 3.61817404  -4.74181701  0.0
 3.46142800  -4.75919797  0.0
 3.30528720  -4.78136765  0.0
 3.14984125  -4.80798078  0.0
 2.99512805  -4.83857721  0.0
 2.84112870  -4.87258495  0.0
 2.68777828  -4.90941592  0.0
 2.53498468  -4.94849452  0.0
 2.52254667  -4.95182678  0.0
 2.52254667  -4.95120562  0.0
 2.53482941  -4.94791496  0.0
 2.53483601  -4.94791323  0.0
 2.68762960  -4.90883463  0.0
 2.68763816  -4.90883251  0.0
 2.84098858  -4.87200154  0.0
 2.84099931  -4.87199907  0.0
 2.99499867  -4.83799133  0.0
 2.99501165  -4.83798861  0.0
 3.14972484  -4.80739218  0.0
 3.14974000  -4.80738938  0.0
 3.30518595  -4.78077625  0.0
 3.30520285  -4.78077360  0.0
 3.46134366  -4.75860393  0.0
 3.46136187  -4.75860163  0.0
 3.61810792  -4.74122067  0.0
 3.61812787  -4.74121879  0.0
 3.71787000  -4.73351984  0.0
 3.71787000  -4.73412163  0.0
;;

