# exterior:
# ---------
 3.71487000  -4.69814581  0.0
 3.61539580  -4.70582408  0.0
 3.61537084  -4.70582611  0.0
 3.61487168  -4.70586883  0.0
 3.61484673  -4.70587108  0.0
 3.61474365  -4.70588077  0.0
 3.61471872  -4.70588321  0.0
 3.61422035  -4.70593427  0.0
 3.61419544  -4.70593693  0.0
 3.45744940  -4.72331788  0.0
 3.45742659  -4.72332050  0.0
 3.45697068  -4.72337459  0.0
 3.45694790  -4.72337738  0.0
 3.45685377  -4.72338928  0.0
 3.45683100  -4.72339225  0.0
 3.45637598  -4.72345331  0.0
 3.45635324  -4.72345645  0.0
 3.30021243  -4.74562612  0.0
 3.30019126  -4.74562920  0.0
 3.29976817  -4.74569235  0.0
 3.29974703  -4.74569559  0.0
 3.29965969  -4.74570926  0.0
 3.29963857  -4.74571264  0.0
 3.29921642  -4.74578182  0.0
 3.29919533  -4.74578536  0.0
 3.14374938  -4.77239849  0.0
 3.14373040  -4.77240180  0.0
 3.14335113  -4.77246925  0.0
 3.14333217  -4.77247268  0.0
 3.14325388  -4.77248712  0.0
 3.14323495  -4.77249067  0.0
 3.14285658  -4.77256298  0.0
 3.14283767  -4.77256666  0.0
 2.98812447  -4.80316309  0.0
 2.98810822  -4.80316635  0.0
 2.98778339  -4.80323246  0.0
 2.98776716  -4.80323581  0.0
 2.98770011  -4.80324984  0.0
 2.98768389  -4.80325328  0.0
 2.98735982  -4.80332297  0.0
 2.98734362  -4.80332650  0.0
 2.83334427  -4.83733424  0.0
 2.83333082  -4.83733724  0.0
 2.83306205  -4.83739789  0.0
 2.83304862  -4.83740096  0.0
 2.83299314  -4.83741374  0.0
 2.83297972  -4.83741687  0.0
 2.83271152  -4.83747998  0.0
 2.83269812  -4.83748317  0.0
 2.67934770  -4.87431414  0.0
 2.67933699  -4.87431673  0.0
 2.67912304  -4.87436895  0.0
 2.67911235  -4.87437158  0.0
 2.67906817  -4.87438253  0.0
 2.67905748  -4.87438520  0.0
 2.67884392  -4.87443899  0.0
 2.67883324  -4.87444170  0.0
 2.52603965  -4.91352029  0.0
 2.52603139  -4.91352242  0.0
 2.52586629  -4.91356514  0.0
 2.52585804  -4.91356729  0.0
 2.52582394  -4.91357622  0.0
 2.52581570  -4.91357839  0.0
 2.52565084  -4.91362206  0.0
 2.52564260  -4.91362425  0.0
 2.52557318  -4.91364285  0.0
 2.53054667  -4.90720663  0.0
 2.67759432  -4.86959762  0.0
 2.67760321  -4.86959536  0.0
 2.67761389  -4.86959265  0.0
 2.67762278  -4.86959040  0.0
 2.67783635  -4.86953661  0.0
 2.67784525  -4.86953438  0.0
 2.67785593  -4.86953171  0.0
 2.67786484  -4.86952949  0.0
 2.67790902  -4.86951854  0.0
 2.67791792  -4.86951634  0.0
 2.67792862  -4.86951371  0.0
 2.67793753  -4.86951152  0.0
 2.67815149  -4.86945931  0.0
 2.67816040  -4.86945714  0.0
 2.67817111  -4.86945455  0.0
 2.67818003  -4.86945240  0.0
 2.83153045  -4.83262143  0.0
 2.83154161  -4.83261876  0.0
 2.83155502  -4.83261557  0.0
 2.83156619  -4.83261293  0.0
 2.83183439  -4.83254981  0.0
 2.83184556  -4.83254720  0.0
 2.83185898  -4.83254407  0.0
 2.83187017  -4.83254148  0.0
 2.83192565  -4.83252869  0.0
 2.83193684  -4.83252613  0.0
 2.83195027  -4.83252306  0.0
 2.83196147  -4.83252052  0.0
 2.83223024  -4.83245988  0.0
 2.83224144  -4.83245736  0.0
 2.83225488  -4.83245436  0.0
 2.83226609  -4.83245187  0.0
 2.98626545  -4.79844413  0.0
 2.98627894  -4.79844117  0.0
 2.98629513  -4.79843764  0.0
 2.98630863  -4.79843472  0.0
 2.98663271  -4.79836503  0.0
 2.98664622  -4.79836214  0.0
 2.98666243  -4.79835870  0.0
 2.98667595  -4.79835586  0.0
 2.98674300  -4.79834182  0.0
 2.98675652  -4.79833901  0.0
 2.98677275  -4.79833566  0.0
 2.98678629  -4.79833289  0.0
 2.98711111  -4.79826678  0.0
 2.98712465  -4.79826405  0.0
 2.98714090  -4.79826079  0.0
 2.98715445  -4.79825809  0.0
 3.14186764  -4.76766166  0.0
 3.14188339  -4.76765857  0.0
 3.14190230  -4.76765489  0.0
 3.14191806  -4.76765185  0.0
 3.14229644  -4.76757954  0.0
 3.14231221  -4.76757656  0.0
 3.14233114  -4.76757300  0.0
 3.14234692  -4.76757007  0.0
 3.14242521  -4.76755562  0.0
 3.14244100  -4.76755274  0.0
 3.14245996  -4.76754931  0.0
 3.14247575  -4.76754647  0.0
 3.14285503  -4.76747903  0.0
 3.14287084  -4.76747624  0.0
 3.14288981  -4.76747293  0.0
 3.14290563  -4.76747020  0.0
 3.29835158  -4.74085706  0.0
 3.29836915  -4.74085409  0.0
 3.29839025  -4.74085055  0.0
 3.29840783  -4.74084764  0.0
 3.29882998  -4.74077846  0.0
 3.29884757  -4.74077561  0.0
 3.29886869  -4.74077222  0.0
 3.29888630  -4.74076944  0.0
 3.29897364  -4.74075576  0.0
 3.29899125  -4.74075304  0.0
 3.29901240  -4.74074980  0.0
 3.29903002  -4.74074714  0.0
 3.29945311  -4.74068399  0.0
 3.29947075  -4.74068139  0.0
 3.29949191  -4.74067831  0.0
 3.29950955  -4.74067577  0.0
 3.45565036  -4.71850610  0.0
 3.45566930  -4.71850344  0.0
 3.45569204  -4.71850030  0.0
 3.45571100  -4.71849772  0.0
 3.45616603  -4.71843666  0.0
 3.45618499  -4.71843416  0.0
 3.45620775  -4.71843119  0.0
 3.45622673  -4.71842875  0.0
 3.45632086  -4.71841686  0.0
 3.45633984  -4.71841449  0.0
 3.45636263  -4.71841170  0.0
 3.45638162  -4.71840941  0.0
 3.45683753  -4.71835532  0.0
 3.45685653  -4.71835310  0.0
 3.45687934  -4.71835049  0.0
 3.45689834  -4.71834834  0.0
 3.61364439  -4.70096738  0.0
 3.61366514  -4.70096513  0.0
 3.61369005  -4.70096247  0.0
 3.61371081  -4.70096030  0.0
 3.61420918  -4.70090925  0.0
 3.61422995  -4.70090716  0.0
 3.61425488  -4.70090471  0.0
 3.61427566  -4.70090272  0.0
 3.61437874  -4.70089302  0.0
 3.61439953  -4.70089111  0.0
 3.61442447  -4.70088887  0.0
 3.61444527  -4.70088705  0.0
 3.61494443  -4.70084433  0.0
 3.61496523  -4.70084259  0.0
 3.61499019  -4.70084056  0.0
 3.61501100  -4.70083891  0.0
 3.70987000  -4.69351688  0.0
 3.71487000  -4.69814581  0.0
;;

