# exterior:
# ---------
-0.83600000  -5.59767700  0.0
-0.85682307  -5.59684081  0.0
-1.01402610  -5.58430336  0.0
-1.17063867  -5.56577922  0.0
-1.32648159  -5.54161928  0.0
-1.48138864  -5.51204293  0.0
-1.63517031  -5.47708706  0.0
-1.78760231  -5.43664958  0.0
-1.93842735  -5.39058217  0.0
-2.08734257  -5.33867722  0.0
-2.23393446  -5.28053921  0.0
-2.37757586  -5.21546251  0.0
-2.51707270  -5.14194829  0.0
-2.64988283  -5.05702026  0.0
-2.77028898  -4.95543610  0.0
-2.85775811  -4.82591272  0.0
-2.86713000  -4.76717250  0.0
-2.84898978  -4.67155403  0.0
-2.75853291  -4.54348776  0.0
-2.63891153  -4.44094835  0.0
-2.50812270  -4.35291488  0.0
-2.37067658  -4.27563618  0.0
-2.22867795  -4.20706309  0.0
-2.08332901  -4.14588037  0.0
-1.93541584  -4.09118763  0.0
-1.78546649  -4.04234408  0.0
-1.63386668  -3.99888608  0.0
-1.48090613  -3.96049131  0.0
-1.32680516  -3.92696083  0.0
-1.17174122  -3.89821118  0.0
-1.01586451  -3.87425856  0.0
-0.85933115  -3.85505250  0.0
-0.83600000  -3.85286348  0.0
-0.83600000  -3.85346612  0.0
-0.85926658  -3.85564908  0.0
-1.01578239  -3.87485299  0.0
-1.17164094  -3.89880282  0.0
-1.32668666  -3.92754909  0.0
-1.48076928  -3.96107557  0.0
-1.63371093  -3.99946559  0.0
-1.78529085  -4.04291790  0.0
-1.93521880  -4.09175448  0.0
-2.08310847  -4.14643853  0.0
-2.22843094  -4.20761010  0.0
-2.37039882  -4.27616834  0.0
-2.50780765  -4.35342608  0.0
-2.63854754  -4.44142661  0.0
-2.75808583  -4.54389480  0.0
-2.84842457  -4.67179382  0.0
-2.86652099  -4.76718141  0.0
-2.85718653  -4.82568701  0.0
-2.76983838  -4.95503125  0.0
-2.64952621  -5.05653612  0.0
-2.51677068  -5.14142923  0.0
-2.37731196  -5.21492337  0.0
-2.23369992  -5.27998676  0.0
-2.08713314  -5.33811482  0.0
-1.93824090  -5.39001175  0.0
-1.78743769  -5.43607250  0.0
-1.63502684  -5.47650436  0.0
-1.48126585  -5.51145554  0.0
-1.32637934  -5.54102796  0.0
-1.17055745  -5.56518464  0.0
-1.01396699  -5.58370617  0.0
-0.85678717  -5.59624177  0.0
-0.83600000  -5.59707652  0.0
-0.83600000  -5.59767700  0.0
;;

