# exterior:
# ---------
 0.75000000  -5.42583692  0.0
 0.70664442  -5.43570958  0.0
 0.55239463  -5.46831938  0.0
 0.39759647  -5.49818520  0.0
 0.24224949  -5.52502796  0.0
 0.08636486  -5.54851058  0.0
-0.07002124  -5.56823612  0.0
-0.22686989  -5.58379189  0.0
-0.38410162  -5.59467191  0.0
-0.54159811  -5.60027409  0.0
-0.69918321  -5.60006866  0.0
-0.75000000  -5.59802801  0.0
-0.75000000  -5.54198288  0.0
-0.69802278  -5.54407013  0.0
-0.54255727  -5.54427279  0.0
-0.38703068  -5.53874068  0.0
-0.23156723  -5.52798302  0.0
-0.07628972  -5.51258307  0.0
 0.07868889  -5.49303507  0.0
 0.23331003  -5.46974278  0.0
 0.38752365  -5.44309586  0.0
 0.54129798  -5.41342756  0.0
 0.69463541  -5.38101065  0.0
 0.75000000  -5.36840337  0.0
 0.75000000  -5.42583692  0.0
;;

