# exterior:
# ---------
 2.52554667  -4.91364995  0.0
 2.52554667  -4.24880083  0.0
 2.56644054  -4.25793506  0.0
 2.72013892  -4.29277521  0.0
 2.87372115  -4.32810958  0.0
 3.02718758  -4.36395553  0.0
 3.18055493  -4.40027515  0.0
 3.33383697  -4.43700749  0.0
 3.48704573  -4.47410558  0.0
 3.64020403  -4.51149488  0.0
 3.71487000  -4.52982363  0.0
 3.71487000  -4.55836166  0.0
 3.71488353  -4.55864625  0.0
 3.71492399  -4.55892827  0.0
 3.71499103  -4.55920518  0.0
 3.71508403  -4.55947448  0.0
 3.71520216  -4.55973375  0.0
 3.71534435  -4.55998064  0.0
 3.71550932  -4.56021293  0.0
 3.71569559  -4.56042852  0.0
 3.71590146  -4.56062547  0.0
 3.71612509  -4.56080200  0.0
 3.71636446  -4.56095653  0.0
 3.71661740  -4.56108764  0.0
 3.71688165  -4.56119418  0.0
 3.71715480  -4.56127516  0.0
 3.78614207  -4.57820992  0.0
 3.93912295  -4.61603195  0.0
 4.09199994  -4.65417733  0.0
 4.10205392  -4.65671106  0.0
 4.09292142  -4.65640135  0.0
 4.09290711  -4.65640090  0.0
 4.09262076  -4.65639256  0.0
 4.09260645  -4.65639218  0.0
 4.09203369  -4.65637823  0.0
 4.09201937  -4.65637791  0.0
 4.09173296  -4.65637231  0.0
 4.09171864  -4.65637206  0.0
 4.09160026  -4.65637031  0.0
 4.09158594  -4.65637013  0.0
 4.09129949  -4.65636726  0.0
 4.09128516  -4.65636715  0.0
 4.09071225  -4.65636414  0.0
 4.09069792  -4.65636410  0.0
 4.09041146  -4.65636396  0.0
 4.09039714  -4.65636399  0.0
 3.93269525  -4.65704143  0.0
 3.93268131  -4.65704152  0.0
 3.93240245  -4.65704401  0.0
 3.93238851  -4.65704417  0.0
 3.93183084  -4.65705175  0.0
 3.93181690  -4.65705197  0.0
 3.93153808  -4.65705706  0.0
 3.93152414  -4.65705734  0.0
 3.93140891  -4.65705998  0.0
 3.93139497  -4.65706033  0.0
 3.93111621  -4.65706801  0.0
 3.93110228  -4.65706843  0.0
 3.93054484  -4.65708637  0.0
 3.93053091  -4.65708685  0.0
 3.93025223  -4.65709712  0.0
 3.93023830  -4.65709767  0.0
 3.77266989  -4.66363699  0.0
 3.77265656  -4.66363757  0.0
 3.77239016  -4.66364982  0.0
 3.77237684  -4.66365046  0.0
 3.77184415  -4.66367731  0.0
 3.77183084  -4.66367801  0.0
 3.77156455  -4.66369262  0.0
 3.77155124  -4.66369338  0.0
 3.77144121  -4.66369991  0.0
 3.77142790  -4.66370073  0.0
 3.77116176  -4.66371771  0.0
 3.77114845  -4.66371858  0.0
 3.77061633  -4.66375490  0.0
 3.77060302  -4.66375584  0.0
 3.77033704  -4.66377518  0.0
 3.77032375  -4.66377618  0.0
 3.71763912  -4.66784283  0.0
 3.71734289  -4.66788060  0.0
 3.71705188  -4.66794764  0.0
 3.71676898  -4.66804327  0.0
 3.71649699  -4.66816656  0.0
 3.71623861  -4.66831628  0.0
 3.71599639  -4.66849095  0.0
 3.71577273  -4.66868883  0.0
 3.71556986  -4.66890797  0.0
 3.71538977  -4.66914619  0.0
 3.71523427  -4.66940113  0.0
 3.71510488  -4.66967027  0.0
 3.71500289  -4.66995095  0.0
 3.71492931  -4.67024037  0.0
 3.71488486  -4.67053567  0.0
 3.71487000  -4.67083393  0.0
 3.71487000  -4.69814581  0.0
 3.61539580  -4.70582408  0.0
 3.61537084  -4.70582611  0.0
 3.61487168  -4.70586883  0.0
 3.61484673  -4.70587108  0.0
 3.61474365  -4.70588077  0.0
 3.61471872  -4.70588321  0.0
 3.61422035  -4.70593427  0.0
 3.61419544  -4.70593693  0.0
 3.45744940  -4.72331788  0.0
 3.45742659  -4.72332050  0.0
 3.45697068  -4.72337459  0.0
 3.45694790  -4.72337738  0.0
 3.45685377  -4.72338928  0.0
 3.45683100  -4.72339225  0.0
 3.45637598  -4.72345331  0.0
 3.45635324  -4.72345645  0.0
 3.30021243  -4.74562612  0.0
 3.30019126  -4.74562920  0.0
 3.29976817  -4.74569235  0.0
 3.29974703  -4.74569559  0.0
 3.29965969  -4.74570926  0.0
 3.29963857  -4.74571264  0.0
 3.29921642  -4.74578182  0.0
 3.29919533  -4.74578536  0.0
 3.14374938  -4.77239849  0.0
 3.14373040  -4.77240180  0.0
 3.14335113  -4.77246925  0.0
 3.14333217  -4.77247268  0.0
 3.14325388  -4.77248712  0.0
 3.14323495  -4.77249067  0.0
 3.14285658  -4.77256298  0.0
 3.14283767  -4.77256666  0.0
 2.98812447  -4.80316309  0.0
 2.98810822  -4.80316635  0.0
 2.98778339  -4.80323246  0.0
 2.98776716  -4.80323581  0.0
 2.98770011  -4.80324984  0.0
 2.98768389  -4.80325328  0.0
 2.98735982  -4.80332297  0.0
 2.98734362  -4.80332650  0.0
 2.83334427  -4.83733424  0.0
 2.83333082  -4.83733724  0.0
 2.83306205  -4.83739789  0.0
 2.83304862  -4.83740096  0.0
 2.83299314  -4.83741374  0.0
 2.83297972  -4.83741687  0.0
 2.83271152  -4.83747998  0.0
 2.83269812  -4.83748317  0.0
 2.67934770  -4.87431414  0.0
 2.67933699  -4.87431673  0.0
 2.67912304  -4.87436895  0.0
 2.67911235  -4.87437158  0.0
 2.67906817  -4.87438253  0.0
 2.67905748  -4.87438520  0.0
 2.67884392  -4.87443899  0.0
 2.67883324  -4.87444170  0.0
 2.52603965  -4.91352029  0.0
 2.52603139  -4.91352242  0.0
 2.52586629  -4.91356514  0.0
 2.52585804  -4.91356729  0.0
 2.52582394  -4.91357622  0.0
 2.52581570  -4.91357839  0.0
 2.52565084  -4.91362206  0.0
 2.52564260  -4.91362425  0.0
 2.52554667  -4.91364995  0.0
;;

# interior:
# ---------
 2.53054667  -4.90720663  0.0
 2.67759432  -4.86959762  0.0
 2.67760321  -4.86959536  0.0
 2.67761389  -4.86959265  0.0
 2.67762278  -4.86959040  0.0
 2.67783635  -4.86953661  0.0
 2.67784525  -4.86953438  0.0
 2.67785593  -4.86953171  0.0
 2.67786484  -4.86952949  0.0
 2.67790902  -4.86951854  0.0
 2.67791792  -4.86951634  0.0
 2.67792862  -4.86951371  0.0
 2.67793753  -4.86951152  0.0
 2.67815149  -4.86945931  0.0
 2.67816040  -4.86945714  0.0
 2.67817111  -4.86945455  0.0
 2.67818003  -4.86945240  0.0
 2.83153045  -4.83262143  0.0
 2.83154161  -4.83261876  0.0
 2.83155502  -4.83261557  0.0
 2.83156619  -4.83261293  0.0
 2.83183439  -4.83254981  0.0
 2.83184556  -4.83254720  0.0
 2.83185898  -4.83254407  0.0
 2.83187017  -4.83254148  0.0
 2.83192565  -4.83252869  0.0
 2.83193684  -4.83252613  0.0
 2.83195027  -4.83252306  0.0
 2.83196147  -4.83252052  0.0
 2.83223024  -4.83245988  0.0
 2.83224144  -4.83245736  0.0
 2.83225488  -4.83245436  0.0
 2.83226609  -4.83245187  0.0
 2.98626545  -4.79844413  0.0
 2.98627894  -4.79844117  0.0
 2.98629513  -4.79843764  0.0
 2.98630863  -4.79843472  0.0
 2.98663271  -4.79836503  0.0
 2.98664622  -4.79836214  0.0
 2.98666243  -4.79835870  0.0
 2.98667595  -4.79835586  0.0
 2.98674300  -4.79834182  0.0
 2.98675652  -4.79833901  0.0
 2.98677275  -4.79833566  0.0
 2.98678629  -4.79833289  0.0
 2.98711111  -4.79826678  0.0
 2.98712465  -4.79826405  0.0
 2.98714090  -4.79826079  0.0
 2.98715445  -4.79825809  0.0
 3.14186764  -4.76766166  0.0
 3.14188339  -4.76765857  0.0
 3.14190230  -4.76765489  0.0
 3.14191806  -4.76765185  0.0
 3.14229644  -4.76757954  0.0
 3.14231221  -4.76757656  0.0
 3.14233114  -4.76757300  0.0
 3.14234692  -4.76757007  0.0
 3.14242521  -4.76755562  0.0
 3.14244100  -4.76755274  0.0
 3.14245996  -4.76754931  0.0
 3.14247575  -4.76754647  0.0
 3.14285503  -4.76747903  0.0
 3.14287084  -4.76747624  0.0
 3.14288981  -4.76747293  0.0
 3.14290563  -4.76747020  0.0
 3.29835158  -4.74085706  0.0
 3.29836915  -4.74085409  0.0
 3.29839025  -4.74085055  0.0
 3.29840783  -4.74084764  0.0
 3.29882998  -4.74077846  0.0
 3.29884757  -4.74077561  0.0
 3.29886869  -4.74077222  0.0
 3.29888630  -4.74076944  0.0
 3.29897364  -4.74075576  0.0
 3.29899125  -4.74075304  0.0
 3.29901240  -4.74074980  0.0
 3.29903002  -4.74074714  0.0
 3.29945311  -4.74068399  0.0
 3.29947075  -4.74068139  0.0
 3.29949191  -4.74067831  0.0
 3.29950955  -4.74067577  0.0
 3.45565036  -4.71850610  0.0
 3.45566930  -4.71850344  0.0
 3.45569204  -4.71850030  0.0
 3.45571100  -4.71849772  0.0
 3.45616603  -4.71843666  0.0
 3.45618499  -4.71843416  0.0
 3.45620775  -4.71843119  0.0
 3.45622673  -4.71842875  0.0
 3.45632086  -4.71841686  0.0
 3.45633984  -4.71841449  0.0
 3.45636263  -4.71841170  0.0
 3.45638162  -4.71840941  0.0
 3.45683753  -4.71835532  0.0
 3.45685653  -4.71835310  0.0
 3.45687934  -4.71835049  0.0
 3.45689834  -4.71834834  0.0
 3.61364439  -4.70096738  0.0
 3.61366514  -4.70096513  0.0
 3.61369005  -4.70096247  0.0
 3.61371081  -4.70096030  0.0
 3.61420918  -4.70090925  0.0
 3.61422995  -4.70090716  0.0
 3.61425488  -4.70090471  0.0
 3.61427566  -4.70090272  0.0
 3.61437874  -4.70089302  0.0
 3.61439953  -4.70089111  0.0
 3.61442447  -4.70088887  0.0
 3.61444527  -4.70088705  0.0
 3.61494443  -4.70084433  0.0
 3.61496523  -4.70084259  0.0
 3.61499019  -4.70084056  0.0
 3.61501100  -4.70083891  0.0
 3.70987000  -4.69351688  0.0
 3.70987000  -4.67083393  0.0
 3.70987620  -4.67058507  0.0
 3.70989106  -4.67028681  0.0
 3.70994054  -4.66979157  0.0
 3.70998498  -4.66949626  0.0
 3.71008346  -4.66900839  0.0
 3.71015704  -4.66871897  0.0
 3.71030353  -4.66824330  0.0
 3.71040552  -4.66796263  0.0
 3.71059858  -4.66750388  0.0
 3.71072797  -4.66723474  0.0
 3.71096568  -4.66679746  0.0
 3.71112118  -4.66654251  0.0
 3.71140119  -4.66613103  0.0
 3.71158127  -4.66589281  0.0
 3.71190080  -4.66551120  0.0
 3.71210367  -4.66529207  0.0
 3.71245955  -4.66494412  0.0
 3.71268321  -4.66474624  0.0
 3.71307192  -4.66443540  0.0
 3.71331414  -4.66426073  0.0
 3.71373183  -4.66399007  0.0
 3.71399022  -4.66384035  0.0
 3.71443275  -4.66361257  0.0
 3.71470474  -4.66348928  0.0
 3.71516772  -4.66330661  0.0
 3.71545062  -4.66321098  0.0
 3.71592947  -4.66307525  0.0
 3.71622048  -4.66300821  0.0
 3.71671045  -4.66292076  0.0
 3.71700668  -4.66288299  0.0
 3.71725432  -4.66285766  0.0
 3.76993895  -4.65879101  0.0
 3.76995003  -4.65879017  0.0
 3.76996332  -4.65878917  0.0
 3.76997441  -4.65878835  0.0
 3.77024039  -4.65876901  0.0
 3.77025147  -4.65876822  0.0
 3.77026477  -4.65876728  0.0
 3.77027586  -4.65876651  0.0
 3.77080798  -4.65873019  0.0
 3.77081907  -4.65872945  0.0
 3.77083238  -4.65872857  0.0
 3.77084347  -4.65872785  0.0
 3.77110961  -4.65871087  0.0
 3.77112070  -4.65871018  0.0
 3.77113401  -4.65870936  0.0
 3.77114510  -4.65870869  0.0
 3.77125513  -4.65870216  0.0
 3.77126622  -4.65870151  0.0
 3.77127954  -4.65870075  0.0
 3.77129063  -4.65870013  0.0
 3.77155692  -4.65868552  0.0
 3.77156801  -4.65868492  0.0
 3.77158133  -4.65868422  0.0
 3.77159242  -4.65868365  0.0
 3.77212511  -4.65865680  0.0
 3.77213621  -4.65865625  0.0
 3.77214953  -4.65865561  0.0
 3.77216063  -4.65865509  0.0
 3.77242703  -4.65864285  0.0
 3.77243813  -4.65864235  0.0
 3.77245146  -4.65864177  0.0
 3.77246256  -4.65864129  0.0
 3.93003097  -4.65210197  0.0
 3.93004258  -4.65210150  0.0
 3.93005652  -4.65210095  0.0
 3.93006813  -4.65210051  0.0
 3.93034680  -4.65209024  0.0
 3.93035841  -4.65208983  0.0
 3.93037235  -4.65208935  0.0
 3.93038396  -4.65208896  0.0
 3.93094139  -4.65207102  0.0
 3.93095301  -4.65207066  0.0
 3.93096695  -4.65207024  0.0
 3.93097856  -4.65206991  0.0
 3.93125732  -4.65206223  0.0
 3.93126893  -4.65206192  0.0
 3.93128287  -4.65206157  0.0
 3.93129449  -4.65206129  0.0
 3.93140972  -4.65205865  0.0
 3.93142133  -4.65205840  0.0
 3.93143527  -4.65205811  0.0
 3.93144689  -4.65205789  0.0
 3.93172571  -4.65205280  0.0
 3.93173733  -4.65205260  0.0
 3.93175127  -4.65205238  0.0
 3.93176289  -4.65205221  0.0
 3.93232056  -4.65204463  0.0
 3.93233217  -4.65204449  0.0
 3.93234612  -4.65204433  0.0
 3.93235774  -4.65204421  0.0
 3.93263659  -4.65204172  0.0
 3.93264821  -4.65204163  0.0
 3.93266215  -4.65204154  0.0
 3.93267377  -4.65204147  0.0
 4.06058475  -4.65149201  0.0
 3.93791769  -4.62088451  0.0
 3.78494605  -4.58306477  0.0
 3.71596281  -4.56613100  0.0
 3.71573357  -4.56606892  0.0
 3.71546042  -4.56598793  0.0
 3.71501208  -4.56583149  0.0
 3.71474783  -4.56572496  0.0
 3.71431636  -4.56552670  0.0
 3.71406341  -4.56539558  0.0
 3.71365269  -4.56515728  0.0
 3.71341332  -4.56500275  0.0
 3.71302705  -4.56472656  0.0
 3.71280342  -4.56455003  0.0
 3.71244510  -4.56423844  0.0
 3.71223923  -4.56404149  0.0
 3.71191208  -4.56369732  0.0
 3.71172581  -4.56348173  0.0
 3.71143279  -4.56310807  0.0
 3.71126782  -4.56287578  0.0
 3.71101156  -4.56247602  0.0
 3.71086937  -4.56222912  0.0
 3.71065219  -4.56180685  0.0
 3.71053406  -4.56154758  0.0
 3.71035792  -4.56110661  0.0
 3.71026492  -4.56083731  0.0
 3.71013140  -4.56038162  0.0
 3.71006436  -4.56010470  0.0
 3.70997468  -4.55963840  0.0
 3.70993421  -4.55935638  0.0
 3.70988917  -4.55888367  0.0
 3.70987564  -4.55859908  0.0
 3.70987000  -4.55836166  0.0
 3.70987000  -4.53374469  0.0
 3.63901514  -4.51635148  0.0
 3.48586449  -4.47896405  0.0
 3.33266602  -4.44186845  0.0
 3.17939623  -4.40513904  0.0
 3.02604285  -4.36882273  0.0
 2.87259199  -4.33298042  0.0
 2.71902571  -4.29764972  0.0
 2.56534288  -4.26281309  0.0
 2.53054667  -4.25504086  0.0
 2.53054667  -4.90720663  0.0
;;

