# exterior:
# ---------
 2.43654667  -4.97165767  0.0
 2.38184278  -4.98631336  0.0
 2.38181789  -4.98632014  0.0
 2.22982246  -5.02839941  0.0
 2.22980610  -5.02840399  0.0
 2.07804396  -5.07131534  0.0
 2.07803577  -5.07131766  0.0
 1.92639128  -5.11464615  0.0
 1.77475457  -5.15799066  0.0
 1.62302628  -5.20098936  0.0
 1.47111903  -5.24332553  0.0
 1.31896004  -5.28472199  0.0
 1.16648203  -5.32491135  0.0
 1.01363742  -5.36366157  0.0
 0.86037607  -5.40070277  0.0
 0.83600000  -5.40625354  0.0
 0.83600000  -5.37548557  0.0
 0.85352148  -5.37149568  0.0
 1.00642708  -5.33454046  0.0
 1.15897253  -5.29586609  0.0
 1.31119908  -5.25574300  0.0
 1.46315418  -5.21440202  0.0
 1.61490942  -5.17210821  0.0
 1.76654218  -5.12913658  0.0
 1.91814939  -5.08580051  0.0
 2.06979387  -5.04247202  0.0
 2.06983352  -5.04246072  0.0
 2.06984171  -5.04245839  0.0
 2.06988137  -5.04244715  0.0
 2.22164351  -4.99953580  0.0
 2.22172263  -4.99951355  0.0
 2.22173898  -4.99950897  0.0
 2.22181817  -4.99948693  0.0
 2.37381360  -4.95740766  0.0
 2.37393393  -4.95737462  0.0
 2.37395881  -4.95736784  0.0
 2.37407928  -4.95733530  0.0
 2.43654667  -4.94059969  0.0
 2.43654667  -4.97165767  0.0
;;

