# exterior:
# ---------
 4.71727000  -4.78214388  0.0
 4.56232459  -4.75686637  0.0
 4.56229702  -4.75686253  0.0
 4.40564495  -4.73871893  0.0
 4.40561970  -4.73871655  0.0
 4.24833745  -4.72721005  0.0
 4.24831401  -4.72720880  0.0
 4.09070142  -4.72186372  0.0
 4.09067850  -4.72186338  0.0
 3.93297661  -4.72254082  0.0
 3.93295431  -4.72254133  0.0
 3.77538590  -4.72908066  0.0
 3.77536460  -4.72908192  0.0
 3.61812787  -4.74121879  0.0
 3.61810792  -4.74122067  0.0
 3.46136187  -4.75860163  0.0
 3.46134366  -4.75860393  0.0
 3.30520285  -4.78077360  0.0
 3.30518595  -4.78077625  0.0
 3.14974000  -4.80738938  0.0
 3.14972484  -4.80739218  0.0
 2.99501165  -4.83798861  0.0
 2.99499867  -4.83799133  0.0
 2.84099931  -4.87199907  0.0
 2.84098858  -4.87200154  0.0
 2.68763816  -4.90883251  0.0
 2.68762960  -4.90883463  0.0
 2.53483601  -4.94791323  0.0
 2.53482941  -4.94791496  0.0
 2.38248973  -4.98872820  0.0
 2.38248492  -4.98872951  0.0
 2.23048948  -5.03080878  0.0
 2.23048632  -5.03080967  0.0
 2.07872418  -5.07372102  0.0
 2.07872259  -5.07372147  0.0
 1.92707811  -5.11704995  0.0
 1.77543894  -5.16039516  0.0
 1.62370269  -5.20339612  0.0
 1.47178277  -5.24573582  0.0
 1.31960678  -5.28713691  0.0
 1.16710782  -5.32733179  0.0
 1.01423829  -5.36608832  0.0
 0.86094729  -5.40313670  0.0
 0.70718054  -5.43815150  0.0
 0.55289002  -5.47076990  0.0
 0.39804615  -5.50064455  0.0
 0.24264858  -5.52749605  0.0
 0.08670754  -5.55098717  0.0
-0.06974139  -5.57072063  0.0
-0.22666019  -5.58628336  0.0
-0.38397085  -5.59716884  0.0
-0.54155529  -5.60277414  0.0
-0.69923502  -5.60256860  0.0
-0.85678717  -5.59624177  0.0
-1.01396699  -5.58370617  0.0
-1.17055745  -5.56518464  0.0
-1.32637934  -5.54102796  0.0
-1.48126585  -5.51145554  0.0
-1.63502684  -5.47650436  0.0
-1.78743769  -5.43607250  0.0
-1.93824090  -5.39001175  0.0
-2.08713314  -5.33811482  0.0
-2.23369992  -5.27998676  0.0
-2.37731196  -5.21492337  0.0
-2.51677068  -5.14142923  0.0
-2.64952621  -5.05653612  0.0
-2.76983838  -4.95503125  0.0
-2.85718653  -4.82568701  0.0
-2.86652099  -4.76718141  0.0
-2.84842457  -4.67179382  0.0
-2.75808583  -4.54389480  0.0
-2.63854754  -4.44142661  0.0
-2.50780765  -4.35342608  0.0
-2.37039882  -4.27616834  0.0
-2.22843094  -4.20761010  0.0
-2.08310847  -4.14643853  0.0
-1.93521880  -4.09175448  0.0
-1.78529085  -4.04291790  0.0
-1.63371093  -3.99946559  0.0
-1.48076928  -3.96107557  0.0
-1.32668666  -3.92754909  0.0
-1.17164094  -3.89880282  0.0
-1.01578239  -3.87485299  0.0
-0.85926658  -3.85564908  0.0
-0.70226489  -3.84091856  0.0
-0.54492336  -3.83040137  0.0
-0.38736444  -3.82387407  0.0
-0.22969273  -3.82119807  0.0
-0.07200303  -3.82230457  0.0
 0.08561655  -3.82712460  0.0
 0.24309640  -3.83543932  0.0
 0.40036975  -3.84702314  0.0
 0.55739099  -3.86163448  0.0
 0.71412875  -3.87903220  0.0
 0.87055417  -3.89905521  0.0
 1.02666485  -3.92141071  0.0
 1.18248114  -3.94574417  0.0
 1.33802292  -3.97178050  0.0
 1.49329497  -3.99938363  0.0
 1.64832066  -4.02834348  0.0
 1.80311191  -4.05853366  0.0
 1.95768080  -4.08984527  0.0
 2.11205655  -4.12209965  0.0
 2.26626377  -4.15515250  0.0
 2.42031616  -4.18892130  0.0
 2.57423392  -4.22330103  0.0
 2.72804267  -4.25816619  0.0
 2.88173820  -4.29352663  0.0
 3.03531522  -4.32939841  0.0
 3.18878175  -4.36574152  0.0
 3.34215074  -4.40249469  0.0
 3.49543256  -4.43961048  0.0
 3.64864516  -4.47701303  0.0
 3.80180988  -4.51461140  0.0
 3.95491180  -4.55246334  0.0
 4.10793175  -4.59064440  0.0
 4.26086089  -4.62918456  0.0
 4.41361359  -4.66841057  0.0
 4.56604723  -4.70884192  0.0
 4.71727000  -4.75194818  0.0
 4.71727000  -4.78214388  0.0
;;

# interior:
# ---------
 4.71477000  -4.77920298  0.0
 4.71477000  -4.75383513  0.0
 4.56538404  -4.71125246  0.0
 4.41298221  -4.67082955  0.0
 4.26024452  -4.63160739  0.0
 4.10732367  -4.59306932  0.0
 3.95430917  -4.55488963  0.0
 3.80121188  -4.51703882  0.0
 3.64805071  -4.47944133  0.0
 3.49484194  -4.44203971  0.0
 3.34156526  -4.40492517  0.0
 3.18820240  -4.36817346  0.0
 3.03474285  -4.33183201  0.0
 2.88117362  -4.29596205  0.0
 2.72748607  -4.26060345  0.0
 2.57368509  -4.22574004  0.0
 2.41977602  -4.19136225  0.0
 2.26573414  -4.15759577  0.0
 2.11153892  -4.12454548  0.0
 1.95717697  -4.09229399  0.0
 1.80262444  -4.06098569  0.0
 1.64785182  -4.03079915  0.0
 1.49284664  -4.00184312  0.0
 1.33759775  -3.97424412  0.0
 1.18208188  -3.94821212  0.0
 1.02629477  -3.92388322  0.0
 0.87021824  -3.90153261  0.0
 0.71383212  -3.88151463  0.0
 0.55713725  -3.86412167  0.0
 0.40016210  -3.84951462  0.0
 0.24293866  -3.83793448  0.0
 0.08551243  -3.82962258  0.0
-0.07205001  -3.82480430  0.0
-0.22968028  -3.82369822  0.0
-0.38729148  -3.82637319  0.0
-0.54478823  -3.83289791  0.0
-0.70206472  -3.84341076  0.0
-0.85899753  -3.85813481  0.0
-1.01544023  -3.87732975  0.0
-1.17122312  -3.90126795  0.0
-1.32619290  -3.93000015  0.0
-1.48019904  -3.96350999  0.0
-1.63306197  -4.00188025  0.0
-1.78455902  -4.04530880  0.0
-1.93439782  -4.09411634  0.0
-2.08218955  -4.14876418  0.0
-2.22740173  -4.20988933  0.0
-2.36924151  -4.27838570  0.0
-2.50649494  -4.35555607  0.0
-2.63703092  -4.44341935  0.0
-2.75622301  -4.54559077  0.0
-2.84606952  -4.67279291  0.0
-2.86398344  -4.76721856  0.0
-2.85480496  -4.82474656  0.0
-2.76796089  -4.95334436  0.0
-2.64804028  -5.05451887  0.0
-2.51551228  -5.13926650  0.0
-2.37621237  -5.21267694  0.0
-2.23272269  -5.27768489  0.0
-2.08626050  -5.33577146  0.0
-1.93746405  -5.38763502  0.0
-1.78675180  -5.43366798  0.0
-1.63442907  -5.47407647  0.0
-1.48075420  -5.50900807  0.0
-1.32595329  -5.53856415  0.0
-1.17021902  -5.56270725  0.0
-1.01372070  -5.58121787  0.0
-0.85663758  -5.59374576  0.0
-0.69918321  -5.60006866  0.0
-0.54159811  -5.60027409  0.0
-0.38410162  -5.59467191  0.0
-0.22686989  -5.58379189  0.0
-0.07002124  -5.56823612  0.0
 0.08636486  -5.54851058  0.0
 0.24224949  -5.52502796  0.0
 0.39759647  -5.49818520  0.0
 0.55239463  -5.46831938  0.0
 0.70664442  -5.43570958  0.0
 0.86037607  -5.40070277  0.0
 1.01363742  -5.36366157  0.0
 1.16648203  -5.32491135  0.0
 1.31896004  -5.28472199  0.0
 1.47111903  -5.24332553  0.0
 1.62302628  -5.20098936  0.0
 1.77475457  -5.15799066  0.0
 1.92639128  -5.11464615  0.0
 2.07803577  -5.07131766  0.0
 2.07803907  -5.07131672  0.0
 2.07804066  -5.07131627  0.0
 2.07804396  -5.07131534  0.0
 2.22980610  -5.02840399  0.0
 2.22981269  -5.02840213  0.0
 2.22981586  -5.02840125  0.0
 2.22982246  -5.02839941  0.0
 2.38181789  -4.98632014  0.0
 2.38182792  -4.98631738  0.0
 2.38183274  -4.98631607  0.0
 2.38184278  -4.98631336  0.0
 2.53418245  -4.94550012  0.0
 2.53419619  -4.94549648  0.0
 2.53420279  -4.94549475  0.0
 2.53421655  -4.94549119  0.0
 2.68701014  -4.90641260  0.0
 2.68702794  -4.90640811  0.0
 2.68703649  -4.90640599  0.0
 2.68705432  -4.90640164  0.0
 2.84040474  -4.86957067  0.0
 2.84042709  -4.86956541  0.0
 2.84043783  -4.86956294  0.0
 2.84046023  -4.86955788  0.0
 2.99445958  -4.83555014  0.0
 2.99448659  -4.83554434  0.0
 2.99449957  -4.83554162  0.0
 2.99452664  -4.83553611  0.0
 3.14923983  -4.80493968  0.0
 3.14927136  -4.80493365  0.0
 3.14928651  -4.80493086  0.0
 3.14931812  -4.80492524  0.0
 3.30476407  -4.77831210  0.0
 3.30479925  -4.77830634  0.0
 3.30481616  -4.77830369  0.0
 3.30485141  -4.77829843  0.0
 3.46099222  -4.75612876  0.0
 3.46103014  -4.75612367  0.0
 3.46104836  -4.75612136  0.0
 3.46108635  -4.75611686  0.0
 3.61783239  -4.73873590  0.0
 3.61787392  -4.73873164  0.0
 3.61789387  -4.73872977  0.0
 3.61793547  -4.73872621  0.0
 3.77517220  -4.72658933  0.0
 3.77521654  -4.72658631  0.0
 3.77523784  -4.72658504  0.0
 3.77528223  -4.72658281  0.0
 3.93285065  -4.72004348  0.0
 3.93289710  -4.72004199  0.0
 3.93291940  -4.72004148  0.0
 3.93296587  -4.72004085  0.0
 4.09066776  -4.71936341  0.0
 4.09071551  -4.71936366  0.0
 4.09073842  -4.71936400  0.0
 4.09078615  -4.71936516  0.0
 4.24839874  -4.72471023  0.0
 4.24844760  -4.72471237  0.0
 4.24847105  -4.72471362  0.0
 4.24851986  -4.72471671  0.0
 4.40580211  -4.73622321  0.0
 4.40585477  -4.73622762  0.0
 4.40588002  -4.73623001  0.0
 4.40593258  -4.73623553  0.0
 4.56258465  -4.75437913  0.0
 4.56264219  -4.75438647  0.0
 4.56266976  -4.75439031  0.0
 4.56272711  -4.75439899  0.0
 4.71477000  -4.77920298  0.0
;;

