# exterior:
# ---------
 0.75000000  -5.42901628  0.0
 0.70730921  -5.43873756  0.0
 0.55300891  -5.47135803  0.0
 0.39815407  -5.50123479  0.0
 0.24274436  -5.52808839  0.0
 0.08678978  -5.55158155  0.0
-0.06967423  -5.57131691  0.0
-0.22660986  -5.58688131  0.0
-0.38393947  -5.59776810  0.0
-0.54154501  -5.60337416  0.0
-0.69924745  -5.60316858  0.0
-0.75000000  -5.60113051  0.0
-0.75000000  -5.60053003  0.0
-0.69923502  -5.60256860  0.0
-0.54155529  -5.60277414  0.0
-0.38397085  -5.59716884  0.0
-0.22666019  -5.58628336  0.0
-0.06974139  -5.57072063  0.0
 0.08670754  -5.55098717  0.0
 0.24264858  -5.52749605  0.0
 0.39804615  -5.50064455  0.0
 0.55289002  -5.47076990  0.0
 0.70718054  -5.43815150  0.0
 0.75000000  -5.42840092  0.0
 0.75000000  -5.42901628  0.0
;;

