# exterior:
# ---------
-0.83900000  -5.56142744  0.0
-0.85466299  -5.56079846  0.0
-1.01046965  -5.54837237  0.0
-1.16575169  -5.53000561  0.0
-1.32032938  -5.50604181  0.0
-1.47400041  -5.47670146  0.0
-1.62653843  -5.44202827  0.0
-1.77769798  -5.40192836  0.0
-1.92720958  -5.35626212  0.0
-2.07474174  -5.30483924  0.0
-2.21982328  -5.24730023  0.0
-2.36169777  -5.18302403  0.0
-2.49890130  -5.11071837  0.0
-2.62842613  -5.02789119  0.0
-2.74317800  -4.93107742  0.0
-2.82336821  -4.81233261  0.0
-2.83048784  -4.76770883  0.0
-2.81498288  -4.68598099  0.0
-2.73163373  -4.56797764  0.0
-2.61701153  -4.46972352  0.0
-2.48916712  -4.38367193  0.0
-2.35396490  -4.30765486  0.0
-2.21381606  -4.23997505  0.0
-2.07005975  -4.17946273  0.0
-1.92356090  -4.12529295  0.0
-1.77489880  -4.07686871  0.0
-1.62449574  -4.03375376  0.0
-1.47267198  -3.99564435  0.0
-1.31967531  -3.96235415  0.0
-1.16570785  -3.93380779  0.0
-1.01092373  -3.91002306  0.0
-0.85544606  -3.89094653  0.0
-0.83900000  -3.88940350  0.0
-0.84400000  -3.89489458  0.0
-0.85490796  -3.89591800  0.0
-1.01023941  -3.91497660  0.0
-1.16487220  -3.93873807  0.0
-1.31868779  -3.96725627  0.0
-1.47153152  -4.00051319  0.0
-1.62319782  -4.03858308  0.0
-1.77343514  -4.08165051  0.0
-1.92191894  -4.13001668  0.0
-2.06822190  -4.18411403  0.0
-2.21175763  -4.24453350  0.0
-2.35165027  -4.31208958  0.0
-2.48654169  -4.38793191  0.0
-2.61397829  -4.47370901  0.0
-2.72790809  -4.57136959  0.0
-2.81027278  -4.68797919  0.0
-2.82541275  -4.76778311  0.0
-2.81860506  -4.81045171  0.0
-2.73942302  -4.92770365  0.0
-2.62545428  -5.02385669  0.0
-2.49638449  -5.10639290  0.0
-2.35949859  -5.17853116  0.0
-2.21786882  -5.24269649  0.0
-2.07299648  -5.30015253  0.0
-1.92565587  -5.35150865  0.0
-1.77632619  -5.39711932  0.0
-1.62534288  -5.43717248  0.0
-1.47297711  -5.47180651  0.0
-1.31947727  -5.50111419  0.0
-1.16507483  -5.52505081  0.0
-1.00997706  -5.54339578  0.0
-0.85436381  -5.55580644  0.0
-0.84400000  -5.55622262  0.0
-0.83900000  -5.56142744  0.0
;;

