# exterior:
# ---------
-0.75000000  -3.84479462  0.0
-0.70231293  -3.84032044  0.0
-0.54495579  -3.82980220  0.0
-0.38738195  -3.82327428  0.0
-0.22969571  -3.82059803  0.0
-0.07199175  -3.82170463  0.0
 0.08564154  -3.82652508  0.0
 0.24313426  -3.83484049  0.0
 0.40041959  -3.84642519  0.0
 0.55745188  -3.86103755  0.0
 0.71419994  -3.87843642  0.0
 0.75000000  -3.88301895  0.0
 0.75000000  -3.88362385  0.0
 0.71412875  -3.87903220  0.0
 0.55739099  -3.86163448  0.0
 0.40036975  -3.84702314  0.0
 0.24309640  -3.83543932  0.0
 0.08561655  -3.82712460  0.0
-0.07200303  -3.82230457  0.0
-0.22969273  -3.82119807  0.0
-0.38736444  -3.82387407  0.0
-0.54492336  -3.83040137  0.0
-0.70226489  -3.84091856  0.0
-0.75000000  -3.84539726  0.0
-0.75000000  -3.84479462  0.0
;;

