# exterior:
# ---------
-0.83600000  -5.59707652  0.0
-0.85678717  -5.59624177  0.0
-1.01396699  -5.58370617  0.0
-1.17055745  -5.56518464  0.0
-1.32637934  -5.54102796  0.0
-1.48126585  -5.51145554  0.0
-1.63502684  -5.47650436  0.0
-1.78743769  -5.43607250  0.0
-1.93824090  -5.39001175  0.0
-2.08713314  -5.33811482  0.0
-2.23369992  -5.27998676  0.0
-2.37731196  -5.21492337  0.0
-2.51677068  -5.14142923  0.0
-2.64952621  -5.05653612  0.0
-2.76983838  -4.95503125  0.0
-2.85718653  -4.82568701  0.0
-2.86652099  -4.76718141  0.0
-2.84842457  -4.67179382  0.0
-2.75808583  -4.54389480  0.0
-2.63854754  -4.44142661  0.0
-2.50780765  -4.35342608  0.0
-2.37039882  -4.27616834  0.0
-2.22843094  -4.20761010  0.0
-2.08310847  -4.14643853  0.0
-1.93521880  -4.09175448  0.0
-1.78529085  -4.04291790  0.0
-1.63371093  -3.99946559  0.0
-1.48076928  -3.96107557  0.0
-1.32668666  -3.92754909  0.0
-1.17164094  -3.89880282  0.0
-1.01578239  -3.87485299  0.0
-0.85926658  -3.85564908  0.0
-0.83600000  -3.85346612  0.0
-0.83600000  -3.85597710  0.0
-0.85899753  -3.85813481  0.0
-1.01544023  -3.87732975  0.0
-1.17122312  -3.90126795  0.0
-1.32619290  -3.93000015  0.0
-1.48019904  -3.96350999  0.0
-1.63306197  -4.00188025  0.0
-1.78455902  -4.04530880  0.0
-1.93439782  -4.09411634  0.0
-2.08218955  -4.14876418  0.0
-2.22740173  -4.20988933  0.0
-2.36924151  -4.27838570  0.0
-2.50649494  -4.35555607  0.0
-2.63703092  -4.44341935  0.0
-2.75622301  -4.54559077  0.0
-2.84606952  -4.67279291  0.0
-2.86398344  -4.76721856  0.0
-2.85480496  -4.82474656  0.0
-2.76796089  -4.95334436  0.0
-2.64804028  -5.05451887  0.0
-2.51551228  -5.13926650  0.0
-2.37621237  -5.21267694  0.0
-2.23272269  -5.27768489  0.0
-2.08626050  -5.33577146  0.0
-1.93746405  -5.38763502  0.0
-1.78675180  -5.43366798  0.0
-1.63442907  -5.47407647  0.0
-1.48075420  -5.50900807  0.0
-1.32595329  -5.53856415  0.0
-1.17021902  -5.56270725  0.0
-1.01372070  -5.58121787  0.0
-0.85663758  -5.59374576  0.0
-0.83600000  -5.59457450  0.0
-0.83600000  -5.59707652  0.0
;;

