# exterior:
# ---------
 0.83900000  -5.37172563  0.0
 0.83900000  -3.93080582  0.0
 0.86578404  -3.93423427  0.0
 1.02140968  -3.95652031  0.0
 1.17681176  -3.98078909  0.0
 1.33198558  -4.00676382  0.0
 1.48692866  -4.03430846  0.0
 1.64166321  -4.06321393  0.0
 1.79618981  -4.09335249  0.0
 1.95052644  -4.12461705  0.0
 2.10470626  -4.15683049  0.0
 2.25874306  -4.18984682  0.0
 2.41264614  -4.22358289  0.0
 2.43354667  -4.22825132  0.0
 2.43354667  -4.93829762  0.0
 2.37330293  -4.95443749  0.0
 2.37329690  -4.95443911  0.0
 2.37317644  -4.95447165  0.0
 2.37317042  -4.95447329  0.0
 2.37314553  -4.95448006  0.0
 2.37313952  -4.95448171  0.0
 2.37301919  -4.95451475  0.0
 2.37301317  -4.95451641  0.0
 2.22101774  -4.99659569  0.0
 2.22101378  -4.99659678  0.0
 2.22093460  -4.99661882  0.0
 2.22093064  -4.99661993  0.0
 2.22091428  -4.99662450  0.0
 2.22091032  -4.99662561  0.0
 2.22083120  -4.99664787  0.0
 2.22082725  -4.99664898  0.0
 2.06906313  -5.03956089  0.0
 2.06902149  -5.03957270  0.0
 2.06901131  -5.03957559  0.0
 2.06896968  -5.03958746  0.0
 1.91732488  -5.08291603  0.0
 1.76572094  -5.12625117  0.0
 1.61409773  -5.16922009  0.0
 1.46235770  -5.21150966  0.0
 1.31042299  -5.25284511  0.0
 1.15822158  -5.29296156  0.0
 1.00570605  -5.33162835  0.0
 0.85283602  -5.36857498  0.0
 0.83900000  -5.37172563  0.0
;;

# interior:
# ---------
 0.84400000  -5.36545906  0.0
 0.85169359  -5.36370713  0.0
 1.00450432  -5.32677483  0.0
 1.15696999  -5.28812068  0.0
 1.30912950  -5.24801527  0.0
 1.46103022  -5.20668908  0.0
 1.61274492  -5.16440657  0.0
 1.76435221  -5.12144216  0.0
 1.91595123  -5.07810843  0.0
 2.06759926  -5.03477893  0.0
 2.06764395  -5.03476619  0.0
 2.06765767  -5.03476229  0.0
 2.06770270  -5.03474953  0.0
 2.21947011  -4.99183669  0.0
 2.21947736  -4.99183465  0.0
 2.21955978  -4.99181146  0.0
 2.21956703  -4.99180943  0.0
 2.21958669  -4.99180393  0.0
 2.21959395  -4.99180191  0.0
 2.21967643  -4.99177895  0.0
 2.21968369  -4.99177694  0.0
 2.37167912  -4.94969767  0.0
 2.37168413  -4.94969628  0.0
 2.37169015  -4.94969462  0.0
 2.37169516  -4.94969324  0.0
 2.37181549  -4.94966020  0.0
 2.37182051  -4.94965883  0.0
 2.37182652  -4.94965718  0.0
 2.37183154  -4.94965581  0.0
 2.37185642  -4.94964903  0.0
 2.37186144  -4.94964767  0.0
 2.37186746  -4.94964604  0.0
 2.37187248  -4.94964468  0.0
 2.37199295  -4.94961213  0.0
 2.37199797  -4.94961078  0.0
 2.37200399  -4.94960916  0.0
 2.37200901  -4.94960781  0.0
 2.42854667  -4.93446084  0.0
 2.42854667  -4.23225771  0.0
 2.41156586  -4.22846480  0.0
 2.25768380  -4.19473335  0.0
 2.10367100  -4.16172216  0.0
 1.94951878  -4.12951449  0.0
 1.79521487  -4.09825655  0.0
 1.64072555  -4.06812526  0.0
 1.48603200  -4.03922745  0.0
 1.33113526  -4.01169105  0.0
 1.17601326  -3.98572499  0.0
 1.02066952  -3.96146532  0.0
 0.86511220  -3.93918907  0.0
 0.84400000  -3.93648663  0.0
 0.84400000  -5.36545906  0.0
;;

