# exterior:
# ---------
 0.83600000  -3.89463216  0.0
 0.87055417  -3.89905521  0.0
 1.02666485  -3.92141071  0.0
 1.18248114  -3.94574417  0.0
 1.33802292  -3.97178050  0.0
 1.49329497  -3.99938363  0.0
 1.64832066  -4.02834348  0.0
 1.80311191  -4.05853366  0.0
 1.95768080  -4.08984527  0.0
 2.11205655  -4.12209965  0.0
 2.26626377  -4.15515250  0.0
 2.42031616  -4.18892130  0.0
 2.43654667  -4.19254661  0.0
 2.43654667  -4.19510822  0.0
 2.41977602  -4.19136225  0.0
 2.26573414  -4.15759577  0.0
 2.11153892  -4.12454548  0.0
 1.95717697  -4.09229399  0.0
 1.80262444  -4.06098569  0.0
 1.64785182  -4.03079915  0.0
 1.49284664  -4.00184312  0.0
 1.33759775  -3.97424412  0.0
 1.18208188  -3.94821212  0.0
 1.02629477  -3.92388322  0.0
 0.87021824  -3.90153261  0.0
 0.83600000  -3.89715255  0.0
 0.83600000  -3.89463216  0.0
;;

