# exterior:
# ---------
 0.83600000  -3.92739733  0.0
 0.86618715  -3.93126139  0.0
 1.02185378  -3.95355330  0.0
 1.17729086  -3.97782754  0.0
 1.33249578  -4.00380749  0.0
 1.48746666  -4.03135707  0.0
 1.64222582  -4.06026713  0.0
 1.79677478  -4.09041005  0.0
 1.95113103  -4.12167859  0.0
 2.10532741  -4.15389549  0.0
 2.25937861  -4.18691491  0.0
 2.41329431  -4.22065374  0.0
 2.43654667  -4.22584748  0.0
 2.43354667  -4.22825132  0.0
 2.41264614  -4.22358289  0.0
 2.25874306  -4.18984682  0.0
 2.10470626  -4.15683049  0.0
 1.95052644  -4.12461705  0.0
 1.79618981  -4.09335249  0.0
 1.64166321  -4.06321393  0.0
 1.48692866  -4.03430846  0.0
 1.33198558  -4.00676382  0.0
 1.17681176  -3.98078909  0.0
 1.02140968  -3.95652031  0.0
 0.86578404  -3.93423427  0.0
 0.83900000  -3.93080582  0.0
 0.83600000  -3.92739733  0.0
;;

