# exterior:
# ---------
 4.44634224  -4.74343253  0.0
 4.40564495  -4.73871893  0.0
 4.40561970  -4.73871655  0.0
 4.24833745  -4.72721005  0.0
 4.24831401  -4.72720880  0.0
 4.13000216  -4.72319652  0.0
 4.13000216  -4.72069508  0.0
 4.24839874  -4.72471023  0.0
 4.24844760  -4.72471237  0.0
 4.24847105  -4.72471362  0.0
 4.24851986  -4.72471671  0.0
 4.40580211  -4.73622321  0.0
 4.40585477  -4.73622762  0.0
 4.40588002  -4.73623001  0.0
 4.40593258  -4.73623553  0.0
 4.44634224  -4.74091582  0.0
 4.44634224  -4.74343253  0.0
;;

