# exterior:
# ---------
 4.06058475  -4.72199266  0.0
 3.93297661  -4.72254082  0.0
 3.93295431  -4.72254133  0.0
 3.77538590  -4.72908066  0.0
 3.77536460  -4.72908192  0.0
 3.71787000  -4.73351984  0.0
 3.71787000  -4.73101241  0.0
 3.77517220  -4.72658933  0.0
 3.77521654  -4.72658631  0.0
 3.77523784  -4.72658504  0.0
 3.77528223  -4.72658281  0.0
 3.93285065  -4.72004348  0.0
 3.93289710  -4.72004199  0.0
 3.93291940  -4.72004148  0.0
 3.93296587  -4.72004085  0.0
 4.06058475  -4.71949263  0.0
 4.06058475  -4.72199266  0.0
;;

