# exterior:
# ---------
 2.43654667  -4.97486699  0.0
 2.38264500  -4.98930776  0.0
 2.23064957  -5.03138703  0.0
 2.07888743  -5.07429838  0.0
 1.92724295  -5.11762687  0.0
 1.77560319  -5.16097224  0.0
 1.62386503  -5.20397374  0.0
 1.47194207  -5.24631430  0.0
 1.31976200  -5.28771649  0.0
 1.16725801  -5.32791269  0.0
 1.01438249  -5.36667075  0.0
 0.86108438  -5.40372084  0.0
 0.83600000  -5.40943290  0.0
 0.83600000  -5.40881754  0.0
 0.86094729  -5.40313670  0.0
 1.01423829  -5.36608832  0.0
 1.16710782  -5.32733179  0.0
 1.31960678  -5.28713691  0.0
 1.47178277  -5.24573582  0.0
 1.62370269  -5.20339612  0.0
 1.77543894  -5.16039516  0.0
 1.92707811  -5.11704995  0.0
 2.07872259  -5.07372147  0.0
 2.07872418  -5.07372102  0.0
 2.23048632  -5.03080967  0.0
 2.23048948  -5.03080878  0.0
 2.38248492  -4.98872951  0.0
 2.38248973  -4.98872820  0.0
 2.43654667  -4.97424583  0.0
 2.43654667  -4.97486699  0.0
;;

