# exterior:
# ---------
 4.13000216  -4.69067783  0.0
 4.09180295  -4.68938239  0.0
 4.09123019  -4.68936844  0.0
 4.09111181  -4.68936669  0.0
 4.09053889  -4.68936368  0.0
 4.06058475  -4.68949236  0.0
 4.06058475  -4.65949208  0.0
 4.09041002  -4.65936396  0.0
 4.09069649  -4.65936410  0.0
 4.09126940  -4.65936711  0.0
 4.09155585  -4.65936998  0.0
 4.09167424  -4.65937173  0.0
 4.09196065  -4.65937734  0.0
 4.09253340  -4.65939129  0.0
 4.09281974  -4.65939963  0.0
 4.13000216  -4.66066059  0.0
 4.13000216  -4.69067783  0.0
;;

