# exterior:
# ---------
 0.83600000  -3.89402726  0.0
 0.87063479  -3.89846064  0.0
 1.02675367  -3.92081731  0.0
 1.18257696  -3.94515186  0.0
 1.33812496  -3.97118924  0.0
 1.49340257  -3.99879335  0.0
 1.64843318  -4.02775412  0.0
 1.80322890  -4.05794517  0.0
 1.95780172  -4.08925758  0.0
 2.11218078  -4.12151265  0.0
 2.26639088  -4.15456612  0.0
 2.42044579  -4.18833547  0.0
 2.43654667  -4.19193183  0.0
 2.43654667  -4.19254661  0.0
 2.42031616  -4.18892130  0.0
 2.26626377  -4.15515250  0.0
 2.11205655  -4.12209965  0.0
 1.95768080  -4.08984527  0.0
 1.80311191  -4.05853366  0.0
 1.64832066  -4.02834348  0.0
 1.49329497  -3.99938363  0.0
 1.33802292  -3.97178050  0.0
 1.18248114  -3.94574417  0.0
 1.02666485  -3.92141071  0.0
 0.87055417  -3.89905521  0.0
 0.83600000  -3.89463216  0.0
 0.83600000  -3.89402726  0.0
;;

