# exterior:
# ---------
 4.13000216  -4.66066059  0.0
 4.09281974  -4.65939963  0.0
 4.09253340  -4.65939129  0.0
 4.09196065  -4.65937734  0.0
 4.09167424  -4.65937173  0.0
 4.09155585  -4.65936998  0.0
 4.09126940  -4.65936711  0.0
 4.09069649  -4.65936410  0.0
 4.09041002  -4.65936396  0.0
 4.06058475  -4.65949208  0.0
 4.06058475  -4.65649205  0.0
 4.09039714  -4.65636399  0.0
 4.09041146  -4.65636396  0.0
 4.09069792  -4.65636410  0.0
 4.09071225  -4.65636414  0.0
 4.09128516  -4.65636715  0.0
 4.09129949  -4.65636726  0.0
 4.09158594  -4.65637013  0.0
 4.09160026  -4.65637031  0.0
 4.09171864  -4.65637206  0.0
 4.09173296  -4.65637231  0.0
 4.09201937  -4.65637791  0.0
 4.09203369  -4.65637823  0.0
 4.09260645  -4.65639218  0.0
 4.09262076  -4.65639256  0.0
 4.09290711  -4.65640090  0.0
 4.09292142  -4.65640135  0.0
 4.09942420  -4.65662188  0.0
 4.13000216  -4.66066059  0.0
;;

