# exterior:
# ---------
 4.71787000  -4.78284969  0.0
 4.56222798  -4.75745854  0.0
 4.40557592  -4.73931495  0.0
 4.24829367  -4.72780845  0.0
 4.09068108  -4.72246338  0.0
 3.93297919  -4.72314082  0.0
 3.77541078  -4.72968014  0.0
 3.61817404  -4.74181701  0.0
 3.46142800  -4.75919797  0.0
 3.30528720  -4.78136765  0.0
 3.14984125  -4.80798078  0.0
 2.99512805  -4.83857721  0.0
 2.84112870  -4.87258495  0.0
 2.68777828  -4.90941592  0.0
 2.53498468  -4.94849452  0.0
 2.38264500  -4.98930776  0.0
 2.23064957  -5.03138703  0.0
 2.07888743  -5.07429838  0.0
 1.92724295  -5.11762687  0.0
 1.77560319  -5.16097224  0.0
 1.62386503  -5.20397374  0.0
 1.47194207  -5.24631430  0.0
 1.31976200  -5.28771649  0.0
 1.16725801  -5.32791269  0.0
 1.01438249  -5.36667075  0.0
 0.86108438  -5.40372084  0.0
 0.70730921  -5.43873756  0.0
 0.55300891  -5.47135803  0.0
 0.39815407  -5.50123479  0.0
 0.24274436  -5.52808839  0.0
 0.08678978  -5.55158155  0.0
-0.06967423  -5.57131691  0.0
-0.22660986  -5.58688131  0.0
-0.38393947  -5.59776810  0.0
-0.54154501  -5.60337416  0.0
-0.69924745  -5.60316858  0.0
-0.85682307  -5.59684081  0.0
-1.01402610  -5.58430336  0.0
-1.17063867  -5.56577922  0.0
-1.32648159  -5.54161928  0.0
-1.48138864  -5.51204293  0.0
-1.63517031  -5.47708706  0.0
-1.78760231  -5.43664958  0.0
-1.93842735  -5.39058217  0.0
-2.08734257  -5.33867722  0.0
-2.23393446  -5.28053921  0.0
-2.37757586  -5.21546251  0.0
-2.51707270  -5.14194829  0.0
-2.64988283  -5.05702026  0.0
-2.77028898  -4.95543610  0.0
-2.85775811  -4.82591272  0.0
-2.86713000  -4.76717250  0.0
-2.84898978  -4.67155403  0.0
-2.75853291  -4.54348776  0.0
-2.63891153  -4.44094835  0.0
-2.50812270  -4.35291488  0.0
-2.37067658  -4.27563618  0.0
-2.22867795  -4.20706309  0.0
-2.08332901  -4.14588037  0.0
-1.93541584  -4.09118763  0.0
-1.78546649  -4.04234408  0.0
-1.63386668  -3.99888608  0.0
-1.48090613  -3.96049131  0.0
-1.32680516  -3.92696083  0.0
-1.17174122  -3.89821118  0.0
-1.01586451  -3.87425856  0.0
-0.85933115  -3.85505250  0.0
-0.70231293  -3.84032044  0.0
-0.54495579  -3.82980220  0.0
-0.38738195  -3.82327428  0.0
-0.22969571  -3.82059803  0.0
-0.07199175  -3.82170463  0.0
 0.08564154  -3.82652508  0.0
 0.24313426  -3.83484049  0.0
 0.40041959  -3.84642519  0.0
 0.55745188  -3.86103755  0.0
 0.71419994  -3.87843642  0.0
 0.87063479  -3.89846064  0.0
 1.02675367  -3.92081731  0.0
 1.18257696  -3.94515186  0.0
 1.33812496  -3.97118924  0.0
 1.49340257  -3.99879335  0.0
 1.64843318  -4.02775412  0.0
 1.80322890  -4.05794517  0.0
 1.95780172  -4.08925758  0.0
 2.11218078  -4.12151265  0.0
 2.26639088  -4.15456612  0.0
 2.42044579  -4.18833547  0.0
 2.57436564  -4.22271566  0.0
 2.72817626  -4.25758125  0.0
 2.88187370  -4.29294213  0.0
 3.03545259  -4.32881435  0.0
 3.18892080  -4.36515785  0.0
 3.34229126  -4.40191138  0.0
 3.49557431  -4.43902746  0.0
 3.64878782  -4.47643024  0.0
 3.80195341  -4.51402881  0.0
 3.95505643  -4.55188104  0.0
 4.10807769  -4.59006242  0.0
 4.26100882  -4.62860308  0.0
 4.41376513  -4.66783002  0.0
 4.56620639  -4.70826339  0.0
 4.71787000  -4.75149531  0.0
 4.71787000  -4.78284969  0.0
;;

# interior:
# ---------
 4.71727000  -4.78214388  0.0
 4.71727000  -4.75194818  0.0
 4.56604723  -4.70884192  0.0
 4.41361359  -4.66841057  0.0
 4.26086089  -4.62918456  0.0
 4.10793175  -4.59064440  0.0
 3.95491180  -4.55246334  0.0
 3.80180988  -4.51461140  0.0
 3.64864516  -4.47701303  0.0
 3.49543256  -4.43961048  0.0
 3.34215074  -4.40249469  0.0
 3.18878175  -4.36574152  0.0
 3.03531522  -4.32939841  0.0
 2.88173820  -4.29352663  0.0
 2.72804267  -4.25816619  0.0
 2.57423392  -4.22330103  0.0
 2.42031616  -4.18892130  0.0
 2.26626377  -4.15515250  0.0
 2.11205655  -4.12209965  0.0
 1.95768080  -4.08984527  0.0
 1.80311191  -4.05853366  0.0
 1.64832066  -4.02834348  0.0
 1.49329497  -3.99938363  0.0
 1.33802292  -3.97178050  0.0
 1.18248114  -3.94574417  0.0
 1.02666485  -3.92141071  0.0
 0.87055417  -3.89905521  0.0
 0.71412875  -3.87903220  0.0
 0.55739099  -3.86163448  0.0
 0.40036975  -3.84702314  0.0
 0.24309640  -3.83543932  0.0
 0.08561655  -3.82712460  0.0
-0.07200303  -3.82230457  0.0
-0.22969273  -3.82119807  0.0
-0.38736444  -3.82387407  0.0
-0.54492336  -3.83040137  0.0
-0.70226489  -3.84091856  0.0
-0.85926658  -3.85564908  0.0
-1.01578239  -3.87485299  0.0
-1.17164094  -3.89880282  0.0
-1.32668666  -3.92754909  0.0
-1.48076928  -3.96107557  0.0
-1.63371093  -3.99946559  0.0
-1.78529085  -4.04291790  0.0
-1.93521880  -4.09175448  0.0
-2.08310847  -4.14643853  0.0
-2.22843094  -4.20761010  0.0
-2.37039882  -4.27616834  0.0
-2.50780765  -4.35342608  0.0
-2.63854754  -4.44142661  0.0
-2.75808583  -4.54389480  0.0
-2.84842457  -4.67179382  0.0
-2.86652099  -4.76718141  0.0
-2.85718653  -4.82568701  0.0
-2.76983838  -4.95503125  0.0
-2.64952621  -5.05653612  0.0
-2.51677068  -5.14142923  0.0
-2.37731196  -5.21492337  0.0
-2.23369992  -5.27998676  0.0
-2.08713314  -5.33811482  0.0
-1.93824090  -5.39001175  0.0
-1.78743769  -5.43607250  0.0
-1.63502684  -5.47650436  0.0
-1.48126585  -5.51145554  0.0
-1.32637934  -5.54102796  0.0
-1.17055745  -5.56518464  0.0
-1.01396699  -5.58370617  0.0
-0.85678717  -5.59624177  0.0
-0.69923502  -5.60256860  0.0
-0.54155529  -5.60277414  0.0
-0.38397085  -5.59716884  0.0
-0.22666019  -5.58628336  0.0
-0.06974139  -5.57072063  0.0
 0.08670754  -5.55098717  0.0
 0.24264858  -5.52749605  0.0
 0.39804615  -5.50064455  0.0
 0.55289002  -5.47076990  0.0
 0.70718054  -5.43815150  0.0
 0.86094729  -5.40313670  0.0
 1.01423829  -5.36608832  0.0
 1.16710782  -5.32733179  0.0
 1.31960678  -5.28713691  0.0
 1.47178277  -5.24573582  0.0
 1.62370269  -5.20339612  0.0
 1.77543894  -5.16039516  0.0
 1.92707811  -5.11704995  0.0
 2.07872259  -5.07372147  0.0
 2.07872418  -5.07372102  0.0
 2.23048632  -5.03080967  0.0
 2.23048948  -5.03080878  0.0
 2.38248492  -4.98872951  0.0
 2.38248973  -4.98872820  0.0
 2.53482941  -4.94791496  0.0
 2.53483601  -4.94791323  0.0
 2.68762960  -4.90883463  0.0
 2.68763816  -4.90883251  0.0
 2.84098858  -4.87200154  0.0
 2.84099931  -4.87199907  0.0
 2.99499867  -4.83799133  0.0
 2.99501165  -4.83798861  0.0
 3.14972484  -4.80739218  0.0
 3.14974000  -4.80738938  0.0
 3.30518595  -4.78077625  0.0
 3.30520285  -4.78077360  0.0
 3.46134366  -4.75860393  0.0
 3.46136187  -4.75860163  0.0
 3.61810792  -4.74122067  0.0
 3.61812787  -4.74121879  0.0
 3.77536460  -4.72908192  0.0
 3.77538590  -4.72908066  0.0
 3.93295431  -4.72254133  0.0
 3.93297661  -4.72254082  0.0
 4.09067850  -4.72186338  0.0
 4.09070142  -4.72186372  0.0
 4.24831401  -4.72720880  0.0
 4.24833745  -4.72721005  0.0
 4.40561970  -4.73871655  0.0
 4.40564495  -4.73871893  0.0
 4.56229702  -4.75686253  0.0
 4.56232459  -4.75686637  0.0
 4.71727000  -4.78214388  0.0
;;

