# exterior:
# ---------
 0.74700000  -5.36600972  0.0
 0.69399207  -5.37808035  0.0
 0.54070352  -5.41048693  0.0
 0.38698403  -5.44014464  0.0
 0.23283113  -5.46678107  0.0
 0.07827768  -5.49006316  0.0
-0.07662553  -5.50960166  0.0
-0.23181888  -5.52499326  0.0
-0.38718759  -5.53574436  0.0
-0.54260865  -5.54127272  0.0
-0.69796062  -5.54107021  0.0
-0.74700000  -5.53910093  0.0
-0.74200000  -5.53429769  0.0
-0.69785701  -5.53607034  0.0
-0.54269429  -5.53627260  0.0
-0.38744912  -5.53075050  0.0
-0.23223828  -5.52001033  0.0
-0.07718522  -5.50463264  0.0
 0.07759232  -5.48510999  0.0
 0.23203296  -5.46184490  0.0
 0.38608467  -5.43522595  0.0
 0.53971274  -5.40558587  0.0
 0.69291984  -5.37319652  0.0
 0.74200000  -5.36202029  0.0
 0.74700000  -5.36600972  0.0
;;

