# exterior:
# ---------
 0.83600000  -3.89715255  0.0
 0.87021824  -3.90153261  0.0
 1.02629477  -3.92388322  0.0
 1.18208188  -3.94821212  0.0
 1.33759775  -3.97424412  0.0
 1.49284664  -4.00184312  0.0
 1.64785182  -4.03079915  0.0
 1.80262444  -4.06098569  0.0
 1.95717697  -4.09229399  0.0
 2.11153892  -4.12454548  0.0
 2.26573414  -4.15759577  0.0
 2.41977602  -4.19136225  0.0
 2.43654667  -4.19510822  0.0
 2.43654667  -4.22584748  0.0
 2.41329431  -4.22065374  0.0
 2.25937861  -4.18691491  0.0
 2.10532741  -4.15389549  0.0
 1.95113103  -4.12167859  0.0
 1.79677478  -4.09041005  0.0
 1.64222582  -4.06026713  0.0
 1.48746666  -4.03135707  0.0
 1.33249578  -4.00380749  0.0
 1.17729086  -3.97782754  0.0
 1.02185378  -3.95355330  0.0
 0.86618715  -3.93126139  0.0
 0.83600000  -3.92739733  0.0
 0.83600000  -3.89715255  0.0
;;

