# exterior:
# ---------
-0.75000000  -5.54198288  0.0
-0.75000000  -3.90415418  0.0
-0.69758089  -3.89923601  0.0
-0.54176133  -3.88882055  0.0
-0.38565711  -3.88235352  0.0
-0.22940157  -3.87970155  0.0
-0.07310247  -3.88079829  0.0
 0.08317999  -3.88557743  0.0
 0.23940523  -3.89382592  0.0
 0.39551064  -3.90532371  0.0
 0.55145352  -3.91983470  0.0
 0.70718756  -3.93712102  0.0
 0.75000000  -3.94260116  0.0
 0.75000000  -5.36840337  0.0
 0.69463541  -5.38101065  0.0
 0.54129798  -5.41342756  0.0
 0.38752365  -5.44309586  0.0
 0.23331003  -5.46974278  0.0
 0.07868889  -5.49303507  0.0
-0.07628972  -5.51258307  0.0
-0.23156723  -5.52798302  0.0
-0.38703068  -5.53874068  0.0
-0.54255727  -5.54427279  0.0
-0.69802278  -5.54407013  0.0
-0.75000000  -5.54198288  0.0
;;

# interior:
# ---------
-0.74700000  -5.53910093  0.0
-0.69796062  -5.54107021  0.0
-0.54260865  -5.54127272  0.0
-0.38718759  -5.53574436  0.0
-0.23181888  -5.52499326  0.0
-0.07662553  -5.50960166  0.0
 0.07827768  -5.49006316  0.0
 0.23283113  -5.46678107  0.0
 0.38698403  -5.44014464  0.0
 0.54070352  -5.41048693  0.0
 0.69399207  -5.37808035  0.0
 0.74700000  -5.36600972  0.0
 0.74700000  -3.94524163  0.0
 0.70683160  -3.94009993  0.0
 0.55114903  -3.92281933  0.0
 0.39526146  -3.90831348  0.0
 0.23921594  -3.89682010  0.0
 0.08305504  -3.88857501  0.0
-0.07315886  -3.88379797  0.0
-0.22938664  -3.88270173  0.0
-0.38556955  -3.88535246  0.0
-0.54159917  -3.89181641  0.0
-0.69734068  -3.90222665  0.0
-0.74700000  -3.90688588  0.0
-0.74700000  -5.53910093  0.0
;;

