# exterior:
# ---------
 0.75000000  -5.42840092  0.0
 0.70718054  -5.43815150  0.0
 0.55289002  -5.47076990  0.0
 0.39804615  -5.50064455  0.0
 0.24264858  -5.52749605  0.0
 0.08670754  -5.55098717  0.0
-0.06974139  -5.57072063  0.0
-0.22666019  -5.58628336  0.0
-0.38397085  -5.59716884  0.0
-0.54155529  -5.60277414  0.0
-0.69923502  -5.60256860  0.0
-0.75000000  -5.60053003  0.0
-0.75000000  -5.59802801  0.0
-0.69918321  -5.60006866  0.0
-0.54159811  -5.60027409  0.0
-0.38410162  -5.59467191  0.0
-0.22686989  -5.58379189  0.0
-0.07002124  -5.56823612  0.0
 0.08636486  -5.54851058  0.0
 0.24224949  -5.52502796  0.0
 0.39759647  -5.49818520  0.0
 0.55239463  -5.46831938  0.0
 0.70664442  -5.43570958  0.0
 0.75000000  -5.42583692  0.0
 0.75000000  -5.42840092  0.0
;;

