# exterior:
# ---------
 4.06058475  -4.65649205  0.0
 3.93269525  -4.65704143  0.0
 3.93268131  -4.65704152  0.0
 3.93240245  -4.65704401  0.0
 3.93238851  -4.65704417  0.0
 3.93183084  -4.65705175  0.0
 3.93181690  -4.65705197  0.0
 3.93153808  -4.65705706  0.0
 3.93152414  -4.65705734  0.0
 3.93140891  -4.65705998  0.0
 3.93139497  -4.65706033  0.0
 3.93111621  -4.65706801  0.0
 3.93110228  -4.65706843  0.0
 3.93054484  -4.65708637  0.0
 3.93053091  -4.65708685  0.0
 3.93025223  -4.65709712  0.0
 3.93023830  -4.65709767  0.0
 3.77266989  -4.66363699  0.0
 3.77265656  -4.66363757  0.0
 3.77239016  -4.66364982  0.0
 3.77237684  -4.66365046  0.0
 3.77184415  -4.66367731  0.0
 3.77183084  -4.66367801  0.0
 3.77156455  -4.66369262  0.0
 3.77155124  -4.66369338  0.0
 3.77144121  -4.66369991  0.0
 3.77142790  -4.66370073  0.0
 3.77116176  -4.66371771  0.0
 3.77114845  -4.66371858  0.0
 3.77061633  -4.66375490  0.0
 3.77060302  -4.66375584  0.0
 3.77033704  -4.66377518  0.0
 3.77032375  -4.66377618  0.0
 3.71787000  -4.66782501  0.0
 3.71787000  -4.66281013  0.0
 3.76993895  -4.65879101  0.0
 3.76995003  -4.65879017  0.0
 3.76996332  -4.65878917  0.0
 3.76997441  -4.65878835  0.0
 3.77024039  -4.65876901  0.0
 3.77025147  -4.65876822  0.0
 3.77026477  -4.65876728  0.0
 3.77027586  -4.65876651  0.0
 3.77080798  -4.65873019  0.0
 3.77081907  -4.65872945  0.0
 3.77083238  -4.65872857  0.0
 3.77084347  -4.65872785  0.0
 3.77110961  -4.65871087  0.0
 3.77112070  -4.65871018  0.0
 3.77113401  -4.65870936  0.0
 3.77114510  -4.65870869  0.0
 3.77125513  -4.65870216  0.0
 3.77126622  -4.65870151  0.0
 3.77127954  -4.65870075  0.0
 3.77129063  -4.65870013  0.0
 3.77155692  -4.65868552  0.0
 3.77156801  -4.65868492  0.0
 3.77158133  -4.65868422  0.0
 3.77159242  -4.65868365  0.0
 3.77212511  -4.65865680  0.0
 3.77213621  -4.65865625  0.0
 3.77214953  -4.65865561  0.0
 3.77216063  -4.65865509  0.0
 3.77242703  -4.65864285  0.0
 3.77243813  -4.65864235  0.0
 3.77245146  -4.65864177  0.0
 3.77246256  -4.65864129  0.0
 3.93003097  -4.65210197  0.0
 3.93004258  -4.65210150  0.0
 3.93005652  -4.65210095  0.0
 3.93006813  -4.65210051  0.0
 3.93034680  -4.65209024  0.0
 3.93035841  -4.65208983  0.0
 3.93037235  -4.65208935  0.0
 3.93038396  -4.65208896  0.0
 3.93094139  -4.65207102  0.0
 3.93095301  -4.65207066  0.0
 3.93096695  -4.65207024  0.0
 3.93097856  -4.65206991  0.0
 3.93125732  -4.65206223  0.0
 3.93126893  -4.65206192  0.0
 3.93128287  -4.65206157  0.0
 3.93129449  -4.65206129  0.0
 3.93140972  -4.65205865  0.0
 3.93142133  -4.65205840  0.0
 3.93143527  -4.65205811  0.0
 3.93144689  -4.65205789  0.0
 3.93172571  -4.65205280  0.0
 3.93173733  -4.65205260  0.0
 3.93175127  -4.65205238  0.0
 3.93176289  -4.65205221  0.0
 3.93232056  -4.65204463  0.0
 3.93233217  -4.65204449  0.0
 3.93234612  -4.65204433  0.0
 3.93235774  -4.65204421  0.0
 3.93263659  -4.65204172  0.0
 3.93264821  -4.65204163  0.0
 3.93266215  -4.65204154  0.0
 3.93267377  -4.65204147  0.0
 4.06058475  -4.65149201  0.0
 4.06058475  -4.65649205  0.0
;;

