# exterior:
# ---------
-0.83600000  -5.59457450  0.0
-0.85663758  -5.59374576  0.0
-1.01372070  -5.58121787  0.0
-1.17021902  -5.56270725  0.0
-1.32595329  -5.53856415  0.0
-1.48075420  -5.50900807  0.0
-1.63442907  -5.47407647  0.0
-1.78675180  -5.43366798  0.0
-1.93746405  -5.38763502  0.0
-2.08626050  -5.33577146  0.0
-2.23272269  -5.27768489  0.0
-2.37621237  -5.21267694  0.0
-2.51551228  -5.13926650  0.0
-2.64804028  -5.05451887  0.0
-2.76796089  -4.95334436  0.0
-2.85480496  -4.82474656  0.0
-2.86398344  -4.76721856  0.0
-2.84606952  -4.67279291  0.0
-2.75622301  -4.54559077  0.0
-2.63703092  -4.44341935  0.0
-2.50649494  -4.35555607  0.0
-2.36924151  -4.27838570  0.0
-2.22740173  -4.20988933  0.0
-2.08218955  -4.14876418  0.0
-1.93439782  -4.09411634  0.0
-1.78455902  -4.04530880  0.0
-1.63306197  -4.00188025  0.0
-1.48019904  -3.96350999  0.0
-1.32619290  -3.93000015  0.0
-1.17122312  -3.90126795  0.0
-1.01544023  -3.87732975  0.0
-0.85899753  -3.85813481  0.0
-0.83600000  -3.85597710  0.0
-0.83600000  -3.88610885  0.0
-0.85576892  -3.88796365  0.0
-1.01133432  -3.90705095  0.0
-1.16620923  -3.93084962  0.0
-1.32026782  -3.95941288  0.0
-1.47335626  -3.99272304  0.0
-1.62527449  -4.03085617  0.0
-1.77577701  -4.07399962  0.0
-1.92454608  -4.12245872  0.0
-2.07116246  -4.17667195  0.0
-2.21505112  -4.23723999  0.0
-2.35535369  -4.30499402  0.0
-2.49074238  -4.38111594  0.0
-2.61883148  -4.46733224  0.0
-2.73386912  -4.56594247  0.0
-2.81780894  -4.68478208  0.0
-2.83353290  -4.76766426  0.0
-2.82622609  -4.81346115  0.0
-2.74543099  -4.93310169  0.0
-2.63020923  -5.03031189  0.0
-2.50041139  -5.11331366  0.0
-2.36301728  -5.18571975  0.0
-2.22099595  -5.25006247  0.0
-2.07578890  -5.30765126  0.0
-1.92814180  -5.35911420  0.0
-1.77852106  -5.40481378  0.0
-1.62725576  -5.44494174  0.0
-1.47461439  -5.47963842  0.0
-1.32084064  -5.50899839  0.0
-1.16615781  -5.53297848  0.0
-1.01076520  -5.55135833  0.0
-0.85484250  -5.56379367  0.0
-0.83600000  -5.56455033  0.0
-0.83600000  -5.59457450  0.0
;;

