# exterior:
# ---------
 4.06058475  -4.65949208  0.0
 3.93270814  -4.66004140  0.0
 3.93242928  -4.66004389  0.0
 3.93187161  -4.66005147  0.0
 3.93159279  -4.66005656  0.0
 3.93147757  -4.66005920  0.0
 3.93119881  -4.66006687  0.0
 3.93064137  -4.66008482  0.0
 3.93036270  -4.66009509  0.0
 3.77279428  -4.66663441  0.0
 3.77252788  -4.66664665  0.0
 3.77199519  -4.66667351  0.0
 3.77172891  -4.66668812  0.0
 3.77161888  -4.66669464  0.0
 3.77135273  -4.66671162  0.0
 3.77082061  -4.66674794  0.0
 3.77055462  -4.66676728  0.0
 3.71787000  -4.67083393  0.0
 3.71787000  -4.66782501  0.0
 3.77032375  -4.66377618  0.0
 3.77033704  -4.66377518  0.0
 3.77060302  -4.66375584  0.0
 3.77061633  -4.66375490  0.0
 3.77114845  -4.66371858  0.0
 3.77116176  -4.66371771  0.0
 3.77142790  -4.66370073  0.0
 3.77144121  -4.66369991  0.0
 3.77155124  -4.66369338  0.0
 3.77156455  -4.66369262  0.0
 3.77183084  -4.66367801  0.0
 3.77184415  -4.66367731  0.0
 3.77237684  -4.66365046  0.0
 3.77239016  -4.66364982  0.0
 3.77265656  -4.66363757  0.0
 3.77266989  -4.66363699  0.0
 3.93023830  -4.65709767  0.0
 3.93025223  -4.65709712  0.0
 3.93053091  -4.65708685  0.0
 3.93054484  -4.65708637  0.0
 3.93110228  -4.65706843  0.0
 3.93111621  -4.65706801  0.0
 3.93139497  -4.65706033  0.0
 3.93140891  -4.65705998  0.0
 3.93152414  -4.65705734  0.0
 3.93153808  -4.65705706  0.0
 3.93181690  -4.65705197  0.0
 3.93183084  -4.65705175  0.0
 3.93238851  -4.65704417  0.0
 3.93240245  -4.65704401  0.0
 3.93268131  -4.65704152  0.0
 3.93269525  -4.65704143  0.0
 4.06058475  -4.65649205  0.0
 4.06058475  -4.65949208  0.0
;;

