# exterior:
# ---------
 2.43654667  -4.97424583  0.0
 2.38248973  -4.98872820  0.0
 2.38248492  -4.98872951  0.0
 2.23048948  -5.03080878  0.0
 2.23048632  -5.03080967  0.0
 2.07872418  -5.07372102  0.0
 2.07872259  -5.07372147  0.0
 1.92707811  -5.11704995  0.0
 1.77543894  -5.16039516  0.0
 1.62370269  -5.20339612  0.0
 1.47178277  -5.24573582  0.0
 1.31960678  -5.28713691  0.0
 1.16710782  -5.32733179  0.0
 1.01423829  -5.36608832  0.0
 0.86094729  -5.40313670  0.0
 0.83600000  -5.40881754  0.0
 0.83600000  -5.40625354  0.0
 0.86037607  -5.40070277  0.0
 1.01363742  -5.36366157  0.0
 1.16648203  -5.32491135  0.0
 1.31896004  -5.28472199  0.0
 1.47111903  -5.24332553  0.0
 1.62302628  -5.20098936  0.0
 1.77475457  -5.15799066  0.0
 1.92639128  -5.11464615  0.0
 2.07803577  -5.07131766  0.0
 2.07803907  -5.07131672  0.0
 2.07804066  -5.07131627  0.0
 2.07804396  -5.07131534  0.0
 2.22980610  -5.02840399  0.0
 2.22981269  -5.02840213  0.0
 2.22981586  -5.02840125  0.0
 2.22982246  -5.02839941  0.0
 2.38181789  -4.98632014  0.0
 2.38182792  -4.98631738  0.0
 2.38183274  -4.98631607  0.0
 2.38184278  -4.98631336  0.0
 2.43654667  -4.97165767  0.0
 2.43654667  -4.97424583  0.0
;;

