# exterior:
# ---------
-0.74700000  -5.53910093  0.0
-0.74700000  -3.90688588  0.0
-0.69734068  -3.90222665  0.0
-0.54159917  -3.89181641  0.0
-0.38556955  -3.88535246  0.0
-0.22938664  -3.88270173  0.0
-0.07315886  -3.88379797  0.0
 0.08305504  -3.88857501  0.0
 0.23921594  -3.89682010  0.0
 0.39526146  -3.90831348  0.0
 0.55114903  -3.92281933  0.0
 0.70683160  -3.94009993  0.0
 0.74700000  -3.94524163  0.0
 0.74700000  -5.36600972  0.0
 0.69399207  -5.37808035  0.0
 0.54070352  -5.41048693  0.0
 0.38698403  -5.44014464  0.0
 0.23283113  -5.46678107  0.0
 0.07827768  -5.49006316  0.0
-0.07662553  -5.50960166  0.0
-0.23181888  -5.52499326  0.0
-0.38718759  -5.53574436  0.0
-0.54260865  -5.54127272  0.0
-0.69796062  -5.54107021  0.0
-0.74700000  -5.53910093  0.0
;;

# interior:
# ---------
-0.74200000  -5.53429769  0.0
-0.69785701  -5.53607034  0.0
-0.54269429  -5.53627260  0.0
-0.38744912  -5.53075050  0.0
-0.23223828  -5.52001033  0.0
-0.07718522  -5.50463264  0.0
 0.07759232  -5.48510999  0.0
 0.23203296  -5.46184490  0.0
 0.38608467  -5.43522595  0.0
 0.53971274  -5.40558587  0.0
 0.69291984  -5.37319652  0.0
 0.74200000  -5.36202029  0.0
 0.74200000  -3.94964241  0.0
 0.70623834  -3.94506479  0.0
 0.55064156  -3.92779371  0.0
 0.39484615  -3.91329644  0.0
 0.23890046  -3.90181041  0.0
 0.08284679  -3.89357098  0.0
-0.07325283  -3.88879743  0.0
-0.22936175  -3.88770203  0.0
-0.38542363  -3.89035071  0.0
-0.54132891  -3.89680950  0.0
-0.69694034  -3.90721105  0.0
-0.74200000  -3.91143872  0.0
-0.74200000  -5.53429769  0.0
;;

