# exterior:
# ---------
 2.52254667   4.61678552  0.0
 2.52254667   5.28928819  0.0
 2.56709914   5.27933676  0.0
 2.72080684   5.24449450  0.0
 2.87439865   5.20915792  0.0
 3.02787443   5.17330979  0.0
 3.18125016   5.13698818  0.0
 3.33453954   5.10025409  0.0
 3.48775448   5.06315450  0.0
 3.64091736   5.02576408  0.0
 3.71787000   5.00687400  0.0
 3.71787000   4.97598334  0.0
 3.78685968   4.95904799  0.0
 3.93984610   4.92122459  0.0
 4.09272964   4.88307758  0.0
 4.13000216   4.87368441  0.0
 4.09281974   4.87494537  0.0
 4.09253340   4.87495371  0.0
 4.09196065   4.87496766  0.0
 4.09167424   4.87497327  0.0
 4.09155585   4.87497502  0.0
 4.09126940   4.87497789  0.0
 4.09069649   4.87498090  0.0
 4.09041002   4.87498104  0.0
 3.93270814   4.87430360  0.0
 3.93242928   4.87430111  0.0
 3.93187161   4.87429353  0.0
 3.93159279   4.87428844  0.0
 3.93147757   4.87428580  0.0
 3.93119881   4.87427813  0.0
 3.93064137   4.87426018  0.0
 3.93036270   4.87424991  0.0
 3.77279428   4.86771059  0.0
 3.77252788   4.86769835  0.0
 3.77199519   4.86767149  0.0
 3.77172891   4.86765688  0.0
 3.77161888   4.86765036  0.0
 3.77135273   4.86763338  0.0
 3.77082061   4.86759706  0.0
 3.77055462   4.86757772  0.0
 3.71787000   4.86351107  0.0
 3.71787000   4.83342183  0.0
 3.61562668   4.82552982  0.0
 3.61512752   4.82548709  0.0
 3.61502445   4.82547740  0.0
 3.61452607   4.82542635  0.0
 3.45778003   4.80804539  0.0
 3.45732412   4.80799130  0.0
 3.45722999   4.80797940  0.0
 3.45677496   4.80791834  0.0
 3.30063416   4.78574867  0.0
 3.30021107   4.78568552  0.0
 3.30012372   4.78567184  0.0
 3.29970158   4.78560266  0.0
 3.14425563   4.75898953  0.0
 3.14387635   4.75892209  0.0
 3.14379806   4.75890765  0.0
 3.14341968   4.75883534  0.0
 2.98870649   4.72823891  0.0
 2.98838166   4.72817280  0.0
 2.98831461   4.72815877  0.0
 2.98799053   4.72808908  0.0
 2.83399117   4.69408134  0.0
 2.83372240   4.69402069  0.0
 2.83366692   4.69400790  0.0
 2.83339872   4.69394479  0.0
 2.68004830   4.65711382  0.0
 2.67983434   4.65706160  0.0
 2.67979017   4.65705064  0.0
 2.67957660   4.65699686  0.0
 2.52678300   4.61791826  0.0
 2.52661790   4.61787553  0.0
 2.52658381   4.61786661  0.0
 2.52641895   4.61782294  0.0
 2.52254667   4.61678552  0.0
;;

# interior:
# ---------
 2.52554667   4.62069505  0.0
 2.52564260   4.62072075  0.0
 2.52565084   4.62072294  0.0
 2.52581570   4.62076661  0.0
 2.52582394   4.62076878  0.0
 2.52585804   4.62077771  0.0
 2.52586629   4.62077986  0.0
 2.52603139   4.62082258  0.0
 2.52603965   4.62082471  0.0
 2.67883324   4.65990330  0.0
 2.67884392   4.65990601  0.0
 2.67905748   4.65995980  0.0
 2.67906817   4.65996247  0.0
 2.67911235   4.65997342  0.0
 2.67912304   4.65997605  0.0
 2.67933699   4.66002827  0.0
 2.67934770   4.66003086  0.0
 2.83269812   4.69686183  0.0
 2.83271152   4.69686502  0.0
 2.83297972   4.69692813  0.0
 2.83299314   4.69693126  0.0
 2.83304862   4.69694404  0.0
 2.83306205   4.69694711  0.0
 2.83333082   4.69700776  0.0
 2.83334427   4.69701076  0.0
 2.98734362   4.73101850  0.0
 2.98735982   4.73102203  0.0
 2.98768389   4.73109172  0.0
 2.98770011   4.73109516  0.0
 2.98776716   4.73110919  0.0
 2.98778339   4.73111254  0.0
 2.98810822   4.73117865  0.0
 2.98812447   4.73118191  0.0
 3.14283767   4.76177834  0.0
 3.14285658   4.76178202  0.0
 3.14323495   4.76185433  0.0
 3.14325388   4.76185788  0.0
 3.14333217   4.76187232  0.0
 3.14335113   4.76187575  0.0
 3.14373040   4.76194320  0.0
 3.14374938   4.76194651  0.0
 3.29919533   4.78855964  0.0
 3.29921642   4.78856318  0.0
 3.29963857   4.78863236  0.0
 3.29965969   4.78863574  0.0
 3.29974703   4.78864941  0.0
 3.29976817   4.78865265  0.0
 3.30019126   4.78871580  0.0
 3.30021243   4.78871888  0.0
 3.45635324   4.81088855  0.0
 3.45637598   4.81089169  0.0
 3.45683100   4.81095275  0.0
 3.45685377   4.81095572  0.0
 3.45694790   4.81096762  0.0
 3.45697068   4.81097041  0.0
 3.45742659   4.81102450  0.0
 3.45744940   4.81102712  0.0
 3.61419544   4.82840807  0.0
 3.61422035   4.82841073  0.0
 3.61471872   4.82846179  0.0
 3.61474365   4.82846423  0.0
 3.61484673   4.82847392  0.0
 3.61487168   4.82847617  0.0
 3.61537084   4.82851889  0.0
 3.61539580   4.82852092  0.0
 3.71487000   4.83619919  0.0
 3.71487000   4.86351107  0.0
 3.71488486   4.86380933  0.0
 3.71492931   4.86410463  0.0
 3.71500289   4.86439405  0.0
 3.71510488   4.86467473  0.0
 3.71523427   4.86494387  0.0
 3.71538977   4.86519881  0.0
 3.71556986   4.86543703  0.0
 3.71577273   4.86565617  0.0
 3.71599639   4.86585405  0.0
 3.71623861   4.86602872  0.0
 3.71649699   4.86617844  0.0
 3.71676898   4.86630173  0.0
 3.71705188   4.86639736  0.0
 3.71734289   4.86646440  0.0
 3.71763912   4.86650217  0.0
 3.77032375   4.87056882  0.0
 3.77033704   4.87056982  0.0
 3.77060302   4.87058916  0.0
 3.77061633   4.87059010  0.0
 3.77114845   4.87062642  0.0
 3.77116176   4.87062729  0.0
 3.77142790   4.87064427  0.0
 3.77144121   4.87064509  0.0
 3.77155124   4.87065162  0.0
 3.77156455   4.87065238  0.0
 3.77183084   4.87066699  0.0
 3.77184415   4.87066769  0.0
 3.77237684   4.87069454  0.0
 3.77239016   4.87069518  0.0
 3.77265656   4.87070743  0.0
 3.77266989   4.87070801  0.0
 3.93023830   4.87724733  0.0
 3.93025223   4.87724788  0.0
 3.93053091   4.87725815  0.0
 3.93054484   4.87725863  0.0
 3.93110228   4.87727657  0.0
 3.93111621   4.87727699  0.0
 3.93139497   4.87728467  0.0
 3.93140891   4.87728502  0.0
 3.93152414   4.87728766  0.0
 3.93153808   4.87728794  0.0
 3.93181690   4.87729303  0.0
 3.93183084   4.87729325  0.0
 3.93238851   4.87730083  0.0
 3.93240245   4.87730099  0.0
 3.93268131   4.87730348  0.0
 3.93269525   4.87730357  0.0
 4.09039714   4.87798101  0.0
 4.09041146   4.87798104  0.0
 4.09069792   4.87798090  0.0
 4.09071225   4.87798086  0.0
 4.09128516   4.87797785  0.0
 4.09129949   4.87797774  0.0
 4.09158594   4.87797487  0.0
 4.09160026   4.87797469  0.0
 4.09171864   4.87797294  0.0
 4.09173296   4.87797269  0.0
 4.09201937   4.87796709  0.0
 4.09203369   4.87796677  0.0
 4.09260645   4.87795282  0.0
 4.09262076   4.87795244  0.0
 4.09290711   4.87794410  0.0
 4.09292142   4.87794365  0.0
 4.10205392   4.87763394  0.0
 4.09199994   4.88016767  0.0
 3.93912295   4.91831305  0.0
 3.78614207   4.95613508  0.0
 3.71715480   4.97306984  0.0
 3.71688165   4.97315082  0.0
 3.71661740   4.97325736  0.0
 3.71636446   4.97338847  0.0
 3.71612509   4.97354300  0.0
 3.71590146   4.97371953  0.0
 3.71569559   4.97391648  0.0
 3.71550932   4.97413207  0.0
 3.71534435   4.97436436  0.0
 3.71520216   4.97461125  0.0
 3.71508403   4.97487052  0.0
 3.71499103   4.97513982  0.0
 3.71492399   4.97541673  0.0
 3.71488353   4.97569875  0.0
 3.71487000   4.97598334  0.0
 3.71487000   5.00452137  0.0
 3.64020403   5.02285012  0.0
 3.48704573   5.06023942  0.0
 3.33383697   5.09733751  0.0
 3.18055493   5.13406985  0.0
 3.02718758   5.17038947  0.0
 2.87372115   5.20623542  0.0
 2.72013892   5.24156979  0.0
 2.56644054   5.27640994  0.0
 2.52554667   5.28554417  0.0
 2.52554667   4.62069505  0.0
;;

