# exterior:
# ---------
-0.83600000   3.93977050  0.0
-0.85663758   3.94059924  0.0
-1.01372070   3.95312713  0.0
-1.17021902   3.97163775  0.0
-1.32595329   3.99578085  0.0
-1.48075420   4.02533693  0.0
-1.63442907   4.06026853  0.0
-1.78675180   4.10067702  0.0
-1.93746405   4.14670998  0.0
-2.08626050   4.19857354  0.0
-2.23272269   4.25666011  0.0
-2.37621237   4.32166806  0.0
-2.51551228   4.39507850  0.0
-2.64804028   4.47982613  0.0
-2.76796089   4.58100064  0.0
-2.85480496   4.70959844  0.0
-2.86398344   4.76712644  0.0
-2.84606952   4.86155209  0.0
-2.75622301   4.98875423  0.0
-2.63703092   5.09092565  0.0
-2.50649494   5.17878893  0.0
-2.36924151   5.25595930  0.0
-2.22740173   5.32445567  0.0
-2.08218955   5.38558082  0.0
-1.93439782   5.44022866  0.0
-1.78455902   5.48903620  0.0
-1.63306197   5.53246475  0.0
-1.48019904   5.57083501  0.0
-1.32619290   5.60434485  0.0
-1.17122312   5.63307705  0.0
-1.01544023   5.65701525  0.0
-0.85899753   5.67621019  0.0
-0.83600000   5.67836790  0.0
-0.83600000   5.64823615  0.0
-0.85576892   5.64638135  0.0
-1.01133432   5.62729405  0.0
-1.16620923   5.60349538  0.0
-1.32026782   5.57493212  0.0
-1.47335626   5.54162196  0.0
-1.62527449   5.50348883  0.0
-1.77577701   5.46034538  0.0
-1.92454608   5.41188628  0.0
-2.07116246   5.35767305  0.0
-2.21505112   5.29710501  0.0
-2.35535369   5.22935098  0.0
-2.49074238   5.15322906  0.0
-2.61883148   5.06701276  0.0
-2.73386912   4.96840253  0.0
-2.81780894   4.84956292  0.0
-2.83353290   4.76668074  0.0
-2.82622609   4.72088385  0.0
-2.74543099   4.60124331  0.0
-2.63020923   4.50403311  0.0
-2.50041139   4.42103134  0.0
-2.36301728   4.34862525  0.0
-2.22099595   4.28428253  0.0
-2.07578890   4.22669374  0.0
-1.92814180   4.17523080  0.0
-1.77852106   4.12953122  0.0
-1.62725576   4.08940326  0.0
-1.47461439   4.05470658  0.0
-1.32084064   4.02534661  0.0
-1.16615781   4.00136652  0.0
-1.01076520   3.98298667  0.0
-0.85484250   3.97055133  0.0
-0.83600000   3.96979467  0.0
-0.83600000   3.93977050  0.0
;;

