# exterior:
# ---------
 4.71727000   4.75220112  0.0
 4.56232459   4.77747863  0.0
 4.56229702   4.77748247  0.0
 4.40564495   4.79562607  0.0
 4.40561970   4.79562845  0.0
 4.24833745   4.80713495  0.0
 4.24831401   4.80713620  0.0
 4.09070142   4.81248128  0.0
 4.09067850   4.81248162  0.0
 3.93297661   4.81180418  0.0
 3.93295431   4.81180367  0.0
 3.77538590   4.80526434  0.0
 3.77536460   4.80526308  0.0
 3.61812787   4.79312621  0.0
 3.61810792   4.79312433  0.0
 3.46136187   4.77574337  0.0
 3.46134366   4.77574107  0.0
 3.30520285   4.75357140  0.0
 3.30518595   4.75356875  0.0
 3.14974000   4.72695562  0.0
 3.14972484   4.72695282  0.0
 2.99501165   4.69635639  0.0
 2.99499867   4.69635367  0.0
 2.84099931   4.66234593  0.0
 2.84098858   4.66234346  0.0
 2.68763816   4.62551249  0.0
 2.68762960   4.62551037  0.0
 2.53483601   4.58643177  0.0
 2.53482941   4.58643004  0.0
 2.38248973   4.54561680  0.0
 2.38248492   4.54561549  0.0
 2.23048948   4.50353622  0.0
 2.23048632   4.50353533  0.0
 2.07872418   4.46062398  0.0
 2.07872259   4.46062353  0.0
 1.92707811   4.41729505  0.0
 1.77543894   4.37394984  0.0
 1.62370269   4.33094888  0.0
 1.47178277   4.28860918  0.0
 1.31960678   4.24720809  0.0
 1.16710782   4.20701321  0.0
 1.01423829   4.16825668  0.0
 0.86094729   4.13120830  0.0
 0.70718054   4.09619350  0.0
 0.55289002   4.06357510  0.0
 0.39804615   4.03370045  0.0
 0.24264858   4.00684895  0.0
 0.08670754   3.98335783  0.0
-0.06974139   3.96362437  0.0
-0.22666019   3.94806164  0.0
-0.38397085   3.93717616  0.0
-0.54155529   3.93157086  0.0
-0.69923502   3.93177640  0.0
-0.85678717   3.93810323  0.0
-1.01396699   3.95063883  0.0
-1.17055745   3.96916036  0.0
-1.32637934   3.99331704  0.0
-1.48126585   4.02288946  0.0
-1.63502684   4.05784064  0.0
-1.78743769   4.09827250  0.0
-1.93824090   4.14433325  0.0
-2.08713314   4.19623018  0.0
-2.23369992   4.25435824  0.0
-2.37731196   4.31942163  0.0
-2.51677068   4.39291577  0.0
-2.64952621   4.47780888  0.0
-2.76983838   4.57931375  0.0
-2.85718653   4.70865799  0.0
-2.86652099   4.76716359  0.0
-2.84842457   4.86255118  0.0
-2.75808583   4.99045020  0.0
-2.63854754   5.09291839  0.0
-2.50780765   5.18091892  0.0
-2.37039882   5.25817666  0.0
-2.22843094   5.32673490  0.0
-2.08310847   5.38790647  0.0
-1.93521880   5.44259052  0.0
-1.78529085   5.49142710  0.0
-1.63371093   5.53487941  0.0
-1.48076928   5.57326943  0.0
-1.32668666   5.60679591  0.0
-1.17164094   5.63554218  0.0
-1.01578239   5.65949201  0.0
-0.85926658   5.67869592  0.0
-0.70226489   5.69342644  0.0
-0.54492336   5.70394363  0.0
-0.38736444   5.71047093  0.0
-0.22969273   5.71314693  0.0
-0.07200303   5.71204043  0.0
 0.08561655   5.70722040  0.0
 0.24309640   5.69890568  0.0
 0.40036975   5.68732186  0.0
 0.55739099   5.67271052  0.0
 0.71412875   5.65531280  0.0
 0.87055417   5.63528979  0.0
 1.02666485   5.61293429  0.0
 1.18248114   5.58860083  0.0
 1.33802292   5.56256450  0.0
 1.49329497   5.53496137  0.0
 1.64832066   5.50600152  0.0
 1.80311191   5.47581134  0.0
 1.95768080   5.44449973  0.0
 2.11205655   5.41224535  0.0
 2.26626377   5.37919250  0.0
 2.42031616   5.34542370  0.0
 2.57423392   5.31104397  0.0
 2.72804267   5.27617881  0.0
 2.88173820   5.24081837  0.0
 3.03531522   5.20494659  0.0
 3.18878175   5.16860348  0.0
 3.34215074   5.13185031  0.0
 3.49543256   5.09473452  0.0
 3.64864516   5.05733197  0.0
 3.80180988   5.01973360  0.0
 3.95491180   4.98188166  0.0
 4.10793175   4.94370060  0.0
 4.26086089   4.90516044  0.0
 4.41361359   4.86593443  0.0
 4.56604723   4.82550308  0.0
 4.71727000   4.78239682  0.0
 4.71727000   4.75220112  0.0
;;

# interior:
# ---------
 4.71477000   4.75514202  0.0
 4.71477000   4.78050987  0.0
 4.56538404   4.82309254  0.0
 4.41298221   4.86351545  0.0
 4.26024452   4.90273761  0.0
 4.10732367   4.94127568  0.0
 3.95430917   4.97945537  0.0
 3.80121188   5.01730618  0.0
 3.64805071   5.05490367  0.0
 3.49484194   5.09230529  0.0
 3.34156526   5.12941983  0.0
 3.18820240   5.16617154  0.0
 3.03474285   5.20251299  0.0
 2.88117362   5.23838295  0.0
 2.72748607   5.27374155  0.0
 2.57368509   5.30860496  0.0
 2.41977602   5.34298275  0.0
 2.26573414   5.37674923  0.0
 2.11153892   5.40979952  0.0
 1.95717697   5.44205101  0.0
 1.80262444   5.47335931  0.0
 1.64785182   5.50354585  0.0
 1.49284664   5.53250188  0.0
 1.33759775   5.56010088  0.0
 1.18208188   5.58613288  0.0
 1.02629477   5.61046178  0.0
 0.87021824   5.63281239  0.0
 0.71383212   5.65283037  0.0
 0.55713725   5.67022333  0.0
 0.40016210   5.68483038  0.0
 0.24293866   5.69641052  0.0
 0.08551243   5.70472242  0.0
-0.07205001   5.70954070  0.0
-0.22968028   5.71064678  0.0
-0.38729148   5.70797181  0.0
-0.54478823   5.70144709  0.0
-0.70206472   5.69093424  0.0
-0.85899753   5.67621019  0.0
-1.01544023   5.65701525  0.0
-1.17122312   5.63307705  0.0
-1.32619290   5.60434485  0.0
-1.48019904   5.57083501  0.0
-1.63306197   5.53246475  0.0
-1.78455902   5.48903620  0.0
-1.93439782   5.44022866  0.0
-2.08218955   5.38558082  0.0
-2.22740173   5.32445567  0.0
-2.36924151   5.25595930  0.0
-2.50649494   5.17878893  0.0
-2.63703092   5.09092565  0.0
-2.75622301   4.98875423  0.0
-2.84606952   4.86155209  0.0
-2.86398344   4.76712644  0.0
-2.85480496   4.70959844  0.0
-2.76796089   4.58100064  0.0
-2.64804028   4.47982613  0.0
-2.51551228   4.39507850  0.0
-2.37621237   4.32166806  0.0
-2.23272269   4.25666011  0.0
-2.08626050   4.19857354  0.0
-1.93746405   4.14670998  0.0
-1.78675180   4.10067702  0.0
-1.63442907   4.06026853  0.0
-1.48075420   4.02533693  0.0
-1.32595329   3.99578085  0.0
-1.17021902   3.97163775  0.0
-1.01372070   3.95312713  0.0
-0.85663758   3.94059924  0.0
-0.69918321   3.93427634  0.0
-0.54159811   3.93407091  0.0
-0.38410162   3.93967309  0.0
-0.22686989   3.95055311  0.0
-0.07002124   3.96610888  0.0
 0.08636486   3.98583442  0.0
 0.24224949   4.00931704  0.0
 0.39759647   4.03615980  0.0
 0.55239463   4.06602562  0.0
 0.70664442   4.09863542  0.0
 0.86037607   4.13364223  0.0
 1.01363742   4.17068343  0.0
 1.16648203   4.20943365  0.0
 1.31896004   4.24962301  0.0
 1.47111903   4.29101947  0.0
 1.62302628   4.33335564  0.0
 1.77475457   4.37635434  0.0
 1.92639128   4.41969885  0.0
 2.07803577   4.46302734  0.0
 2.07803907   4.46302828  0.0
 2.07804066   4.46302873  0.0
 2.07804396   4.46302966  0.0
 2.22980610   4.50594101  0.0
 2.22981269   4.50594287  0.0
 2.22981586   4.50594375  0.0
 2.22982246   4.50594559  0.0
 2.38181789   4.54802486  0.0
 2.38182792   4.54802762  0.0
 2.38183274   4.54802893  0.0
 2.38184278   4.54803164  0.0
 2.53418245   4.58884488  0.0
 2.53419619   4.58884852  0.0
 2.53420279   4.58885025  0.0
 2.53421655   4.58885381  0.0
 2.68701014   4.62793240  0.0
 2.68702794   4.62793689  0.0
 2.68703649   4.62793901  0.0
 2.68705432   4.62794336  0.0
 2.84040474   4.66477433  0.0
 2.84042709   4.66477959  0.0
 2.84043783   4.66478206  0.0
 2.84046023   4.66478712  0.0
 2.99445958   4.69879486  0.0
 2.99448659   4.69880066  0.0
 2.99449957   4.69880338  0.0
 2.99452664   4.69880889  0.0
 3.14923983   4.72940532  0.0
 3.14927136   4.72941135  0.0
 3.14928651   4.72941414  0.0
 3.14931812   4.72941976  0.0
 3.30476407   4.75603290  0.0
 3.30479925   4.75603866  0.0
 3.30481616   4.75604131  0.0
 3.30485141   4.75604657  0.0
 3.46099222   4.77821624  0.0
 3.46103014   4.77822133  0.0
 3.46104836   4.77822364  0.0
 3.46108635   4.77822814  0.0
 3.61783239   4.79560910  0.0
 3.61787392   4.79561336  0.0
 3.61789387   4.79561523  0.0
 3.61793547   4.79561879  0.0
 3.77517220   4.80775567  0.0
 3.77521654   4.80775869  0.0
 3.77523784   4.80775996  0.0
 3.77528223   4.80776219  0.0
 3.93285065   4.81430152  0.0
 3.93289710   4.81430301  0.0
 3.93291940   4.81430352  0.0
 3.93296587   4.81430415  0.0
 4.09066776   4.81498159  0.0
 4.09071551   4.81498134  0.0
 4.09073842   4.81498100  0.0
 4.09078615   4.81497984  0.0
 4.24839874   4.80963477  0.0
 4.24844760   4.80963263  0.0
 4.24847105   4.80963138  0.0
 4.24851986   4.80962829  0.0
 4.40580211   4.79812179  0.0
 4.40585477   4.79811738  0.0
 4.40588002   4.79811499  0.0
 4.40593258   4.79810947  0.0
 4.56258465   4.77996587  0.0
 4.56264219   4.77995853  0.0
 4.56266976   4.77995469  0.0
 4.56272711   4.77994601  0.0
 4.71477000   4.75514202  0.0
;;

