# exterior:
# ---------
-0.83900000   5.64494150  0.0
-0.83900000   3.97291756  0.0
-0.85466299   3.97354654  0.0
-1.01046965   3.98597263  0.0
-1.16575169   4.00433939  0.0
-1.32032938   4.02830319  0.0
-1.47400041   4.05764354  0.0
-1.62653843   4.09231673  0.0
-1.77769798   4.13241664  0.0
-1.92720958   4.17808288  0.0
-2.07474174   4.22950576  0.0
-2.21982328   4.28704477  0.0
-2.36169777   4.35132097  0.0
-2.49890130   4.42362663  0.0
-2.62842613   4.50645381  0.0
-2.74317800   4.60326758  0.0
-2.82336821   4.72201239  0.0
-2.83048784   4.76663617  0.0
-2.81498288   4.84836401  0.0
-2.73163373   4.96636736  0.0
-2.61701153   5.06462148  0.0
-2.48916712   5.15067307  0.0
-2.35396490   5.22669014  0.0
-2.21381606   5.29436995  0.0
-2.07005975   5.35488227  0.0
-1.92356090   5.40905205  0.0
-1.77489880   5.45747629  0.0
-1.62449574   5.50059124  0.0
-1.47267198   5.53870065  0.0
-1.31967531   5.57199085  0.0
-1.16570785   5.60053721  0.0
-1.01092373   5.62432194  0.0
-0.85544606   5.64339847  0.0
-0.83900000   5.64494150  0.0
;;

# interior:
# ---------
-0.84400000   5.63945042  0.0
-0.85490796   5.63842700  0.0
-1.01023941   5.61936840  0.0
-1.16487220   5.59560693  0.0
-1.31868779   5.56708873  0.0
-1.47153152   5.53383181  0.0
-1.62319782   5.49576192  0.0
-1.77343514   5.45269449  0.0
-1.92191894   5.40432832  0.0
-2.06822190   5.35023097  0.0
-2.21175763   5.28981150  0.0
-2.35165027   5.22225542  0.0
-2.48654169   5.14641309  0.0
-2.61397829   5.06063599  0.0
-2.72790809   4.96297541  0.0
-2.81027278   4.84636581  0.0
-2.82541275   4.76656189  0.0
-2.81860506   4.72389329  0.0
-2.73942302   4.60664135  0.0
-2.62545428   4.51048831  0.0
-2.49638449   4.42795210  0.0
-2.35949859   4.35581384  0.0
-2.21786882   4.29164851  0.0
-2.07299648   4.23419247  0.0
-1.92565587   4.18283635  0.0
-1.77632619   4.13722568  0.0
-1.62534288   4.09717252  0.0
-1.47297711   4.06253849  0.0
-1.31947727   4.03323081  0.0
-1.16507483   4.00929419  0.0
-1.00997706   3.99094922  0.0
-0.85436381   3.97853856  0.0
-0.84400000   3.97812238  0.0
-0.84400000   5.63945042  0.0
;;

