# exterior:
# ---------
 4.44634224   4.82362973  0.0
 4.40938414   4.82791025  0.0
 4.40875344   4.82797655  0.0
 4.40862296   4.82798887  0.0
 4.40799100   4.82804183  0.0
 4.25070876   4.83954833  0.0
 4.25012301   4.83958542  0.0
 4.25000189   4.83959190  0.0
 4.24941554   4.83961753  0.0
 4.09180295   4.84496261  0.0
 4.09123019   4.84497656  0.0
 4.09111181   4.84497831  0.0
 4.09053889   4.84498132  0.0
 3.93283700   4.84430388  0.0
 3.93227933   4.84429630  0.0
 3.93216411   4.84429366  0.0
 3.93160667   4.84427571  0.0
 3.77403826   4.83773639  0.0
 3.77350557   4.83770954  0.0
 3.77339554   4.83770301  0.0
 3.77286341   4.83766669  0.0
 3.71787000   4.83342183  0.0
 3.71787000   4.86351107  0.0
 3.77055462   4.86757772  0.0
 3.77082061   4.86759706  0.0
 3.77135273   4.86763338  0.0
 3.77161888   4.86765036  0.0
 3.77172891   4.86765688  0.0
 3.77199519   4.86767149  0.0
 3.77252788   4.86769835  0.0
 3.77279428   4.86771059  0.0
 3.93036270   4.87424991  0.0
 3.93064137   4.87426018  0.0
 3.93119881   4.87427813  0.0
 3.93147757   4.87428580  0.0
 3.93159279   4.87428844  0.0
 3.93187161   4.87429353  0.0
 3.93242928   4.87430111  0.0
 3.93270814   4.87430360  0.0
 4.09041002   4.87498104  0.0
 4.09069649   4.87498090  0.0
 4.09126940   4.87497789  0.0
 4.09155585   4.87497502  0.0
 4.09167424   4.87497327  0.0
 4.09196065   4.87496766  0.0
 4.09253340   4.87495371  0.0
 4.09281974   4.87494537  0.0
 4.13000216   4.87368441  0.0
 4.09272964   4.88307758  0.0
 3.93984610   4.92122459  0.0
 3.78685968   4.95904799  0.0
 3.71787000   4.97598334  0.0
 3.71787000   5.00687400  0.0
 3.79403578   4.98817708  0.0
 3.94707763   4.95033998  0.0
 4.10002666   4.91217663  0.0
 4.25284803   4.87366363  0.0
 4.40540562   4.83448772  0.0
 4.44634224   4.82362973  0.0
;;

