# exterior:
# ---------
 0.75000000   4.10850808  0.0
 0.70664442   4.09863542  0.0
 0.55239463   4.06602562  0.0
 0.39759647   4.03615980  0.0
 0.24224949   4.00931704  0.0
 0.08636486   3.98583442  0.0
-0.07002124   3.96610888  0.0
-0.22686989   3.95055311  0.0
-0.38410162   3.93967309  0.0
-0.54159811   3.93407091  0.0
-0.69918321   3.93427634  0.0
-0.75000000   3.93631699  0.0
-0.75000000   3.99236212  0.0
-0.69802278   3.99027487  0.0
-0.54255727   3.99007221  0.0
-0.38703068   3.99560432  0.0
-0.23156723   4.00636198  0.0
-0.07628972   4.02176193  0.0
 0.07868889   4.04130993  0.0
 0.23331003   4.06460222  0.0
 0.38752365   4.09124914  0.0
 0.54129798   4.12091744  0.0
 0.69463541   4.15333435  0.0
 0.75000000   4.16594163  0.0
 0.75000000   4.10850808  0.0
;;

