# exterior:
# ---------
-0.75000000   5.68643676  0.0
-0.70206472   5.69093424  0.0
-0.54478823   5.70144709  0.0
-0.38729148   5.70797181  0.0
-0.22968028   5.71064678  0.0
-0.07205001   5.70954070  0.0
 0.08551243   5.70472242  0.0
 0.24293866   5.69641052  0.0
 0.40016210   5.68483038  0.0
 0.55713725   5.67022333  0.0
 0.71383212   5.65283037  0.0
 0.75000000   5.64820075  0.0
 0.75000000   5.59174384  0.0
 0.70718756   5.59722398  0.0
 0.55145352   5.61451030  0.0
 0.39551064   5.62902129  0.0
 0.23940523   5.64051908  0.0
 0.08317999   5.64876757  0.0
-0.07310247   5.65354671  0.0
-0.22940157   5.65464345  0.0
-0.38565711   5.65199148  0.0
-0.54176133   5.64552445  0.0
-0.69758089   5.63510899  0.0
-0.75000000   5.63019082  0.0
-0.75000000   5.68643676  0.0
;;

