# exterior:
# ---------
-0.83600000   5.64823615  0.0
-0.83600000   3.96979467  0.0
-0.85484250   3.97055133  0.0
-1.01076520   3.98298667  0.0
-1.16615781   4.00136652  0.0
-1.32084064   4.02534661  0.0
-1.47461439   4.05470658  0.0
-1.62725576   4.08940326  0.0
-1.77852106   4.12953122  0.0
-1.92814180   4.17523080  0.0
-2.07578890   4.22669374  0.0
-2.22099595   4.28428253  0.0
-2.36301728   4.34862525  0.0
-2.50041139   4.42103134  0.0
-2.63020923   4.50403311  0.0
-2.74543099   4.60124331  0.0
-2.82622609   4.72088385  0.0
-2.83353290   4.76668074  0.0
-2.81780894   4.84956292  0.0
-2.73386912   4.96840253  0.0
-2.61883148   5.06701276  0.0
-2.49074238   5.15322906  0.0
-2.35535369   5.22935098  0.0
-2.21505112   5.29710501  0.0
-2.07116246   5.35767305  0.0
-1.92454608   5.41188628  0.0
-1.77577701   5.46034538  0.0
-1.62527449   5.50348883  0.0
-1.47335626   5.54162196  0.0
-1.32026782   5.57493212  0.0
-1.16620923   5.60349538  0.0
-1.01133432   5.62729405  0.0
-0.85576892   5.64638135  0.0
-0.83600000   5.64823615  0.0
;;

# interior:
# ---------
-0.83900000   5.64494150  0.0
-0.85544606   5.64339847  0.0
-1.01092373   5.62432194  0.0
-1.16570785   5.60053721  0.0
-1.31967531   5.57199085  0.0
-1.47267198   5.53870065  0.0
-1.62449574   5.50059124  0.0
-1.77489880   5.45747629  0.0
-1.92356090   5.40905205  0.0
-2.07005975   5.35488227  0.0
-2.21381606   5.29436995  0.0
-2.35396490   5.22669014  0.0
-2.48916712   5.15067307  0.0
-2.61701153   5.06462148  0.0
-2.73163373   4.96636736  0.0
-2.81498288   4.84836401  0.0
-2.83048784   4.76663617  0.0
-2.82336821   4.72201239  0.0
-2.74317800   4.60326758  0.0
-2.62842613   4.50645381  0.0
-2.49890130   4.42362663  0.0
-2.36169777   4.35132097  0.0
-2.21982328   4.28704477  0.0
-2.07474174   4.22950576  0.0
-1.92720958   4.17808288  0.0
-1.77769798   4.13241664  0.0
-1.62653843   4.09231673  0.0
-1.47400041   4.05764354  0.0
-1.32032938   4.02830319  0.0
-1.16575169   4.00433939  0.0
-1.01046965   3.98597263  0.0
-0.85466299   3.97354654  0.0
-0.83900000   3.97291756  0.0
-0.83900000   5.64494150  0.0
;;

