# exterior:
# ---------
 0.83600000   5.63719245  0.0
 0.87021824   5.63281239  0.0
 1.02629477   5.61046178  0.0
 1.18208188   5.58613288  0.0
 1.33759775   5.56010088  0.0
 1.49284664   5.53250188  0.0
 1.64785182   5.50354585  0.0
 1.80262444   5.47335931  0.0
 1.95717697   5.44205101  0.0
 2.11153892   5.40979952  0.0
 2.26573414   5.37674923  0.0
 2.41977602   5.34298275  0.0
 2.43654667   5.33923678  0.0
 2.43654667   5.30849752  0.0
 2.41329431   5.31369126  0.0
 2.25937861   5.34743009  0.0
 2.10532741   5.38044951  0.0
 1.95113103   5.41266641  0.0
 1.79677478   5.44393495  0.0
 1.64222582   5.47407787  0.0
 1.48746666   5.50298793  0.0
 1.33249578   5.53053751  0.0
 1.17729086   5.55651746  0.0
 1.02185378   5.58079170  0.0
 0.86618715   5.60308361  0.0
 0.83600000   5.60694767  0.0
 0.83600000   5.63719245  0.0
;;

