# exterior:
# ---------
 0.83900000   4.16261937  0.0
 0.83900000   5.60353918  0.0
 0.86578404   5.60011073  0.0
 1.02140968   5.57782469  0.0
 1.17681176   5.55355591  0.0
 1.33198558   5.52758118  0.0
 1.48692866   5.50003654  0.0
 1.64166321   5.47113107  0.0
 1.79618981   5.44099251  0.0
 1.95052644   5.40972795  0.0
 2.10470626   5.37751451  0.0
 2.25874306   5.34449818  0.0
 2.41264614   5.31076211  0.0
 2.43354667   5.30609368  0.0
 2.43354667   4.59604738  0.0
 2.37330293   4.57990751  0.0
 2.37329690   4.57990589  0.0
 2.37317644   4.57987335  0.0
 2.37317042   4.57987171  0.0
 2.37314553   4.57986494  0.0
 2.37313952   4.57986329  0.0
 2.37301919   4.57983025  0.0
 2.37301317   4.57982859  0.0
 2.22101774   4.53774931  0.0
 2.22101378   4.53774822  0.0
 2.22093460   4.53772618  0.0
 2.22093064   4.53772507  0.0
 2.22091428   4.53772050  0.0
 2.22091032   4.53771939  0.0
 2.22083120   4.53769713  0.0
 2.22082725   4.53769602  0.0
 2.06906313   4.49478411  0.0
 2.06902149   4.49477230  0.0
 2.06901131   4.49476941  0.0
 2.06896968   4.49475754  0.0
 1.91732488   4.45142897  0.0
 1.76572094   4.40809383  0.0
 1.61409773   4.36512491  0.0
 1.46235770   4.32283534  0.0
 1.31042299   4.28149989  0.0
 1.15822158   4.24138344  0.0
 1.00570605   4.20271665  0.0
 0.85283602   4.16577002  0.0
 0.83900000   4.16261937  0.0
;;

# interior:
# ---------
 0.84400000   4.16888594  0.0
 0.85169359   4.17063787  0.0
 1.00450432   4.20757017  0.0
 1.15696999   4.24622432  0.0
 1.30912950   4.28632973  0.0
 1.46103022   4.32765592  0.0
 1.61274492   4.36993843  0.0
 1.76435221   4.41290284  0.0
 1.91595123   4.45623657  0.0
 2.06759926   4.49956607  0.0
 2.06764395   4.49957881  0.0
 2.06765767   4.49958271  0.0
 2.06770270   4.49959547  0.0
 2.21947011   4.54250831  0.0
 2.21947736   4.54251035  0.0
 2.21955978   4.54253354  0.0
 2.21956703   4.54253557  0.0
 2.21958669   4.54254107  0.0
 2.21959395   4.54254309  0.0
 2.21967643   4.54256605  0.0
 2.21968369   4.54256806  0.0
 2.37167912   4.58464733  0.0
 2.37168413   4.58464872  0.0
 2.37169015   4.58465038  0.0
 2.37169516   4.58465176  0.0
 2.37181549   4.58468480  0.0
 2.37182051   4.58468617  0.0
 2.37182652   4.58468782  0.0
 2.37183154   4.58468919  0.0
 2.37185642   4.58469597  0.0
 2.37186144   4.58469733  0.0
 2.37186746   4.58469896  0.0
 2.37187248   4.58470032  0.0
 2.37199295   4.58473287  0.0
 2.37199797   4.58473422  0.0
 2.37200399   4.58473584  0.0
 2.37200901   4.58473719  0.0
 2.42854667   4.59988416  0.0
 2.42854667   5.30208729  0.0
 2.41156586   5.30588020  0.0
 2.25768380   5.33961165  0.0
 2.10367100   5.37262284  0.0
 1.94951878   5.40483051  0.0
 1.79521487   5.43608845  0.0
 1.64072555   5.46621974  0.0
 1.48603200   5.49511755  0.0
 1.33113526   5.52265395  0.0
 1.17601326   5.54862001  0.0
 1.02066952   5.57287968  0.0
 0.86511220   5.59515593  0.0
 0.84400000   5.59785837  0.0
 0.84400000   4.16888594  0.0
;;

