# exterior:
# ---------
 3.25685000  -4.75635622  0.0
 3.19594114  -4.76411539  0.0
 3.19591899  -4.76411863  0.0
 3.04546740  -4.78901950  0.0
 3.04544825  -4.78902299  0.0
 2.89588344  -4.81879091  0.0
 2.89586621  -4.81879461  0.0
 2.75555000  -4.85103251  0.0
 2.75555000  -4.84846737  0.0
 2.89530641  -4.81635809  0.0
 2.89534225  -4.81635013  0.0
 2.89535948  -4.81634644  0.0
 2.89539544  -4.81633901  0.0
 3.04496025  -4.78657109  0.0
 3.04500008  -4.78656349  0.0
 3.04501923  -4.78656000  0.0
 3.04505919  -4.78655306  0.0
 3.19551078  -4.76165219  0.0
 3.19555686  -4.76164500  0.0
 3.19557901  -4.76164176  0.0
 3.19562522  -4.76163543  0.0
 3.25685000  -4.75383602  0.0
 3.25685000  -4.75635622  0.0
;;

