# exterior:
# ---------
 3.25685000  -4.54741996  0.0
 3.25685000  -4.54741996  0.0
 3.25685000  -4.55051190  0.0
 3.25612388  -4.55033076  0.0
 3.25612388  -4.55033076  0.0
 3.20997974  -4.53881984  0.0
 3.06204595  -4.50211433  0.0
 2.91407330  -4.46567934  0.0
 2.76604485  -4.42957913  0.0
 2.75855000  -4.42777272  0.0
 2.75555000  -4.42396375  0.0
 2.76675171  -4.42666359  0.0
 2.91478733  -4.46276555  0.0
 3.06276581  -4.49920197  0.0
 3.21070402  -4.53590859  0.0
 3.25685000  -4.54741996  0.0
;;

