# exterior:
# ---------
 3.69224935  -4.67307975  0.0
 3.65186477  -4.67286255  0.0
 3.65150883  -4.67286275  0.0
 3.65103426  -4.67286583  0.0
 3.65067835  -4.67287025  0.0
 3.65053126  -4.67287295  0.0
 3.65017543  -4.67288159  0.0
 3.64970107  -4.67289593  0.0
 3.64934536  -4.67290879  0.0
 3.49698729  -4.67932392  0.0
 3.49666000  -4.67933949  0.0
 3.49622373  -4.67936264  0.0
 3.49589663  -4.67938178  0.0
 3.49576148  -4.67939043  0.0
 3.49543461  -4.67941315  0.0
 3.49499895  -4.67944582  0.0
 3.49467234  -4.67947211  0.0
 3.34273958  -4.69253534  0.0
 3.34243382  -4.69256321  0.0
 3.34202633  -4.69260245  0.0
 3.34172086  -4.69263344  0.0
 3.34159468  -4.69264690  0.0
 3.34128955  -4.69268102  0.0
 3.34088295  -4.69272859  0.0
 3.34057818  -4.69276583  0.0
 3.25685000  -4.70343195  0.0
 3.25685000  -4.70040770  0.0
 3.34019908  -4.68978988  0.0
 3.34021431  -4.68978798  0.0
 3.34051908  -4.68975074  0.0
 3.34053432  -4.68974892  0.0
 3.34094092  -4.68970134  0.0
 3.34095617  -4.68969960  0.0
 3.34126130  -4.68966548  0.0
 3.34127656  -4.68966381  0.0
 3.34140275  -4.68965036  0.0
 3.34141802  -4.68964877  0.0
 3.34172348  -4.68961777  0.0
 3.34173876  -4.68961626  0.0
 3.34214625  -4.68957702  0.0
 3.34216153  -4.68957559  0.0
 3.34246730  -4.68954772  0.0
 3.34248259  -4.68954637  0.0
 3.49441535  -4.67648313  0.0
 3.49443168  -4.67648177  0.0
 3.49475829  -4.67645549  0.0
 3.49477462  -4.67645422  0.0
 3.49521027  -4.67642155  0.0
 3.49522661  -4.67642037  0.0
 3.49555349  -4.67639765  0.0
 3.49556984  -4.67639656  0.0
 3.49570498  -4.67638791  0.0
 3.49572134  -4.67638691  0.0
 3.49604844  -4.67636776  0.0
 3.49606480  -4.67636685  0.0
 3.49650106  -4.67634371  0.0
 3.49651742  -4.67634288  0.0
 3.49684472  -4.67632731  0.0
 3.49686108  -4.67632658  0.0
 3.64921916  -4.66991145  0.0
 3.64923694  -4.66991075  0.0
 3.64959265  -4.66989789  0.0
 3.64961043  -4.66989730  0.0
 3.65008480  -4.66988296  0.0
 3.65010259  -4.66988247  0.0
 3.65045842  -4.66987383  0.0
 3.65047621  -4.66987345  0.0
 3.65062330  -4.66987075  0.0
 3.65064109  -4.66987048  0.0
 3.65099701  -4.66986606  0.0
 3.65101480  -4.66986589  0.0
 3.65148937  -4.66986281  0.0
 3.65150717  -4.66986275  0.0
 3.65186311  -4.66986255  0.0
 3.65188090  -4.66986259  0.0
 3.69224935  -4.67007970  0.0
 3.69224935  -4.67307975  0.0
;;

