# exterior:
# ---------
-0.83600000  -5.84178892  0.0
-0.91959733  -5.84275585  0.0
-1.07185495  -5.83524509  0.0
-1.22332769  -5.81810803  0.0
-1.37348242  -5.79175359  0.0
-1.52194487  -5.75709525  0.0
-1.66847902  -5.71499816  0.0
-1.81286225  -5.66602213  0.0
-1.95483580  -5.61044663  0.0
-2.09404912  -5.54828283  0.0
-2.23016928  -5.47961011  0.0
-2.36282311  -5.40446183  0.0
-2.49132668  -5.32244009  0.0
-2.61464336  -5.23282850  0.0
-2.73108153  -5.13448630  0.0
-2.83711262  -5.02511423  0.0
-2.92344729  -4.90000392  0.0
-2.95754821  -4.76904506  0.0
-2.95718614  -4.75352332  0.0
-2.90868121  -4.61105437  0.0
-2.81251803  -4.49328964  0.0
-2.69806642  -4.39277435  0.0
-2.57358562  -4.30485588  0.0
-2.44241851  -4.22720471  0.0
-2.30642873  -4.15831221  0.0
-2.16677214  -4.09716958  0.0
-2.02425388  -4.04300811  0.0
-1.87944073  -3.99530506  0.0
-1.73275662  -3.95370355  0.0
-1.58453571  -3.91795019  0.0
-1.43503491  -3.88800044  0.0
-1.28446292  -3.86401526  0.0
-1.13304701  -3.84610788  0.0
-0.98106486  -3.83384317  0.0
-0.83600000  -3.82687046  0.0
-0.83600000  -3.82937335  0.0
-0.98090426  -3.83633833  0.0
-1.13279957  -3.84859604  0.0
-1.28411933  -3.86649204  0.0
-1.43459256  -3.89046149  0.0
-1.58399686  -3.92039191  0.0
-1.73212219  -3.95612222  0.0
-1.87870826  -3.99769593  0.0
-2.02341831  -4.04536502  0.0
-2.16582619  -4.09948453  0.0
-2.30536168  -4.16057414  0.0
-2.44121554  -4.22939779  0.0
-2.57222551  -4.30695594  0.0
-2.69651611  -4.39474007  0.0
-2.81071265  -4.49503135  0.0
-2.90645982  -4.61228661  0.0
-2.95469577  -4.75396553  0.0
-2.95504073  -4.76875362  0.0
-2.92113912  -4.89894707  0.0
-2.83517301  -5.02352329  0.0
-2.72937326  -5.13265673  0.0
-2.61309993  -5.23085970  0.0
-2.48991804  -5.32037334  0.0
-2.36153355  -5.40231908  0.0
-2.22898944  -5.47740521  0.0
-2.09297582  -5.54602417  0.0
-1.95386995  -5.60813999  0.0
-1.81200461  -5.66367313  0.0
-1.66773192  -5.71261168  0.0
-1.52131516  -5.75467503  0.0
-1.37298178  -5.78930325  0.0
-1.22297074  -5.81563247  0.0
-1.07165263  -5.83275203  0.0
-0.91955016  -5.84025514  0.0
-0.83600000  -5.83928875  0.0
-0.83600000  -5.84178892  0.0
;;

