# exterior:
# ---------
 4.25685000  -4.78599437  0.0
 4.10751941  -4.75520583  0.0
 3.95627084  -4.73593731  0.0
 3.80406444  -4.72678187  0.0
 3.65157919  -4.72596178  0.0
 3.49922112  -4.73237691  0.0
 3.34728836  -4.74544015  0.0
 3.19601696  -4.76471058  0.0
 3.04556537  -4.78961145  0.0
 2.89600056  -4.81937937  0.0
 2.74737322  -4.85352677  0.0
 2.59966903  -4.89147788  0.0
 2.45280912  -4.93257536  0.0
 2.30667734  -4.97619550  0.0
 2.16115497  -5.02180114  0.0
 2.01613290  -5.06898754  0.0
 1.87150489  -5.11736984  0.0
 1.72716636  -5.16660248  0.0
 1.58301873  -5.21639411  0.0
 1.43897271  -5.26647986  0.0
 1.29494025  -5.31660440  0.0
 1.15083196  -5.36650944  0.0
 1.00655747  -5.41592997  0.0
 0.86202653  -5.46459665  0.0
 0.71718687  -5.51233644  0.0
 0.57197307  -5.55892492  0.0
 0.42628258  -5.60400031  0.0
 0.27999415  -5.64709159  0.0
 0.13299925  -5.68770677  0.0
-0.01477603  -5.72538306  0.0
-0.16340950  -5.75950158  0.0
-0.31300316  -5.78912736  0.0
-0.46356275  -5.81334777  0.0
-0.61500310  -5.83121322  0.0
-0.76713578  -5.84159244  0.0
-0.91960865  -5.84335603  0.0
-1.07190350  -5.83584343  0.0
-1.22341336  -5.81870217  0.0
-1.37360258  -5.79234168  0.0
-1.52209600  -5.75767610  0.0
-1.66865832  -5.71557092  0.0
-1.81306809  -5.66658588  0.0
-1.95506760  -5.61100023  0.0
-2.09430671  -5.54882491  0.0
-2.23045244  -5.48013929  0.0
-2.36313260  -5.40497609  0.0
-2.49166475  -5.32293611  0.0
-2.61501378  -5.23330101  0.0
-2.73149151  -5.13492540  0.0
-2.83757813  -5.02549606  0.0
-2.92400125  -4.90025757  0.0
-2.95815000  -4.76911500  0.0
-2.95778382  -4.75341719  0.0
-2.90921434  -4.61075863  0.0
-2.81295132  -4.49287163  0.0
-2.69843849  -4.39230258  0.0
-2.57391204  -4.30435187  0.0
-2.44270723  -4.22667837  0.0
-2.30668483  -4.15776935  0.0
-2.16699917  -4.09661399  0.0
-2.02445442  -4.04244246  0.0
-1.87961653  -3.99473126  0.0
-1.73290888  -3.95312307  0.0
-1.58466504  -3.91736418  0.0
-1.43514108  -3.88740979  0.0
-1.28454538  -3.86342083  0.0
-1.13310640  -3.84551072  0.0
-0.98110341  -3.83324433  0.0
-0.82878062  -3.82592276  0.0
-0.67630873  -3.82295699  0.0
-0.52381103  -3.82391575  0.0
-0.37137789  -3.82844596  0.0
-0.21908001  -3.83628412  0.0
-0.06696498  -3.84718120  0.0
 0.08492319  -3.86087352  0.0
 0.23655948  -3.87711141  0.0
 0.38793334  -3.89563782  0.0
 0.53903719  -3.91625287  0.0
 0.68986803  -3.93877130  0.0
 0.84043567  -3.96299905  0.0
 0.99075317  -3.98873791  0.0
 1.14082487  -4.01586755  0.0
 1.29066383  -4.04425538  0.0
 1.44028372  -4.07377640  0.0
 1.58969318  -4.10434312  0.0
 1.73890878  -4.13584405  0.0
 1.88794821  -4.16817076  0.0
 2.03682509  -4.20123630  0.0
 2.18555472  -4.23495828  0.0
 2.33415749  -4.26923497  0.0
 2.48263889  -4.30403345  0.0
 2.63100384  -4.33932507  0.0
 2.77926316  -4.37505856  0.0
 2.92742558  -4.41119145  0.0
 3.07550732  -4.44765329  0.0
 3.22352390  -4.48437935  0.0
 3.37149420  -4.52129138  0.0
 3.51941771  -4.55839029  0.0
 3.66728962  -4.59569447  0.0
 3.81509616  -4.63325664  0.0
 3.96274136  -4.67144762  0.0
 4.11003120  -4.71098393  0.0
 4.25685000  -4.75223563  0.0
 4.25685000  -4.78599437  0.0
;;

# interior:
# ---------
 4.25625000  -4.78525804  0.0
 4.25625000  -4.75269028  0.0
 4.10987227  -4.71156251  0.0
 3.96258846  -4.67202782  0.0
 3.81494714  -4.63383784  0.0
 3.66714234  -4.59627612  0.0
 3.51927135  -4.55897216  0.0
 3.37134861  -4.52187345  0.0
 3.22337904  -4.48496161  0.0
 3.07536335  -4.44823576  0.0
 2.92728277  -4.41177421  0.0
 2.77912179  -4.37564167  0.0
 2.63086412  -4.33990858  0.0
 2.48250101  -4.30461740  0.0
 2.33402160  -4.26981939  0.0
 2.18542095  -4.23554318  0.0
 2.03669371  -4.20182174  0.0
 1.88781957  -4.16875681  0.0
 1.73878322  -4.13643077  0.0
 1.58957108  -4.10493057  0.0
 1.44016551  -4.07436464  0.0
 1.29054991  -4.04484447  0.0
 1.14071566  -4.01645753  0.0
 0.99064916  -3.98932883  0.0
 0.84033738  -3.96359095  0.0
 0.68977607  -3.93936422  0.0
 0.53895233  -3.91684685  0.0
 0.38785634  -3.89623287  0.0
 0.23649109  -3.87770752  0.0
 0.08486431  -3.86147065  0.0
-0.06701335  -3.84777927  0.0
-0.21911687  -3.83688302  0.0
-0.37140222  -3.82904550  0.0
-0.52382183  -3.82451569  0.0
-0.67630478  -3.82355702  0.0
-0.82876038  -3.82652248  0.0
-0.98106486  -3.83384317  0.0
-1.13304701  -3.84610788  0.0
-1.28446292  -3.86401526  0.0
-1.43503491  -3.88800044  0.0
-1.58453571  -3.91795019  0.0
-1.73275662  -3.95370355  0.0
-1.87944073  -3.99530506  0.0
-2.02425388  -4.04300811  0.0
-2.16677214  -4.09716958  0.0
-2.30642873  -4.15831221  0.0
-2.44241851  -4.22720471  0.0
-2.57358562  -4.30485588  0.0
-2.69806642  -4.39277435  0.0
-2.81251803  -4.49328964  0.0
-2.90868121  -4.61105437  0.0
-2.95718614  -4.75352332  0.0
-2.95754821  -4.76904506  0.0
-2.92344729  -4.90000392  0.0
-2.83711262  -5.02511423  0.0
-2.73108153  -5.13448630  0.0
-2.61464336  -5.23282850  0.0
-2.49132668  -5.32244009  0.0
-2.36282311  -5.40446183  0.0
-2.23016928  -5.47961011  0.0
-2.09404912  -5.54828283  0.0
-1.95483580  -5.61044663  0.0
-1.81286225  -5.66602213  0.0
-1.66847902  -5.71499816  0.0
-1.52194487  -5.75709525  0.0
-1.37348242  -5.79175359  0.0
-1.22332769  -5.81810803  0.0
-1.07185495  -5.83524509  0.0
-0.91959733  -5.84275585  0.0
-0.76715969  -5.84099268  0.0
-0.61505870  -5.83061562  0.0
-0.46364559  -5.81275338  0.0
-0.31310913  -5.78853669  0.0
-0.16353493  -5.75891477  0.0
-0.01491729  -5.72479988  0.0
 0.13284523  -5.68712684  0.0
 0.27982947  -5.64651461  0.0
 0.42610914  -5.60342591  0.0
 0.57179275  -5.55835265  0.0
 0.71700131  -5.51176585  0.0
 0.86183688  -5.46402741  0.0
 1.00636452  -5.41536184  0.0
 1.15063657  -5.36594214  0.0
 1.29474348  -5.31603759  0.0
 1.43877566  -5.26591314  0.0
 1.58282168  -5.21582739  0.0
 1.58282283  -5.21582699  0.0
 1.72697047  -5.16603536  0.0
 1.72697266  -5.16603461  0.0
 1.87131119  -5.11680196  0.0
 1.87131454  -5.11680083  0.0
 2.01594256  -5.06841854  0.0
 2.01594726  -5.06841699  0.0
 2.16096933  -5.02123058  0.0
 2.16097554  -5.02122860  0.0
 2.30649791  -4.97562296  0.0
 2.30650572  -4.97562057  0.0
 2.45263750  -4.93200043  0.0
 2.45264743  -4.93199756  0.0
 2.59950734  -4.89090008  0.0
 2.59951972  -4.89089675  0.0
 2.74722391  -4.85294565  0.0
 2.74723887  -4.85294201  0.0
 2.89586621  -4.81879461  0.0
 2.89588344  -4.81879091  0.0
 3.04544825  -4.78902299  0.0
 3.04546740  -4.78901950  0.0
 3.19591899  -4.76411863  0.0
 3.19594114  -4.76411539  0.0
 3.34721253  -4.74484496  0.0
 3.34723696  -4.74484235  0.0
 3.49916972  -4.73177912  0.0
 3.49919588  -4.73177744  0.0
 3.65155395  -4.72536231  0.0
 3.65158242  -4.72536179  0.0
 3.80406766  -4.72618188  0.0
 3.80410046  -4.72618296  0.0
 3.95630687  -4.73533840  0.0
 3.95634667  -4.73534212  0.0
 4.10759524  -4.75461064  0.0
 4.10764057  -4.75461819  0.0
 4.25625000  -4.78525804  0.0
;;

