# exterior:
# ---------
 0.75000000  -4.01539736  0.0
 0.75000000  -5.43192312  0.0
 0.69674419  -5.44947647  0.0
 0.55210756  -5.49587978  0.0
 0.40717455  -5.54072081  0.0
 0.26185223  -5.58352751  0.0
 0.11603044  -5.62381855  0.0
-0.03033764  -5.66113607  0.0
-0.17722747  -5.69485434  0.0
-0.32467677  -5.72405545  0.0
-0.47268810  -5.74786592  0.0
-0.62112849  -5.76537746  0.0
-0.75000000  -5.77416970  0.0
-0.75000000  -3.89050288  0.0
-0.67587370  -3.88906103  0.0
-0.52500076  -3.89000958  0.0
-0.37405870  -3.89449547  0.0
-0.22314068  -3.90226262  0.0
-0.07229432  -3.91306881  0.0
 0.07843637  -3.92665679  0.0
 0.22902505  -3.94278250  0.0
 0.37945034  -3.96119281  0.0
 0.52968906  -3.98168984  0.0
 0.67973704  -4.00409139  0.0
 0.75000000  -4.01539736  0.0
;;

# interior:
# ---------
 0.74700000  -4.01795322  0.0
 0.67927724  -4.00705599  0.0
 0.52926479  -3.98465974  0.0
 0.37906534  -3.96416808  0.0
 0.22868309  -3.94576303  0.0
 0.07814196  -3.92964241  0.0
-0.07253620  -3.91605917  0.0
-0.22332498  -3.90525710  0.0
-0.37418037  -3.89749318  0.0
-0.52505476  -3.89300930  0.0
-0.67585396  -3.89206121  0.0
-0.74700000  -3.89344509  0.0
-0.74700000  -5.77095805  0.0
-0.62140649  -5.76238946  0.0
-0.47310226  -5.74489398  0.0
-0.32520658  -5.72110211  0.0
-0.17785461  -5.69192028  0.0
-0.03104392  -5.65822017  0.0
 0.11526029  -5.62091894  0.0
 0.26102884  -5.58064261  0.0
 0.40630732  -5.53784882  0.0
 0.55120595  -5.49301842  0.0
 0.69581638  -5.44662352  0.0
 0.74700000  -5.42975317  0.0
 0.74700000  -4.01795322  0.0
;;

