# exterior:
# ---------
-0.83600000  -5.80928675  0.0
-0.91898408  -5.81024659  0.0
-1.06922487  -5.80283532  0.0
-1.21868737  -5.78592569  0.0
-1.36697400  -5.75989913  0.0
-1.51375857  -5.72563248  0.0
-1.65876670  -5.68397380  0.0
-1.80171294  -5.63548520  0.0
-1.94227985  -5.58046033  0.0
-2.08009625  -5.51892030  0.0
-2.21483131  -5.45094638  0.0
-2.34605888  -5.37660606  0.0
-2.47301441  -5.29557241  0.0
-2.59457879  -5.20723419  0.0
-2.70887401  -5.11070189  0.0
-2.81189768  -5.00443201  0.0
-2.89344110  -4.88626485  0.0
-2.92495099  -4.76525639  0.0
-2.92481139  -4.75927205  0.0
-2.87980313  -4.62707351  0.0
-2.78904814  -4.51593184  0.0
-2.67791247  -4.41832871  0.0
-2.55590424  -4.33215658  0.0
-2.42677985  -4.25571470  0.0
-2.29255696  -4.18771731  0.0
-2.15447476  -4.12726396  0.0
-2.01339150  -4.07364784  0.0
-1.86991854  -4.02638626  0.0
-1.72450906  -3.98514625  0.0
-1.57753060  -3.94969259  0.0
-1.42928438  -3.91999417  0.0
-1.27999629  -3.89621350  0.0
-1.12983028  -3.87845395  0.0
-0.97897704  -3.86628033  0.0
-0.83600000  -3.85940798  0.0
-0.83900000  -3.86255565  0.0
-0.97878431  -3.86927454  0.0
-1.12953335  -3.88143974  0.0
-1.27958399  -3.89918565  0.0
-1.42875356  -3.92294743  0.0
-1.57688398  -3.95262266  0.0
-1.72374774  -3.98804865  0.0
-1.86903957  -4.02925529  0.0
-2.01238882  -4.07647612  0.0
-2.15333962  -4.13004190  0.0
-2.29127649  -4.19043162  0.0
-2.42533628  -4.25834639  0.0
-2.55427211  -4.33467665  0.0
-2.67605210  -4.42068758  0.0
-2.78688169  -4.51802189  0.0
-2.87713746  -4.62855220  0.0
-2.92182296  -4.75980270  0.0
-2.92194201  -4.76490667  0.0
-2.89067130  -4.88499662  0.0
-2.80957015  -5.00252288  0.0
-2.70682408  -5.10850641  0.0
-2.59272667  -5.20487164  0.0
-2.47132405  -5.29309232  0.0
-2.34451142  -5.37403476  0.0
-2.21341550  -5.44830049  0.0
-2.07880830  -5.51620992  0.0
-1.94112084  -5.57769237  0.0
-1.80068377  -5.63266641  0.0
-1.65787017  -5.68111001  0.0
-1.51300291  -5.72272822  0.0
-1.36637323  -5.75695871  0.0
-1.21825903  -5.78295501  0.0
-1.06898209  -5.79984364  0.0
-0.91892747  -5.80724573  0.0
-0.83900000  -5.80632125  0.0
-0.83600000  -5.80928675  0.0
;;

