# exterior:
# ---------
 2.66955000  -4.87290318  0.0
 2.59951972  -4.89089675  0.0
 2.59950734  -4.89090008  0.0
 2.45264743  -4.93199756  0.0
 2.45263750  -4.93200043  0.0
 2.30650572  -4.97562057  0.0
 2.30649791  -4.97562296  0.0
 2.16097554  -5.02122860  0.0
 2.16096933  -5.02123058  0.0
 2.01594726  -5.06841699  0.0
 2.01594256  -5.06841854  0.0
 1.87131454  -5.11680083  0.0
 1.87131119  -5.11680196  0.0
 1.72697266  -5.16603461  0.0
 1.72697047  -5.16603536  0.0
 1.58282283  -5.21582699  0.0
 1.58282168  -5.21582739  0.0
 1.43877566  -5.26591314  0.0
 1.29474348  -5.31603759  0.0
 1.15063657  -5.36594214  0.0
 1.00636452  -5.41536184  0.0
 0.86183688  -5.46402741  0.0
 0.83600000  -5.47254336  0.0
 0.83600000  -5.46991106  0.0
 0.86104668  -5.46165556  0.0
 1.00556054  -5.41299463  0.0
 1.14982245  -5.36357841  0.0
 1.29392359  -5.31367585  0.0
 1.43795461  -5.26355181  0.0
 1.58200063  -5.21346606  0.0
 1.58200303  -5.21346522  0.0
 1.58200419  -5.21346482  0.0
 1.58200660  -5.21346399  0.0
 1.72615424  -5.16367236  0.0
 1.72615881  -5.16367079  0.0
 1.72616101  -5.16367003  0.0
 1.72616559  -5.16366846  0.0
 1.87050412  -5.11443582  0.0
 1.87051109  -5.11443345  0.0
 1.87051444  -5.11443232  0.0
 1.87052142  -5.11442998  0.0
 2.01514943  -5.06604768  0.0
 2.01515923  -5.06604443  0.0
 2.01516393  -5.06604287  0.0
 2.01517374  -5.06603966  0.0
 2.16019581  -5.01885326  0.0
 2.16020875  -5.01884909  0.0
 2.16021496  -5.01884710  0.0
 2.16022792  -5.01884300  0.0
 2.30575028  -4.97323736  0.0
 2.30576654  -4.97323233  0.0
 2.30577436  -4.97322994  0.0
 2.30579065  -4.97322501  0.0
 2.45192243  -4.92960488  0.0
 2.45194308  -4.92959881  0.0
 2.45195301  -4.92959594  0.0
 2.45197371  -4.92959005  0.0
 2.59883362  -4.88849257  0.0
 2.59885937  -4.88848551  0.0
 2.59887175  -4.88848219  0.0
 2.59889758  -4.88847540  0.0
 2.66955000  -4.87032197  0.0
 2.66955000  -4.87290318  0.0
;;

