# exterior:
# ---------
 0.83600000  -4.01611235  0.0
 0.98154893  -4.04103468  0.0
 1.13115947  -4.06808096  0.0
 1.28058214  -4.09638992  0.0
 1.42982271  -4.12583609  0.0
 1.57888750  -4.15633230  0.0
 1.72779675  -4.18776856  0.0
 1.87656381  -4.22003619  0.0
 2.02519779  -4.25304778  0.0
 2.17371658  -4.28672196  0.0
 2.32213194  -4.32095542  0.0
 2.47043665  -4.35571249  0.0
 2.61863884  -4.39096539  0.0
 2.66955000  -4.40323601  0.0
 2.66655000  -4.40559886  0.0
 2.61794025  -4.39388292  0.0
 2.46974726  -4.35863221  0.0
 2.32145253  -4.32387748  0.0
 2.17304776  -4.28964646  0.0
 2.02454088  -4.25597498  0.0
 1.87592062  -4.22296644  0.0
 1.72716895  -4.19070215  0.0
 1.57827701  -4.15926954  0.0
 1.42923169  -4.12877731  0.0
 1.28001256  -4.09933537  0.0
 1.13061340  -4.07103086  0.0
 0.98102892  -4.04398930  0.0
 0.83900000  -4.01966970  0.0
 0.83600000  -4.01611235  0.0
;;

