# exterior:
# ---------
 4.25375000  -4.78219002  0.0
 4.10814540  -4.75216969  0.0
 4.10791118  -4.75213068  0.0
 3.95666260  -4.73286217  0.0
 3.95645697  -4.73284291  0.0
 3.80425057  -4.72368747  0.0
 3.80408111  -4.72368192  0.0
 3.65159586  -4.72286183  0.0
 3.65144878  -4.72286453  0.0
 3.49909071  -4.72927966  0.0
 3.49895556  -4.72928831  0.0
 3.34702280  -4.74235154  0.0
 3.34689661  -4.74236500  0.0
 3.25685000  -4.75383602  0.0
 3.25685000  -4.73367439  0.0
 3.34436924  -4.72252533  0.0
 3.34477584  -4.72247776  0.0
 3.34490202  -4.72246430  0.0
 3.34530951  -4.72242506  0.0
 3.49724227  -4.70936183  0.0
 3.49767793  -4.70932916  0.0
 3.49781308  -4.70932051  0.0
 3.49824934  -4.70929736  0.0
 3.65060741  -4.70288223  0.0
 3.65108177  -4.70286789  0.0
 3.65122886  -4.70286519  0.0
 3.65170343  -4.70286212  0.0
 3.80418867  -4.70368221  0.0
 3.80473556  -4.70369263  0.0
 3.80490502  -4.70369818  0.0
 3.80545143  -4.70372355  0.0
 3.95765783  -4.71287899  0.0
 3.95832219  -4.71293007  0.0
 3.95852782  -4.71294933  0.0
 3.95919010  -4.71302252  0.0
 4.09115181  -4.72983396  0.0
 3.95685452  -4.69378517  0.0
 3.80935894  -4.65563289  0.0
 3.66161958  -4.61808780  0.0
 3.51378277  -4.58079247  0.0
 3.36588896  -4.54370101  0.0
 3.25685000  -4.51650063  0.0
 3.25685000  -4.49588774  0.0
 3.37074199  -4.52429873  0.0
 3.51866151  -4.56139664  0.0
 3.66652870  -4.59869964  0.0
 3.81432623  -4.63625951  0.0
 3.96195135  -4.67444530  0.0
 4.10921007  -4.71397326  0.0
 4.25375000  -4.75458466  0.0
 4.25375000  -4.78219002  0.0
;;

