# exterior:
# ---------
-0.75000000  -3.89050288  0.0
-0.67587370  -3.88906103  0.0
-0.52500076  -3.89000958  0.0
-0.37405870  -3.89449547  0.0
-0.22314068  -3.90226262  0.0
-0.07229432  -3.91306881  0.0
 0.07843637  -3.92665679  0.0
 0.22902505  -3.94278250  0.0
 0.37945034  -3.96119281  0.0
 0.52968906  -3.98168984  0.0
 0.67973704  -4.00409139  0.0
 0.75000000  -4.01539736  0.0
 0.74700000  -4.01795322  0.0
 0.67927724  -4.00705599  0.0
 0.52926479  -3.98465974  0.0
 0.37906534  -3.96416808  0.0
 0.22868309  -3.94576303  0.0
 0.07814196  -3.92964241  0.0
-0.07253620  -3.91605917  0.0
-0.22332498  -3.90525710  0.0
-0.37418037  -3.89749318  0.0
-0.52505476  -3.89300930  0.0
-0.67585396  -3.89206121  0.0
-0.74700000  -3.89344509  0.0
-0.75000000  -3.89050288  0.0
;;

