# exterior:
# ---------
 0.83600000  -3.96289303  0.0
 0.84033738  -3.96359095  0.0
 0.99064916  -3.98932883  0.0
 1.14071566  -4.01645753  0.0
 1.29054991  -4.04484447  0.0
 1.44016551  -4.07436464  0.0
 1.58957108  -4.10493057  0.0
 1.73878322  -4.13643077  0.0
 1.88781957  -4.16875681  0.0
 2.03669371  -4.20182174  0.0
 2.18542095  -4.23554318  0.0
 2.33402160  -4.26981939  0.0
 2.48250101  -4.30461740  0.0
 2.63086412  -4.33990858  0.0
 2.66955000  -4.34923265  0.0
 2.66955000  -4.35180424  0.0
 2.63028197  -4.34233985  0.0
 2.48192652  -4.30705050  0.0
 2.33345543  -4.27225443  0.0
 2.18486360  -4.23798027  0.0
 2.03614628  -4.20426107  0.0
 1.88728358  -4.17119869  0.0
 1.73826006  -4.13887543  0.0
 1.58906234  -4.10737827  0.0
 1.43967300  -4.07681566  0.0
 1.29007526  -4.04729901  0.0
 1.14026060  -4.01891579  0.0
 0.99021582  -3.99179102  0.0
 0.83992782  -3.96605721  0.0
 0.83600000  -3.96542519  0.0
 0.83600000  -3.96289303  0.0
;;

