# exterior:
# ---------
-0.83600000  -5.84238896  0.0
-0.91960865  -5.84335603  0.0
-1.07190350  -5.83584343  0.0
-1.22341336  -5.81870217  0.0
-1.37360258  -5.79234168  0.0
-1.52209600  -5.75767610  0.0
-1.66865832  -5.71557092  0.0
-1.81306809  -5.66658588  0.0
-1.95506760  -5.61100023  0.0
-2.09430671  -5.54882491  0.0
-2.23045244  -5.48013929  0.0
-2.36313260  -5.40497609  0.0
-2.49166475  -5.32293611  0.0
-2.61501378  -5.23330101  0.0
-2.73149151  -5.13492540  0.0
-2.83757813  -5.02549606  0.0
-2.92400125  -4.90025757  0.0
-2.95815000  -4.76911500  0.0
-2.95778382  -4.75341719  0.0
-2.90921434  -4.61075863  0.0
-2.81295132  -4.49287163  0.0
-2.69843849  -4.39230258  0.0
-2.57391204  -4.30435187  0.0
-2.44270723  -4.22667837  0.0
-2.30668483  -4.15776935  0.0
-2.16699917  -4.09661399  0.0
-2.02445442  -4.04244246  0.0
-1.87961653  -3.99473126  0.0
-1.73290888  -3.95312307  0.0
-1.58466504  -3.91736418  0.0
-1.43514108  -3.88740979  0.0
-1.28454538  -3.86342083  0.0
-1.13310640  -3.84551072  0.0
-0.98110341  -3.83324433  0.0
-0.83600000  -3.82626977  0.0
-0.83600000  -3.82687046  0.0
-0.98106486  -3.83384317  0.0
-1.13304701  -3.84610788  0.0
-1.28446292  -3.86401526  0.0
-1.43503491  -3.88800044  0.0
-1.58453571  -3.91795019  0.0
-1.73275662  -3.95370355  0.0
-1.87944073  -3.99530506  0.0
-2.02425388  -4.04300811  0.0
-2.16677214  -4.09716958  0.0
-2.30642873  -4.15831221  0.0
-2.44241851  -4.22720471  0.0
-2.57358562  -4.30485588  0.0
-2.69806642  -4.39277435  0.0
-2.81251803  -4.49328964  0.0
-2.90868121  -4.61105437  0.0
-2.95718614  -4.75352332  0.0
-2.95754821  -4.76904506  0.0
-2.92344729  -4.90000392  0.0
-2.83711262  -5.02511423  0.0
-2.73108153  -5.13448630  0.0
-2.61464336  -5.23282850  0.0
-2.49132668  -5.32244009  0.0
-2.36282311  -5.40446183  0.0
-2.23016928  -5.47961011  0.0
-2.09404912  -5.54828283  0.0
-1.95483580  -5.61044663  0.0
-1.81286225  -5.66602213  0.0
-1.66847902  -5.71499816  0.0
-1.52194487  -5.75709525  0.0
-1.37348242  -5.79175359  0.0
-1.22332769  -5.81810803  0.0
-1.07185495  -5.83524509  0.0
-0.91959733  -5.84275585  0.0
-0.83600000  -5.84178892  0.0
-0.83600000  -5.84238896  0.0
;;

