# exterior:
# ---------
 0.74700000  -4.01795322  0.0
 0.74700000  -5.42975317  0.0
 0.69581638  -5.44662352  0.0
 0.55120595  -5.49301842  0.0
 0.40630732  -5.53784882  0.0
 0.26102884  -5.58064261  0.0
 0.11526029  -5.62091894  0.0
-0.03104392  -5.65822017  0.0
-0.17785461  -5.69192028  0.0
-0.32520658  -5.72110211  0.0
-0.47310226  -5.74489398  0.0
-0.62140649  -5.76238946  0.0
-0.74700000  -5.77095805  0.0
-0.74700000  -3.89344509  0.0
-0.67585396  -3.89206121  0.0
-0.52505476  -3.89300930  0.0
-0.37418037  -3.89749318  0.0
-0.22332498  -3.90525710  0.0
-0.07253620  -3.91605917  0.0
 0.07814196  -3.92964241  0.0
 0.22868309  -3.94576303  0.0
 0.37906534  -3.96416808  0.0
 0.52926479  -3.98465974  0.0
 0.67927724  -4.00705599  0.0
 0.74700000  -4.01795322  0.0
;;

# interior:
# ---------
 0.74200000  -4.02221299  0.0
 0.67851090  -4.01199699  0.0
 0.52855767  -3.98960959  0.0
 0.37842366  -3.96912685  0.0
 0.22811317  -3.95073059  0.0
 0.07765128  -3.93461846  0.0
-0.07293932  -3.92104310  0.0
-0.22363214  -3.91024791  0.0
-0.37438315  -3.90248936  0.0
-0.52514476  -3.89800883  0.0
-0.67582105  -3.89706152  0.0
-0.74200000  -3.89834878  0.0
-0.74200000  -5.76560530  0.0
-0.62186984  -5.75740944  0.0
-0.47379253  -5.73994074  0.0
-0.32608961  -5.71617987  0.0
-0.17889984  -5.68703017  0.0
-0.03222104  -5.65336034  0.0
 0.11397672  -5.61608624  0.0
 0.25965653  -5.57583443  0.0
 0.40486193  -5.53306217  0.0
 0.54970327  -5.48824950  0.0
 0.69427003  -5.44186861  0.0
 0.74200000  -5.42613660  0.0
 0.74200000  -4.02221299  0.0
;;

