# exterior:
# ---------
-0.83900000  -3.86255565  0.0
-0.83900000  -5.80632125  0.0
-0.91892747  -5.80724573  0.0
-1.06898209  -5.79984364  0.0
-1.21825903  -5.78295501  0.0
-1.36637323  -5.75695871  0.0
-1.51300291  -5.72272822  0.0
-1.65787017  -5.68111001  0.0
-1.80068377  -5.63266641  0.0
-1.94112084  -5.57769237  0.0
-2.07880830  -5.51620992  0.0
-2.21341550  -5.44830049  0.0
-2.34451142  -5.37403476  0.0
-2.47132405  -5.29309232  0.0
-2.59272667  -5.20487164  0.0
-2.70682408  -5.10850641  0.0
-2.80957015  -5.00252288  0.0
-2.89067130  -4.88499662  0.0
-2.92194201  -4.76490667  0.0
-2.92182296  -4.75980270  0.0
-2.87713746  -4.62855220  0.0
-2.78688169  -4.51802189  0.0
-2.67605210  -4.42068758  0.0
-2.55427211  -4.33467665  0.0
-2.42533628  -4.25834639  0.0
-2.29127649  -4.19043162  0.0
-2.15333962  -4.13004190  0.0
-2.01238882  -4.07647612  0.0
-1.86903957  -4.02925529  0.0
-1.72374774  -3.98804865  0.0
-1.57688398  -3.95262266  0.0
-1.42875356  -3.92294743  0.0
-1.27958399  -3.89918565  0.0
-1.12953335  -3.88143974  0.0
-0.97878431  -3.86927454  0.0
-0.83900000  -3.86255565  0.0
;;

# interior:
# ---------
-0.84400000  -3.86780175  0.0
-0.97846311  -3.87426487  0.0
-1.12903847  -3.88641606  0.0
-1.27889682  -3.90413922  0.0
-1.42786886  -3.92786955  0.0
-1.57580627  -3.95750610  0.0
-1.72247889  -3.99288599  0.0
-1.86757461  -4.03403701  0.0
-2.01071768  -4.08118992  0.0
-2.15144771  -4.13467180  0.0
-2.28914237  -4.19495549  0.0
-2.42293033  -4.26273254  0.0
-2.55155190  -4.33887676  0.0
-2.67295149  -4.42461902  0.0
-2.78327094  -4.52150530  0.0
-2.87269468  -4.63101668  0.0
-2.91684223  -4.76068712  0.0
-2.91692706  -4.76432380  0.0
-2.88605496  -4.88288292  0.0
-2.80569092  -4.99934100  0.0
-2.70340754  -5.10484727  0.0
-2.58963981  -5.20093405  0.0
-2.46850678  -5.28895883  0.0
-2.34193230  -5.36974926  0.0
-2.21105581  -5.44389069  0.0
-2.07666170  -5.51169260  0.0
-1.93918916  -5.57307909  0.0
-1.79896849  -5.62796842  0.0
-1.65637597  -5.67633703  0.0
-1.51174347  -5.71788780  0.0
-1.36537193  -5.75205803  0.0
-1.21754514  -5.77800388  0.0
-1.06857747  -5.79485752  0.0
-0.91883313  -5.80224431  0.0
-0.84400000  -5.80137875  0.0
-0.84400000  -3.86780175  0.0
;;

