# exterior:
# ---------
 2.66955000  -4.40323601  0.0
 2.66955000  -4.81869790  0.0
 2.58645474  -4.84004839  0.0
 2.58593821  -4.84018405  0.0
 2.58587425  -4.84020121  0.0
 2.58535920  -4.84034238  0.0
 2.43849929  -4.88143987  0.0
 2.43808529  -4.88155765  0.0
 2.43803402  -4.88157247  0.0
 2.43762105  -4.88169381  0.0
 2.29148927  -4.92531395  0.0
 2.29116335  -4.92541244  0.0
 2.29112298  -4.92542479  0.0
 2.29079774  -4.92552551  0.0
 2.14527537  -4.97113115  0.0
 2.14501623  -4.97121313  0.0
 2.14498412  -4.97122339  0.0
 2.14472543  -4.97130678  0.0
 1.99970336  -5.01849319  0.0
 1.99950721  -5.01855746  0.0
 1.99948290  -5.01856548  0.0
 1.99928702  -5.01863056  0.0
 1.85465901  -5.06701285  0.0
 1.85451943  -5.06705977  0.0
 1.85450213  -5.06706562  0.0
 1.85436269  -5.06711295  0.0
 1.71002416  -5.11634559  0.0
 1.70993255  -5.11637694  0.0
 1.70992119  -5.11638084  0.0
 1.70982964  -5.11641236  0.0
 1.56568200  -5.16620399  0.0
 1.56563380  -5.16622067  0.0
 1.56562782  -5.16622274  0.0
 1.56557963  -5.16623947  0.0
 1.42153361  -5.21632522  0.0
 1.27752582  -5.26644118  0.0
 1.13354000  -5.31630380  0.0
 0.98948102  -5.36565051  0.0
 0.84524264  -5.41421868  0.0
 0.83600000  -5.41726509  0.0
 0.83600000  -4.01611235  0.0
 0.98154893  -4.04103468  0.0
 1.13115947  -4.06808096  0.0
 1.28058214  -4.09638992  0.0
 1.42982271  -4.12583609  0.0
 1.57888750  -4.15633230  0.0
 1.72779675  -4.18776856  0.0
 1.87656381  -4.22003619  0.0
 2.02519779  -4.25304778  0.0
 2.17371658  -4.28672196  0.0
 2.32213194  -4.32095542  0.0
 2.47043665  -4.35571249  0.0
 2.61863884  -4.39096539  0.0
 2.66955000  -4.40323601  0.0
;;

# interior:
# ---------
 2.66655000  -4.40559886  0.0
 2.61794025  -4.39388292  0.0
 2.46974726  -4.35863221  0.0
 2.32145253  -4.32387748  0.0
 2.17304776  -4.28964646  0.0
 2.02454088  -4.25597498  0.0
 1.87592062  -4.22296644  0.0
 1.72716895  -4.19070215  0.0
 1.57827701  -4.15926954  0.0
 1.42923169  -4.12877731  0.0
 1.28001256  -4.09933537  0.0
 1.13061340  -4.07103086  0.0
 0.98102892  -4.04398930  0.0
 0.83900000  -4.01966970  0.0
 0.83900000  -5.41311752  0.0
 0.84429440  -5.41137246  0.0
 0.98851625  -5.36280986  0.0
 1.13256305  -5.31346732  0.0
 1.27654195  -5.26360709  0.0
 1.42054759  -5.21349189  0.0
 1.56459437  -5.16340587  0.0
 1.56464401  -5.16338864  0.0
 1.56465143  -5.16338607  0.0
 1.56470108  -5.16336889  0.0
 1.70885016  -5.11357676  0.0
 1.70894446  -5.11354429  0.0
 1.70895857  -5.11353945  0.0
 1.70905293  -5.11350716  0.0
 1.85339421  -5.06427358  0.0
 1.85339839  -5.06427215  0.0
 1.85353783  -5.06422482  0.0
 1.85354201  -5.06422340  0.0
 1.85355931  -5.06421756  0.0
 1.85356350  -5.06421615  0.0
 1.85370307  -5.06416923  0.0
 1.85370726  -5.06416782  0.0
 1.99833528  -5.01578553  0.0
 1.99834115  -5.01578357  0.0
 1.99853703  -5.01571849  0.0
 1.99854291  -5.01571654  0.0
 1.99856722  -5.01570852  0.0
 1.99857310  -5.01570659  0.0
 1.99876925  -5.01564232  0.0
 1.99877513  -5.01564040  0.0
 2.14379720  -4.96845400  0.0
 2.14380496  -4.96845148  0.0
 2.14406366  -4.96836809  0.0
 2.14407142  -4.96836560  0.0
 2.14410353  -4.96835534  0.0
 2.14411130  -4.96835287  0.0
 2.14437044  -4.96827088  0.0
 2.14437822  -4.96826844  0.0
 2.28990058  -4.92266280  0.0
 2.28991034  -4.92265976  0.0
 2.29023558  -4.92255904  0.0
 2.29024534  -4.92255604  0.0
 2.29028571  -4.92254369  0.0
 2.29029548  -4.92254072  0.0
 2.29062140  -4.92244222  0.0
 2.29063118  -4.92243928  0.0
 2.43676296  -4.87881915  0.0
 2.43677534  -4.87881548  0.0
 2.43718832  -4.87869414  0.0
 2.43720071  -4.87869053  0.0
 2.43725199  -4.87867570  0.0
 2.43726440  -4.87867214  0.0
 2.43767840  -4.87855436  0.0
 2.43769083  -4.87855086  0.0
 2.58455074  -4.83745337  0.0
 2.58456618  -4.83744910  0.0
 2.58508123  -4.83730793  0.0
 2.58509669  -4.83730373  0.0
 2.58516065  -4.83728657  0.0
 2.58517613  -4.83728246  0.0
 2.58569266  -4.83714680  0.0
 2.58570817  -4.83714277  0.0
 2.66655000  -4.81637127  0.0
 2.66655000  -4.40559886  0.0
;;

