# exterior:
# ---------
 4.09115181  -4.74999560  0.0
 3.95666260  -4.73286217  0.0
 3.95645697  -4.73284291  0.0
 3.80425057  -4.72368747  0.0
 3.80408111  -4.72368192  0.0
 3.75759305  -4.72343190  0.0
 3.75759305  -4.70343161  0.0
 3.80418867  -4.70368221  0.0
 3.80473556  -4.70369263  0.0
 3.80490502  -4.70369818  0.0
 3.80545143  -4.70372355  0.0
 3.95765783  -4.71287899  0.0
 3.95832219  -4.71293007  0.0
 3.95852782  -4.71294933  0.0
 3.95919010  -4.71302252  0.0
 4.09115181  -4.72983396  0.0
 4.09115181  -4.74999560  0.0
;;

