# exterior:
# ---------
-0.74700000   3.76727195  0.0
-0.74700000   5.64478491  0.0
-0.67585396   5.64616879  0.0
-0.52505476   5.64522070  0.0
-0.37418037   5.64073682  0.0
-0.22332498   5.63297290  0.0
-0.07253620   5.62217083  0.0
 0.07814196   5.60858759  0.0
 0.22868309   5.59246697  0.0
 0.37906534   5.57406192  0.0
 0.52926479   5.55357026  0.0
 0.67927724   5.53117401  0.0
 0.74700000   5.52027678  0.0
 0.74700000   4.10847683  0.0
 0.69581638   4.09160648  0.0
 0.55120595   4.04521158  0.0
 0.40630732   4.00038118  0.0
 0.26102884   3.95758739  0.0
 0.11526029   3.91731106  0.0
-0.03104392   3.88000983  0.0
-0.17785461   3.84630972  0.0
-0.32520658   3.81712789  0.0
-0.47310226   3.79333602  0.0
-0.62140649   3.77584054  0.0
-0.74700000   3.76727195  0.0
;;

# interior:
# ---------
-0.74200000   3.77262470  0.0
-0.62186984   3.78082056  0.0
-0.47379253   3.79828926  0.0
-0.32608961   3.82205013  0.0
-0.17889984   3.85119983  0.0
-0.03222104   3.88486966  0.0
 0.11397672   3.92214376  0.0
 0.25965653   3.96239557  0.0
 0.40486193   4.00516783  0.0
 0.54970327   4.04998050  0.0
 0.69427003   4.09636139  0.0
 0.74200000   4.11209340  0.0
 0.74200000   5.51601701  0.0
 0.67851090   5.52623301  0.0
 0.52855767   5.54862041  0.0
 0.37842366   5.56910315  0.0
 0.22811317   5.58749941  0.0
 0.07765128   5.60361154  0.0
-0.07293932   5.61718690  0.0
-0.22363214   5.62798209  0.0
-0.37438315   5.63574064  0.0
-0.52514476   5.64022117  0.0
-0.67582105   5.64116848  0.0
-0.74200000   5.63988122  0.0
-0.74200000   3.77262470  0.0
;;

