# exterior:
# ---------
 2.75555000   4.74106530  0.0
 2.75555000   5.11426625  0.0
 2.76675171   5.11156641  0.0
 2.91478733   5.07546445  0.0
 3.06276581   5.03902803  0.0
 3.21070402   5.00232141  0.0
 3.25685000   4.99081004  0.0
 3.25685000   4.99081004  0.0
 3.35860942   4.96542558  0.0
 3.50646465   4.92834379  0.0
 3.65425590   4.89105995  0.0
 3.75759305   4.86479882  0.0
 3.65186477   4.86536745  0.0
 3.65150883   4.86536725  0.0
 3.65103426   4.86536417  0.0
 3.65067835   4.86535975  0.0
 3.65053126   4.86535705  0.0
 3.65017543   4.86534841  0.0
 3.64970107   4.86533407  0.0
 3.64934536   4.86532121  0.0
 3.49698729   4.85890608  0.0
 3.49666000   4.85889051  0.0
 3.49622373   4.85886736  0.0
 3.49589663   4.85884822  0.0
 3.49576148   4.85883957  0.0
 3.49543461   4.85881685  0.0
 3.49499895   4.85878418  0.0
 3.49467234   4.85875789  0.0
 3.34273958   4.84569466  0.0
 3.34243382   4.84566679  0.0
 3.34202633   4.84562755  0.0
 3.34172086   4.84559656  0.0
 3.34159468   4.84558310  0.0
 3.34128955   4.84554898  0.0
 3.34088295   4.84550141  0.0
 3.34057818   4.84546417  0.0
 3.25685000   4.83479805  0.0
 3.18930679   4.82619373  0.0
 3.18838259   4.82606723  0.0
 3.18826815   4.82605047  0.0
 3.18734647   4.82590675  0.0
 3.03689488   4.80100588  0.0
 3.03609581   4.80086696  0.0
 3.03599688   4.80084893  0.0
 3.03520017   4.80069707  0.0
 2.88563536   4.77092915  0.0
 2.88491632   4.77078054  0.0
 2.88482730   4.77076146  0.0
 2.88411052   4.77060231  0.0
 2.75555000   4.74106530  0.0
;;

# interior:
# ---------
 2.75855000   4.74483272  0.0
 2.88343876   4.77352614  0.0
 2.88346025   4.77353099  0.0
 2.88417703   4.77369014  0.0
 2.88419855   4.77369484  0.0
 2.88428757   4.77371392  0.0
 2.88430913   4.77371845  0.0
 2.88502817   4.77386706  0.0
 2.88504975   4.77387144  0.0
 3.03461457   4.80363936  0.0
 3.03463845   4.80364401  0.0
 3.03543516   4.80379588  0.0
 3.03545907   4.80380033  0.0
 3.03555801   4.80381836  0.0
 3.03558197   4.80382263  0.0
 3.03638103   4.80396155  0.0
 3.03640502   4.80396562  0.0
 3.18685661   4.82886649  0.0
 3.18688424   4.82887093  0.0
 3.18780592   4.82901465  0.0
 3.18783359   4.82901883  0.0
 3.18794803   4.82903559  0.0
 3.18797574   4.82903951  0.0
 3.18889994   4.82916602  0.0
 3.18892769   4.82916968  0.0
 3.25647089   4.83777400  0.0
 3.34019908   4.84844012  0.0
 3.34021431   4.84844202  0.0
 3.34051908   4.84847926  0.0
 3.34053432   4.84848108  0.0
 3.34094092   4.84852866  0.0
 3.34095617   4.84853040  0.0
 3.34126130   4.84856452  0.0
 3.34127656   4.84856619  0.0
 3.34140275   4.84857964  0.0
 3.34141802   4.84858123  0.0
 3.34172348   4.84861223  0.0
 3.34173876   4.84861374  0.0
 3.34214625   4.84865298  0.0
 3.34216153   4.84865441  0.0
 3.34246730   4.84868228  0.0
 3.34248259   4.84868363  0.0
 3.49441535   4.86174687  0.0
 3.49443168   4.86174823  0.0
 3.49475829   4.86177451  0.0
 3.49477462   4.86177578  0.0
 3.49521027   4.86180845  0.0
 3.49522661   4.86180963  0.0
 3.49555349   4.86183235  0.0
 3.49556984   4.86183344  0.0
 3.49570498   4.86184209  0.0
 3.49572134   4.86184309  0.0
 3.49604844   4.86186224  0.0
 3.49606480   4.86186315  0.0
 3.49650106   4.86188629  0.0
 3.49651742   4.86188712  0.0
 3.49684472   4.86190269  0.0
 3.49686108   4.86190342  0.0
 3.64921916   4.86831855  0.0
 3.64923694   4.86831925  0.0
 3.64959265   4.86833211  0.0
 3.64961043   4.86833270  0.0
 3.65008480   4.86834704  0.0
 3.65010259   4.86834753  0.0
 3.65045842   4.86835617  0.0
 3.65047621   4.86835655  0.0
 3.65062330   4.86835925  0.0
 3.65064109   4.86835952  0.0
 3.65099701   4.86836394  0.0
 3.65101480   4.86836411  0.0
 3.65148937   4.86836719  0.0
 3.65150717   4.86836725  0.0
 3.65186311   4.86836745  0.0
 3.65188090   4.86836741  0.0
 3.73308916   4.86793065  0.0
 3.65351953   4.88815173  0.0
 3.50573284   4.92543442  0.0
 3.35788146   4.96251524  0.0
 3.25612388   4.98789924  0.0
 3.20997974   4.99941016  0.0
 3.06204595   5.03611567  0.0
 2.91407330   5.07255066  0.0
 2.76604485   5.10865087  0.0
 2.75855000   5.11045728  0.0
 2.75855000   4.74483272  0.0
;;

