# exterior:
# ---------
 3.25685000   4.78439398  0.0
 3.19562522   4.77659457  0.0
 3.19551078   4.77657781  0.0
 3.04505919   4.75167694  0.0
 3.04496025   4.75165891  0.0
 2.89539544   4.72189099  0.0
 2.89530641   4.72187191  0.0
 2.75555000   4.68976263  0.0
 2.75555000   4.74106530  0.0
 2.88411052   4.77060231  0.0
 2.88482730   4.77076146  0.0
 2.88491632   4.77078054  0.0
 2.88563536   4.77092915  0.0
 3.03520017   4.80069707  0.0
 3.03599688   4.80084893  0.0
 3.03609581   4.80086696  0.0
 3.03689488   4.80100588  0.0
 3.18734647   4.82590675  0.0
 3.18826815   4.82605047  0.0
 3.18838259   4.82606723  0.0
 3.18930679   4.82619373  0.0
 3.25685000   4.83479805  0.0
 3.25685000   4.78439398  0.0
;;

