# exterior:
# ---------
 4.25625000   4.75297196  0.0
 4.10764057   4.78361181  0.0
 4.10759524   4.78361936  0.0
 3.95634667   4.80288788  0.0
 3.95630687   4.80289160  0.0
 3.80410046   4.81204704  0.0
 3.80406766   4.81204812  0.0
 3.65158242   4.81286821  0.0
 3.65155395   4.81286769  0.0
 3.49919588   4.80645256  0.0
 3.49916972   4.80645088  0.0
 3.34723696   4.79338765  0.0
 3.34721253   4.79338504  0.0
 3.19594114   4.77411461  0.0
 3.19591899   4.77411137  0.0
 3.04546740   4.74921050  0.0
 3.04544825   4.74920701  0.0
 2.89588344   4.71943909  0.0
 2.89586621   4.71943539  0.0
 2.74723887   4.68528799  0.0
 2.74722391   4.68528435  0.0
 2.59951972   4.64733325  0.0
 2.59950734   4.64732992  0.0
 2.45264743   4.60623244  0.0
 2.45263750   4.60622957  0.0
 2.30650572   4.56260943  0.0
 2.30649791   4.56260704  0.0
 2.16097554   4.51700140  0.0
 2.16096933   4.51699942  0.0
 2.01594726   4.46981301  0.0
 2.01594256   4.46981146  0.0
 1.87131454   4.42142917  0.0
 1.87131119   4.42142804  0.0
 1.72697266   4.37219539  0.0
 1.72697047   4.37219464  0.0
 1.58282283   4.32240301  0.0
 1.58282168   4.32240261  0.0
 1.43877566   4.27231686  0.0
 1.29474348   4.22219241  0.0
 1.15063657   4.17228786  0.0
 1.00636452   4.12286816  0.0
 0.86183688   4.07420259  0.0
 0.71700131   4.02646415  0.0
 0.57179275   3.97987735  0.0
 0.42610914   3.93480409  0.0
 0.27982947   3.89171539  0.0
 0.13284523   3.85110316  0.0
-0.01491729   3.81343012  0.0
-0.16353493   3.77931523  0.0
-0.31310913   3.74969331  0.0
-0.46364559   3.72547662  0.0
-0.61505870   3.70761438  0.0
-0.76715969   3.69723732  0.0
-0.91959733   3.69547415  0.0
-1.07185495   3.70298491  0.0
-1.22332769   3.72012197  0.0
-1.37348242   3.74647641  0.0
-1.52194487   3.78113475  0.0
-1.66847902   3.82323184  0.0
-1.81286225   3.87220787  0.0
-1.95483580   3.92778337  0.0
-2.09404912   3.98994717  0.0
-2.23016928   4.05861989  0.0
-2.36282311   4.13376817  0.0
-2.49132668   4.21578991  0.0
-2.61464336   4.30540150  0.0
-2.73108153   4.40374370  0.0
-2.83711262   4.51311577  0.0
-2.92344729   4.63822608  0.0
-2.95754821   4.76918494  0.0
-2.95718614   4.78470668  0.0
-2.90868121   4.92717563  0.0
-2.81251803   5.04494036  0.0
-2.69806642   5.14545565  0.0
-2.57358562   5.23337412  0.0
-2.44241851   5.31102529  0.0
-2.30642873   5.37991779  0.0
-2.16677214   5.44106042  0.0
-2.02425388   5.49522189  0.0
-1.87944073   5.54292494  0.0
-1.73275662   5.58452645  0.0
-1.58453571   5.62027981  0.0
-1.43503491   5.65022956  0.0
-1.28446292   5.67421474  0.0
-1.13304701   5.69212212  0.0
-0.98106486   5.70438683  0.0
-0.82876038   5.71170752  0.0
-0.67630478   5.71467298  0.0
-0.52382183   5.71371431  0.0
-0.37140222   5.70918450  0.0
-0.21911687   5.70134698  0.0
-0.06701335   5.69045073  0.0
 0.08486431   5.67675935  0.0
 0.23649109   5.66052248  0.0
 0.38785634   5.64199713  0.0
 0.53895233   5.62138315  0.0
 0.68977607   5.59886578  0.0
 0.84033738   5.57463905  0.0
 0.99064916   5.54890117  0.0
 1.14071566   5.52177247  0.0
 1.29054991   5.49338553  0.0
 1.44016551   5.46386536  0.0
 1.58957108   5.43329943  0.0
 1.73878322   5.40179923  0.0
 1.88781957   5.36947319  0.0
 2.03669371   5.33640826  0.0
 2.18542095   5.30268682  0.0
 2.33402160   5.26841061  0.0
 2.48250101   5.23361260  0.0
 2.63086412   5.19832142  0.0
 2.77912179   5.16258833  0.0
 2.92728277   5.12645579  0.0
 3.07536335   5.08999424  0.0
 3.22337904   5.05326839  0.0
 3.37134861   5.01635655  0.0
 3.51927135   4.97925784  0.0
 3.66714234   4.94195388  0.0
 3.81494714   4.90439216  0.0
 3.96258846   4.86620218  0.0
 4.10987227   4.82666749  0.0
 4.25625000   4.78553972  0.0
 4.25625000   4.75297196  0.0
;;

# interior:
# ---------
 4.25375000   4.75603998  0.0
 4.25375000   4.78364534  0.0
 4.10921007   4.82425674  0.0
 3.96195135   4.86378470  0.0
 3.81432623   4.90197049  0.0
 3.66652870   4.93953036  0.0
 3.51866151   4.97683336  0.0
 3.37074199   5.01393127  0.0
 3.22277547   5.05084235  0.0
 3.07476347   5.08756727  0.0
 2.92668775   5.12402764  0.0
 2.77853273   5.16015872  0.0
 2.63028197   5.19589015  0.0
 2.48192652   5.23117950  0.0
 2.33345543   5.26597557  0.0
 2.18486360   5.30024973  0.0
 2.03614628   5.33396893  0.0
 1.88728358   5.36703131  0.0
 1.73826006   5.39935457  0.0
 1.58906234   5.43085173  0.0
 1.43967300   5.46141434  0.0
 1.29007526   5.49093099  0.0
 1.14026060   5.51931421  0.0
 0.99021582   5.54643898  0.0
 0.83992782   5.57217279  0.0
 0.68939290   5.59639528  0.0
 0.53859877   5.61890822  0.0
 0.38753550   5.63951774  0.0
 0.23620613   5.65803870  0.0
 0.08461897   5.67427133  0.0
-0.06721492   5.68795876  0.0
-0.21927045   5.69885158  0.0
-0.37150362   5.70668641  0.0
-0.52386682   5.71121454  0.0
-0.67628833   5.71217283  0.0
-0.82867604   5.70920869  0.0
-0.98090426   5.70189167  0.0
-1.13279957   5.68963396  0.0
-1.28411933   5.67173796  0.0
-1.43459256   5.64776851  0.0
-1.58399686   5.61783809  0.0
-1.73212219   5.58210778  0.0
-1.87870826   5.54053407  0.0
-2.02341831   5.49286498  0.0
-2.16582619   5.43874547  0.0
-2.30536168   5.37765586  0.0
-2.44121554   5.30883221  0.0
-2.57222551   5.23127406  0.0
-2.69651611   5.14348993  0.0
-2.81071265   5.04319865  0.0
-2.90645982   4.92594339  0.0
-2.95469577   4.78426447  0.0
-2.95504073   4.76947638  0.0
-2.92113912   4.63928293  0.0
-2.83517301   4.51470671  0.0
-2.72937326   4.40557327  0.0
-2.61309993   4.30737030  0.0
-2.48991804   4.21785666  0.0
-2.36153355   4.13591092  0.0
-2.22898944   4.06082479  0.0
-2.09297582   3.99220583  0.0
-1.95386995   3.93009001  0.0
-1.81200461   3.87455687  0.0
-1.66773192   3.82561832  0.0
-1.52131516   3.78355497  0.0
-1.37298178   3.74892675  0.0
-1.22297074   3.72259753  0.0
-1.07165263   3.70547797  0.0
-0.91955016   3.69797486  0.0
-0.76725931   3.69973634  0.0
-0.61529037   3.71010439  0.0
-0.46399072   3.72795324  0.0
-0.31355064   3.75215443  0.0
-0.16405755   3.78176029  0.0
-0.01550585   3.81586004  0.0
 0.13220344   3.85351950  0.0
 0.27914332   3.89411948  0.0
 0.42538644   3.93719742  0.0
 0.57104141   3.98226181  0.0
 0.71622814   4.02884161  0.0
 0.86104668   4.07657444  0.0
 1.00556054   4.12523537  0.0
 1.14982245   4.17465159  0.0
 1.29392359   4.22455415  0.0
 1.43795461   4.27467819  0.0
 1.58200063   4.32476394  0.0
 1.58200303   4.32476478  0.0
 1.58200419   4.32476518  0.0
 1.58200660   4.32476601  0.0
 1.72615424   4.37455764  0.0
 1.72615881   4.37455921  0.0
 1.72616101   4.37455997  0.0
 1.72616559   4.37456154  0.0
 1.87050412   4.42379418  0.0
 1.87051109   4.42379655  0.0
 1.87051444   4.42379768  0.0
 1.87052142   4.42380002  0.0
 2.01514943   4.47218232  0.0
 2.01515923   4.47218557  0.0
 2.01516393   4.47218713  0.0
 2.01517374   4.47219034  0.0
 2.16019581   4.51937674  0.0
 2.16020875   4.51938091  0.0
 2.16021496   4.51938290  0.0
 2.16022792   4.51938700  0.0
 2.30575028   4.56499264  0.0
 2.30576654   4.56499767  0.0
 2.30577436   4.56500006  0.0
 2.30579065   4.56500499  0.0
 2.45192243   4.60862512  0.0
 2.45194308   4.60863119  0.0
 2.45195301   4.60863406  0.0
 2.45197371   4.60863995  0.0
 2.59883362   4.64973743  0.0
 2.59885937   4.64974449  0.0
 2.59887175   4.64974781  0.0
 2.59889758   4.64975460  0.0
 2.74660176   4.68770571  0.0
 2.74663289   4.68771349  0.0
 2.74664785   4.68771713  0.0
 2.74667907   4.68772451  0.0
 2.89530641   4.72187191  0.0
 2.89534225   4.72187987  0.0
 2.89535948   4.72188356  0.0
 2.89539544   4.72189099  0.0
 3.04496025   4.75165891  0.0
 3.04500008   4.75166651  0.0
 3.04501923   4.75167000  0.0
 3.04505919   4.75167694  0.0
 3.19551078   4.77657781  0.0
 3.19555686   4.77658500  0.0
 3.19557901   4.77658824  0.0
 3.19562522   4.77659457  0.0
 3.34689661   4.79586500  0.0
 3.34694744   4.79587095  0.0
 3.34697186   4.79587355  0.0
 3.34702280   4.79587846  0.0
 3.49895556   4.80894169  0.0
 3.49901002   4.80894578  0.0
 3.49903617   4.80894745  0.0
 3.49909071   4.80895034  0.0
 3.65144878   4.81536547  0.0
 3.65150807   4.81536727  0.0
 3.65153654   4.81536779  0.0
 3.65159586   4.81536817  0.0
 3.80408111   4.81454808  0.0
 3.80414947   4.81454678  0.0
 3.80418227   4.81454570  0.0
 3.80425057   4.81454253  0.0
 3.95645697   4.80538709  0.0
 3.95654002   4.80538071  0.0
 3.95657982   4.80537698  0.0
 3.95666260   4.80536783  0.0
 4.10791118   4.78609932  0.0
 4.10800592   4.78608540  0.0
 4.10805125   4.78607785  0.0
 4.10814540   4.78606031  0.0
 4.25375000   4.75603998  0.0
;;

