# exterior:
# ---------
 4.25685000   4.75223563  0.0
 4.10751941   4.78302417  0.0
 3.95627084   4.80229269  0.0
 3.80406444   4.81144813  0.0
 3.65157919   4.81226822  0.0
 3.49922112   4.80585309  0.0
 3.34728836   4.79278985  0.0
 3.19601696   4.77351942  0.0
 3.04556537   4.74861855  0.0
 2.89600056   4.71885063  0.0
 2.74737322   4.68470323  0.0
 2.59966903   4.64675212  0.0
 2.45280912   4.60565464  0.0
 2.30667734   4.56203450  0.0
 2.16115497   4.51642886  0.0
 2.01613290   4.46924246  0.0
 1.87150489   4.42086016  0.0
 1.72716636   4.37162752  0.0
 1.58301873   4.32183589  0.0
 1.43897271   4.27175014  0.0
 1.29494025   4.22162560  0.0
 1.15083196   4.17172056  0.0
 1.00655747   4.12230003  0.0
 0.86202653   4.07363335  0.0
 0.71718687   4.02589356  0.0
 0.57197307   3.97930508  0.0
 0.42628258   3.93422969  0.0
 0.27999415   3.89113841  0.0
 0.13299925   3.85052323  0.0
-0.01477603   3.81284694  0.0
-0.16340950   3.77872842  0.0
-0.31300316   3.74910264  0.0
-0.46356275   3.72488223  0.0
-0.61500310   3.70701678  0.0
-0.76713578   3.69663756  0.0
-0.91960865   3.69487397  0.0
-1.07190350   3.70238657  0.0
-1.22341336   3.71952783  0.0
-1.37360258   3.74588832  0.0
-1.52209600   3.78055390  0.0
-1.66865832   3.82265908  0.0
-1.81306809   3.87164412  0.0
-1.95506760   3.92722977  0.0
-2.09430671   3.98940509  0.0
-2.23045244   4.05809071  0.0
-2.36313260   4.13325391  0.0
-2.49166475   4.21529389  0.0
-2.61501378   4.30492899  0.0
-2.73149151   4.40330460  0.0
-2.83757813   4.51273394  0.0
-2.92400125   4.63797243  0.0
-2.95815000   4.76911500  0.0
-2.95778382   4.78481281  0.0
-2.90921434   4.92747137  0.0
-2.81295132   5.04535837  0.0
-2.69843849   5.14592742  0.0
-2.57391204   5.23387813  0.0
-2.44270723   5.31155163  0.0
-2.30668483   5.38046065  0.0
-2.16699917   5.44161601  0.0
-2.02445442   5.49578754  0.0
-1.87961653   5.54349874  0.0
-1.73290888   5.58510693  0.0
-1.58466504   5.62086582  0.0
-1.43514108   5.65082021  0.0
-1.28454538   5.67480917  0.0
-1.13310640   5.69271928  0.0
-0.98110341   5.70498567  0.0
-0.82878062   5.71230724  0.0
-0.67630873   5.71527301  0.0
-0.52381103   5.71431425  0.0
-0.37137789   5.70978404  0.0
-0.21908001   5.70194588  0.0
-0.06696498   5.69104880  0.0
 0.08492319   5.67735648  0.0
 0.23655948   5.66111859  0.0
 0.38793334   5.64259218  0.0
 0.53903719   5.62197713  0.0
 0.68986803   5.59945870  0.0
 0.84043567   5.57523095  0.0
 0.99075317   5.54949209  0.0
 1.14082487   5.52236245  0.0
 1.29066383   5.49397462  0.0
 1.44028372   5.46445360  0.0
 1.58969318   5.43388688  0.0
 1.73890878   5.40238595  0.0
 1.88794821   5.37005924  0.0
 2.03682509   5.33699370  0.0
 2.18555472   5.30327172  0.0
 2.33415749   5.26899503  0.0
 2.48263889   5.23419655  0.0
 2.63100384   5.19890493  0.0
 2.77926316   5.16317144  0.0
 2.92742558   5.12703855  0.0
 3.07550732   5.09057671  0.0
 3.22352390   5.05385065  0.0
 3.37149420   5.01693862  0.0
 3.51941771   4.97983971  0.0
 3.66728962   4.94253553  0.0
 3.81509616   4.90497336  0.0
 3.96274136   4.86678238  0.0
 4.11003120   4.82724607  0.0
 4.25685000   4.78599437  0.0
 4.25685000   4.75223563  0.0
;;

# interior:
# ---------
 4.25625000   4.75297196  0.0
 4.25625000   4.78553972  0.0
 4.10987227   4.82666749  0.0
 3.96258846   4.86620218  0.0
 3.81494714   4.90439216  0.0
 3.66714234   4.94195388  0.0
 3.51927135   4.97925784  0.0
 3.37134861   5.01635655  0.0
 3.22337904   5.05326839  0.0
 3.07536335   5.08999424  0.0
 2.92728277   5.12645579  0.0
 2.77912179   5.16258833  0.0
 2.63086412   5.19832142  0.0
 2.48250101   5.23361260  0.0
 2.33402160   5.26841061  0.0
 2.18542095   5.30268682  0.0
 2.03669371   5.33640826  0.0
 1.88781957   5.36947319  0.0
 1.73878322   5.40179923  0.0
 1.58957108   5.43329943  0.0
 1.44016551   5.46386536  0.0
 1.29054991   5.49338553  0.0
 1.14071566   5.52177247  0.0
 0.99064916   5.54890117  0.0
 0.84033738   5.57463905  0.0
 0.68977607   5.59886578  0.0
 0.53895233   5.62138315  0.0
 0.38785634   5.64199713  0.0
 0.23649109   5.66052248  0.0
 0.08486431   5.67675935  0.0
-0.06701335   5.69045073  0.0
-0.21911687   5.70134698  0.0
-0.37140222   5.70918450  0.0
-0.52382183   5.71371431  0.0
-0.67630478   5.71467298  0.0
-0.82876038   5.71170752  0.0
-0.98106486   5.70438683  0.0
-1.13304701   5.69212212  0.0
-1.28446292   5.67421474  0.0
-1.43503491   5.65022956  0.0
-1.58453571   5.62027981  0.0
-1.73275662   5.58452645  0.0
-1.87944073   5.54292494  0.0
-2.02425388   5.49522189  0.0
-2.16677214   5.44106042  0.0
-2.30642873   5.37991779  0.0
-2.44241851   5.31102529  0.0
-2.57358562   5.23337412  0.0
-2.69806642   5.14545565  0.0
-2.81251803   5.04494036  0.0
-2.90868121   4.92717563  0.0
-2.95718614   4.78470668  0.0
-2.95754821   4.76918494  0.0
-2.92344729   4.63822608  0.0
-2.83711262   4.51311577  0.0
-2.73108153   4.40374370  0.0
-2.61464336   4.30540150  0.0
-2.49132668   4.21578991  0.0
-2.36282311   4.13376817  0.0
-2.23016928   4.05861989  0.0
-2.09404912   3.98994717  0.0
-1.95483580   3.92778337  0.0
-1.81286225   3.87220787  0.0
-1.66847902   3.82323184  0.0
-1.52194487   3.78113475  0.0
-1.37348242   3.74647641  0.0
-1.22332769   3.72012197  0.0
-1.07185495   3.70298491  0.0
-0.91959733   3.69547415  0.0
-0.76715969   3.69723732  0.0
-0.61505870   3.70761438  0.0
-0.46364559   3.72547662  0.0
-0.31310913   3.74969331  0.0
-0.16353493   3.77931523  0.0
-0.01491729   3.81343012  0.0
 0.13284523   3.85110316  0.0
 0.27982947   3.89171539  0.0
 0.42610914   3.93480409  0.0
 0.57179275   3.97987735  0.0
 0.71700131   4.02646415  0.0
 0.86183688   4.07420259  0.0
 1.00636452   4.12286816  0.0
 1.15063657   4.17228786  0.0
 1.29474348   4.22219241  0.0
 1.43877566   4.27231686  0.0
 1.58282168   4.32240261  0.0
 1.58282283   4.32240301  0.0
 1.72697047   4.37219464  0.0
 1.72697266   4.37219539  0.0
 1.87131119   4.42142804  0.0
 1.87131454   4.42142917  0.0
 2.01594256   4.46981146  0.0
 2.01594726   4.46981301  0.0
 2.16096933   4.51699942  0.0
 2.16097554   4.51700140  0.0
 2.30649791   4.56260704  0.0
 2.30650572   4.56260943  0.0
 2.45263750   4.60622957  0.0
 2.45264743   4.60623244  0.0
 2.59950734   4.64732992  0.0
 2.59951972   4.64733325  0.0
 2.74722391   4.68528435  0.0
 2.74723887   4.68528799  0.0
 2.89586621   4.71943539  0.0
 2.89588344   4.71943909  0.0
 3.04544825   4.74920701  0.0
 3.04546740   4.74921050  0.0
 3.19591899   4.77411137  0.0
 3.19594114   4.77411461  0.0
 3.34721253   4.79338504  0.0
 3.34723696   4.79338765  0.0
 3.49916972   4.80645088  0.0
 3.49919588   4.80645256  0.0
 3.65155395   4.81286769  0.0
 3.65158242   4.81286821  0.0
 3.80406766   4.81204812  0.0
 3.80410046   4.81204704  0.0
 3.95630687   4.80289160  0.0
 3.95634667   4.80288788  0.0
 4.10759524   4.78361936  0.0
 4.10764057   4.78361181  0.0
 4.25625000   4.75297196  0.0
;;

