# exterior:
# ---------
 0.83600000   4.12096491  0.0
 0.83600000   5.52211765  0.0
 0.98154893   5.49719532  0.0
 1.13115947   5.47014904  0.0
 1.28058214   5.44184008  0.0
 1.42982271   5.41239391  0.0
 1.57888750   5.38189770  0.0
 1.72779675   5.35046144  0.0
 1.87656381   5.31819381  0.0
 2.02519779   5.28518222  0.0
 2.17371658   5.25150804  0.0
 2.32213194   5.21727458  0.0
 2.47043665   5.18251751  0.0
 2.61863884   5.14726461  0.0
 2.66955000   5.13499399  0.0
 2.66955000   4.71953210  0.0
 2.58645474   4.69818161  0.0
 2.58593821   4.69804595  0.0
 2.58587425   4.69802879  0.0
 2.58535920   4.69788762  0.0
 2.43849929   4.65679013  0.0
 2.43808529   4.65667235  0.0
 2.43803402   4.65665753  0.0
 2.43762105   4.65653619  0.0
 2.29148927   4.61291605  0.0
 2.29116335   4.61281756  0.0
 2.29112298   4.61280521  0.0
 2.29079774   4.61270449  0.0
 2.14527537   4.56709885  0.0
 2.14501623   4.56701687  0.0
 2.14498412   4.56700661  0.0
 2.14472543   4.56692322  0.0
 1.99970336   4.51973681  0.0
 1.99950721   4.51967254  0.0
 1.99948290   4.51966452  0.0
 1.99928702   4.51959944  0.0
 1.85465901   4.47121715  0.0
 1.85451943   4.47117023  0.0
 1.85450213   4.47116438  0.0
 1.85436269   4.47111705  0.0
 1.71002416   4.42188441  0.0
 1.70993255   4.42185306  0.0
 1.70992119   4.42184916  0.0
 1.70982964   4.42181764  0.0
 1.56568200   4.37202601  0.0
 1.56563380   4.37200933  0.0
 1.56562782   4.37200726  0.0
 1.56557963   4.37199053  0.0
 1.42153361   4.32190478  0.0
 1.27752582   4.27178882  0.0
 1.13354000   4.22192620  0.0
 0.98948102   4.17257949  0.0
 0.84524264   4.12401132  0.0
 0.83600000   4.12096491  0.0
;;

# interior:
# ---------
 0.83900000   4.12511248  0.0
 0.84429440   4.12685754  0.0
 0.98851625   4.17542014  0.0
 1.13256305   4.22476268  0.0
 1.27654195   4.27462291  0.0
 1.42054759   4.32473811  0.0
 1.56459437   4.37482413  0.0
 1.56464401   4.37484136  0.0
 1.56465143   4.37484393  0.0
 1.56470108   4.37486111  0.0
 1.70885016   4.42465324  0.0
 1.70894446   4.42468571  0.0
 1.70895857   4.42469055  0.0
 1.70905293   4.42472284  0.0
 1.85339421   4.47395642  0.0
 1.85339839   4.47395785  0.0
 1.85353783   4.47400518  0.0
 1.85354201   4.47400660  0.0
 1.85355931   4.47401244  0.0
 1.85356350   4.47401385  0.0
 1.85370307   4.47406077  0.0
 1.85370726   4.47406218  0.0
 1.99833528   4.52244447  0.0
 1.99834115   4.52244643  0.0
 1.99853703   4.52251151  0.0
 1.99854291   4.52251346  0.0
 1.99856722   4.52252148  0.0
 1.99857310   4.52252341  0.0
 1.99876925   4.52258768  0.0
 1.99877513   4.52258960  0.0
 2.14379720   4.56977600  0.0
 2.14380496   4.56977852  0.0
 2.14406366   4.56986191  0.0
 2.14407142   4.56986440  0.0
 2.14410353   4.56987466  0.0
 2.14411130   4.56987713  0.0
 2.14437044   4.56995912  0.0
 2.14437822   4.56996156  0.0
 2.28990058   4.61556720  0.0
 2.28991034   4.61557024  0.0
 2.29023558   4.61567096  0.0
 2.29024534   4.61567396  0.0
 2.29028571   4.61568631  0.0
 2.29029548   4.61568928  0.0
 2.29062140   4.61578778  0.0
 2.29063118   4.61579072  0.0
 2.43676296   4.65941085  0.0
 2.43677534   4.65941452  0.0
 2.43718832   4.65953586  0.0
 2.43720071   4.65953947  0.0
 2.43725199   4.65955430  0.0
 2.43726440   4.65955786  0.0
 2.43767840   4.65967564  0.0
 2.43769083   4.65967914  0.0
 2.58455074   4.70077663  0.0
 2.58456618   4.70078090  0.0
 2.58508123   4.70092207  0.0
 2.58509669   4.70092627  0.0
 2.58516065   4.70094343  0.0
 2.58517613   4.70094754  0.0
 2.58569266   4.70108320  0.0
 2.58570817   4.70108723  0.0
 2.66655000   4.72185873  0.0
 2.66655000   5.13263114  0.0
 2.61794025   5.14434708  0.0
 2.46974726   5.17959779  0.0
 2.32145253   5.21435252  0.0
 2.17304776   5.24858354  0.0
 2.02454088   5.28225502  0.0
 1.87592062   5.31526356  0.0
 1.72716895   5.34752785  0.0
 1.57827701   5.37896046  0.0
 1.42923169   5.40945269  0.0
 1.28001256   5.43889463  0.0
 1.13061340   5.46719914  0.0
 0.98102892   5.49424070  0.0
 0.83900000   5.51856030  0.0
 0.83900000   4.12511248  0.0
;;

