# exterior:
# ---------
-0.83900000   5.67567435  0.0
-0.83900000   3.73190875  0.0
-0.91892747   3.73098427  0.0
-1.06898209   3.73838636  0.0
-1.21825903   3.75527499  0.0
-1.36637323   3.78127129  0.0
-1.51300291   3.81550178  0.0
-1.65787017   3.85711999  0.0
-1.80068377   3.90556359  0.0
-1.94112084   3.96053763  0.0
-2.07880830   4.02202008  0.0
-2.21341550   4.08992951  0.0
-2.34451142   4.16419524  0.0
-2.47132405   4.24513768  0.0
-2.59272667   4.33335836  0.0
-2.70682408   4.42972359  0.0
-2.80957015   4.53570712  0.0
-2.89067130   4.65323338  0.0
-2.92194201   4.77332333  0.0
-2.92182296   4.77842730  0.0
-2.87713746   4.90967780  0.0
-2.78688169   5.02020811  0.0
-2.67605210   5.11754242  0.0
-2.55427211   5.20355335  0.0
-2.42533628   5.27988361  0.0
-2.29127649   5.34779838  0.0
-2.15333962   5.40818810  0.0
-2.01238882   5.46175388  0.0
-1.86903957   5.50897471  0.0
-1.72374774   5.55018135  0.0
-1.57688398   5.58560734  0.0
-1.42875356   5.61528257  0.0
-1.27958399   5.63904435  0.0
-1.12953335   5.65679026  0.0
-0.97878431   5.66895546  0.0
-0.83900000   5.67567435  0.0
;;

# interior:
# ---------
-0.84400000   5.67042825  0.0
-0.97846311   5.66396513  0.0
-1.12903847   5.65181394  0.0
-1.27889682   5.63409078  0.0
-1.42786886   5.61036045  0.0
-1.57580627   5.58072390  0.0
-1.72247889   5.54534401  0.0
-1.86757461   5.50419299  0.0
-2.01071768   5.45704008  0.0
-2.15144771   5.40355820  0.0
-2.28914237   5.34327451  0.0
-2.42293033   5.27549746  0.0
-2.55155190   5.19935324  0.0
-2.67295149   5.11361098  0.0
-2.78327094   5.01672470  0.0
-2.87269468   4.90721332  0.0
-2.91684223   4.77754288  0.0
-2.91692706   4.77390620  0.0
-2.88605496   4.65534708  0.0
-2.80569092   4.53888900  0.0
-2.70340754   4.43338273  0.0
-2.58963981   4.33729595  0.0
-2.46850678   4.24927117  0.0
-2.34193230   4.16848074  0.0
-2.21105581   4.09433931  0.0
-2.07666170   4.02653740  0.0
-1.93918916   3.96515091  0.0
-1.79896849   3.91026158  0.0
-1.65637597   3.86189297  0.0
-1.51174347   3.82034220  0.0
-1.36537193   3.78617197  0.0
-1.21754514   3.76022612  0.0
-1.06857747   3.74337248  0.0
-0.91883313   3.73598569  0.0
-0.84400000   3.73685125  0.0
-0.84400000   5.67042825  0.0
;;

