# exterior:
# ---------
-0.75000000   3.76406030  0.0
-0.75000000   5.64772712  0.0
-0.67587370   5.64916897  0.0
-0.52500076   5.64822042  0.0
-0.37405870   5.64373453  0.0
-0.22314068   5.63596738  0.0
-0.07229432   5.62516119  0.0
 0.07843637   5.61157321  0.0
 0.22902505   5.59544750  0.0
 0.37945034   5.57703719  0.0
 0.52968906   5.55654016  0.0
 0.67973704   5.53413861  0.0
 0.75000000   5.52283264  0.0
 0.75000000   4.10630688  0.0
 0.69674419   4.08875353  0.0
 0.55210756   4.04235022  0.0
 0.40717455   3.99750919  0.0
 0.26185223   3.95470249  0.0
 0.11603044   3.91441145  0.0
-0.03033764   3.87709393  0.0
-0.17722747   3.84337566  0.0
-0.32467677   3.81417455  0.0
-0.47268810   3.79036408  0.0
-0.62112849   3.77285254  0.0
-0.75000000   3.76406030  0.0
;;

# interior:
# ---------
-0.74700000   3.76727195  0.0
-0.62140649   3.77584054  0.0
-0.47310226   3.79333602  0.0
-0.32520658   3.81712789  0.0
-0.17785461   3.84630972  0.0
-0.03104392   3.88000983  0.0
 0.11526029   3.91731106  0.0
 0.26102884   3.95758739  0.0
 0.40630732   4.00038118  0.0
 0.55120595   4.04521158  0.0
 0.69581638   4.09160648  0.0
 0.74700000   4.10847683  0.0
 0.74700000   5.52027678  0.0
 0.67927724   5.53117401  0.0
 0.52926479   5.55357026  0.0
 0.37906534   5.57406192  0.0
 0.22868309   5.59246697  0.0
 0.07814196   5.60858759  0.0
-0.07253620   5.62217083  0.0
-0.22332498   5.63297290  0.0
-0.37418037   5.64073682  0.0
-0.52505476   5.64522070  0.0
-0.67585396   5.64616879  0.0
-0.74700000   5.64478491  0.0
-0.74700000   3.76727195  0.0
;;

