# exterior:
# ---------
-0.83600000  -1.77933104  0.0
-0.91305064  -1.77104217  0.0
-1.11047423  -1.73595451  0.0
-1.30138333  -1.68797926  0.0
-1.48192975  -1.62944047  0.0
-1.65203947  -1.56222566  0.0
-1.81178543  -1.48778612  0.0
-1.96116673  -1.40709208  0.0
-2.10010943  -1.32093576  0.0
-2.22876130  -1.23017624  0.0
-2.34690009  -1.13542094  0.0
-2.45474827  -1.03724726  0.0
-2.55215789  -0.93642534  0.0
-2.63920311  -0.83365869  0.0
-2.71588403  -0.72959914  0.0
-2.78212599  -0.62510707  0.0
-2.83800353  -0.51951701  0.0
-2.88351805  -0.41294643  0.0
-2.91866944  -0.30558298  0.0
-2.94338655  -0.19246892  0.0
-2.95774475  -0.07839526  0.0
-2.95966782  -0.04962316  0.0
-2.96099989   0.00000378  0.0
-2.95966738   0.09368651  0.0
-2.95774312   0.17803575  0.0
-2.94338728   0.28958946  0.0
-2.91867126   0.39532814  0.0
-2.88351997   0.50027140  0.0
-2.83800725   0.60348536  0.0
-2.78213221   0.70482271  0.0
-2.71589446   0.80399432  0.0
-2.63921955   0.90035602  0.0
-2.55218066   0.99336774  0.0
-2.45477736   1.08265163  0.0
-2.34693508   1.16771898  0.0
-2.22880144   1.24812535  0.0
-2.10015440   1.32350748  0.0
-1.96121592   1.39311737  0.0
-1.81183807   1.45646601  0.0
-1.65209477   1.51265746  0.0
-1.48198577   1.56109189  0.0
-1.30143581   1.60094761  0.0
-1.11051655   1.63229123  0.0
-0.91307799   1.65535164  0.0
-0.83600000   1.66114839  0.0
-0.83600000   1.65613427  0.0
-0.91260028   1.65037345  0.0
-1.10982114   1.62733847  0.0
-1.30049120   1.59603575  0.0
-1.48076116   1.55624184  0.0
-1.65057919   1.50789026  0.0
-1.81003065   1.45180147  0.0
-1.95911791   1.38857606  0.0
-2.09776809   1.31911062  0.0
-2.22612781   1.24389685  0.0
-2.34397644   1.16368446  0.0
-2.45153532   1.07884066  0.0
-2.54866080   0.98981143  0.0
-2.63543180   0.89708599  0.0
-2.71185226   0.80104407  0.0
-2.77785630   0.70222237  0.0
-2.83352171   0.60126522  0.0
-2.87885204   0.49846487  0.0
-2.91385579   0.39396209  0.0
-2.93846064   0.28869904  0.0
-2.95275042   0.17765860  0.0
-2.95466819   0.09359394  0.0
-2.95599893   0.00003532  0.0
-2.95467229  -0.04938926  0.0
-2.95276563  -0.07791592  0.0
-2.93845378  -0.19162131  0.0
-2.91383880  -0.30426804  0.0
-2.87883415  -0.41118329  0.0
-2.83348697  -0.51736205  0.0
-2.77779823  -0.62259533  0.0
-2.71175491  -0.72677406  0.0
-2.63527837  -0.83055626  0.0
-2.54844834  -0.93306885  0.0
-2.45126386  -1.03365775  0.0
-2.34364982  -1.13161828  0.0
-2.22575311  -1.22617943  0.0
-2.09734838  -1.31676460  0.0
-1.95865882  -1.40276395  0.0
-1.80953932  -1.48331656  0.0
-1.65006306  -1.55763043  0.0
-1.48023832  -1.62473263  0.0
-1.30000140  -1.68317107  0.0
-1.10942617  -1.73106243  0.0
-0.91234494  -1.76608924  0.0
-0.83600000  -1.77430219  0.0
-0.83600000  -1.77933104  0.0
;;

