# exterior:
# ---------
 2.59362110  -0.99153028  0.0
 2.44332000  -1.05082010  0.0
 2.24585532  -1.12762920  0.0
 2.04846468  -1.20296490  0.0
 1.85100000  -1.27645700  0.0
 1.65353532  -1.34774272  0.0
 1.45614468  -1.41627414  0.0
 1.25868000  -1.48163665  0.0
 1.06121532  -1.54304543  0.0
 0.86382468  -1.59978228  0.0
 0.83600000  -1.60698623  0.0
 0.83600000  -1.60636645  0.0
 0.86366659  -1.59920343  0.0
 1.06104334  -1.54247057  0.0
 1.25849663  -1.48106533  0.0
 1.45595200  -1.41570590  0.0
 1.65333505  -1.34717711  0.0
 1.85079349  -1.27589366  0.0
 2.04825306  -1.20240345  0.0
 2.24563959  -1.12706932  0.0
 2.44310116  -1.05026144  0.0
 2.59362110  -0.99088528  0.0
 2.59362110  -0.99153028  0.0
;;

