# exterior:
# ---------
 4.44178723   0.00000435  0.0
 4.41667275  -0.11681488  0.0
 4.31132048  -0.23622891  0.0
 4.19820106  -0.31234222  0.0
 4.07725795  -0.37792092  0.0
 3.94852389  -0.43968218  0.0
 3.81208173  -0.50018166  0.0
 3.66786024  -0.56080207  0.0
 3.51593455  -0.62269772  0.0
 3.35623217  -0.68687482  0.0
 3.18882830  -0.75374752  0.0
 3.01364974  -0.82373750  0.0
 2.83069734  -0.89674817  0.0
 2.64004545  -0.97257210  0.0
 2.44310116  -1.05026144  0.0
 2.24563959  -1.12706932  0.0
 2.04825306  -1.20240345  0.0
 1.85079349  -1.27589366  0.0
 1.65333505  -1.34717711  0.0
 1.45595200  -1.41570590  0.0
 1.25849663  -1.48106533  0.0
 1.06104334  -1.54247057  0.0
 0.86366659  -1.59920343  0.0
 0.66621829  -1.65032381  0.0
 0.46877224  -1.69519522  0.0
 0.27140266  -1.73308484  0.0
 0.07396128  -1.76332662  0.0
-0.12347752  -1.78535803  0.0
-0.32083891  -1.79823908  0.0
-0.51827094  -1.80089668  0.0
-0.71569945  -1.79227260  0.0
-0.91305064  -1.77104217  0.0
-1.11047423  -1.73595451  0.0
-1.30138333  -1.68797926  0.0
-1.48192975  -1.62944047  0.0
-1.65203947  -1.56222566  0.0
-1.81178543  -1.48778612  0.0
-1.96116673  -1.40709208  0.0
-2.10010943  -1.32093576  0.0
-2.22876130  -1.23017624  0.0
-2.34690009  -1.13542094  0.0
-2.45474827  -1.03724726  0.0
-2.55215789  -0.93642534  0.0
-2.63920311  -0.83365869  0.0
-2.71588403  -0.72959914  0.0
-2.78212599  -0.62510707  0.0
-2.83800353  -0.51951701  0.0
-2.88351805  -0.41294643  0.0
-2.91866944  -0.30558298  0.0
-2.94338655  -0.19246892  0.0
-2.95774475  -0.07839526  0.0
-2.95966782  -0.04962316  0.0
-2.96099989   0.00000378  0.0
-2.95966738   0.09368651  0.0
-2.95774312   0.17803575  0.0
-2.94338728   0.28958946  0.0
-2.91867126   0.39532814  0.0
-2.88351997   0.50027140  0.0
-2.83800725   0.60348536  0.0
-2.78213221   0.70482271  0.0
-2.71589446   0.80399432  0.0
-2.63921955   0.90035602  0.0
-2.55218066   0.99336774  0.0
-2.45477736   1.08265163  0.0
-2.34693508   1.16771898  0.0
-2.22880144   1.24812535  0.0
-2.10015440   1.32350748  0.0
-1.96121592   1.39311737  0.0
-1.81183807   1.45646601  0.0
-1.65209477   1.51265746  0.0
-1.48198577   1.56109189  0.0
-1.30143581   1.60094761  0.0
-1.11051655   1.63229123  0.0
-0.91307799   1.65535164  0.0
-0.71571057   1.67019491  0.0
-0.51826707   1.67783502  0.0
-0.32082243   1.67870861  0.0
-0.12345060   1.67315614  0.0
 0.07399650   1.66163654  0.0
 0.27144459   1.64444589  0.0
 0.46881950   1.62189511  0.0
 0.66626956   1.59414697  0.0
 0.86372088   1.56167522  0.0
 1.06109906   1.52479082  0.0
 1.25855217   1.48368622  0.0
 1.45600604   1.43867237  0.0
 1.65338634   1.38991218  0.0
 1.85084098   1.33745751  0.0
 2.04829580   1.28136020  0.0
 2.24567748   1.22163484  0.0
 2.44313504   1.15882157  0.0
 2.64007360   1.09383185  0.0
 2.83071657   1.02735483  0.0
 3.01365886   0.95971578  0.0
 3.18882629   0.89116654  0.0
 3.35621834   0.82152226  0.0
 3.51590879   0.75064251  0.0
 3.66782282   0.67824644  0.0
 3.81203314   0.60372050  0.0
 3.94846444   0.52592578  0.0
 4.07718903   0.44329481  0.0
 4.19814634   0.35307280  0.0
 4.31128808   0.26331418  0.0
 4.41666535   0.12551029  0.0
 4.44178723   0.00000435  0.0
;;

# interior:
# ---------
 4.43668078   0.00004063  0.0
 4.41198994   0.12339318  0.0
 4.30769374   0.25978334  0.0
 4.19509717   0.34910946  0.0
 4.07434029   0.43918197  0.0
 3.94587381   0.52164726  0.0
 3.80964601   0.59932593  0.0
 3.66559897   0.67376749  0.0
 3.51381867   0.74609982  0.0
 3.35424351   0.81692841  0.0
 3.18695468   0.88652974  0.0
 3.01188068   0.95504242  0.0
 2.82902632   1.02264896  0.0
 2.63846690   1.08909684  0.0
 2.44159370   1.15406500  0.0
 2.24419550   1.21685938  0.0
 2.04688843   1.27656217  0.0
 1.84951579   1.33263613  0.0
 1.65214480   1.38506858  0.0
 1.45485071   1.43380747  0.0
 1.25748689   1.47880080  0.0
 1.06013022   1.51988532  0.0
 0.86285586   1.55675032  0.0
 0.66551585   1.58920376  0.0
 0.46818770   1.61693476  0.0
 0.27094388   1.63947057  0.0
 0.07363397   1.65664919  0.0
-0.12366656   1.66816023  0.0
-0.32088169   1.67370830  0.0
-0.51815931   1.67283545  0.0
-0.71542632   1.66520217  0.0
-0.91260028   1.65037345  0.0
-1.10982114   1.62733847  0.0
-1.30049120   1.59603575  0.0
-1.48076116   1.55624184  0.0
-1.65057919   1.50789026  0.0
-1.81003065   1.45180147  0.0
-1.95911791   1.38857606  0.0
-2.09776809   1.31911062  0.0
-2.22612781   1.24389685  0.0
-2.34397644   1.16368446  0.0
-2.45153532   1.07884066  0.0
-2.54866080   0.98981143  0.0
-2.63543180   0.89708599  0.0
-2.71185226   0.80104407  0.0
-2.77785630   0.70222237  0.0
-2.83352171   0.60126522  0.0
-2.87885204   0.49846487  0.0
-2.91385579   0.39396209  0.0
-2.93846064   0.28869904  0.0
-2.95275042   0.17765860  0.0
-2.95466819   0.09359394  0.0
-2.95599893   0.00003532  0.0
-2.95467229  -0.04938926  0.0
-2.95276563  -0.07791592  0.0
-2.93845378  -0.19162131  0.0
-2.91383880  -0.30426804  0.0
-2.87883415  -0.41118329  0.0
-2.83348697  -0.51736205  0.0
-2.77779823  -0.62259533  0.0
-2.71175491  -0.72677406  0.0
-2.63527837  -0.83055626  0.0
-2.54844834  -0.93306885  0.0
-2.45126386  -1.03365775  0.0
-2.34364982  -1.13161828  0.0
-2.22575311  -1.22617943  0.0
-2.09734838  -1.31676460  0.0
-1.95865882  -1.40276395  0.0
-1.80953932  -1.48331656  0.0
-1.65006306  -1.55763043  0.0
-1.48023832  -1.62473263  0.0
-1.30000140  -1.68317107  0.0
-1.10942617  -1.73106243  0.0
-0.91234494  -1.76608924  0.0
-0.71532257  -1.78728429  0.0
-0.51819542  -1.79589521  0.0
-0.32103551  -1.79324128  0.0
-0.12391781  -1.78037613  0.0
 0.07330525  -1.75836879  0.0
 0.27055253  -1.72815675  0.0
 0.46774660  -1.69030081  0.0
 0.66503741  -1.64546468  0.0
 0.86234913  -1.59437966  0.0
 1.05961015  -1.53768007  0.0
 1.25696850  -1.47630436  0.0
 1.45434636  -1.41097058  0.0
 1.65166614  -1.34246376  0.0
 1.84907254  -1.27119909  0.0
 2.04648960  -1.19772471  0.0
 2.24384185  -1.12240366  0.0
 2.44127747  -1.04560587  0.0
 2.63820417  -0.96792347  0.0
 2.82884684  -0.89210321  0.0
 3.01179558  -0.81909400  0.0
 3.18697347  -0.74910429  0.0
 3.35437257  -0.68223350  0.0
 3.51405911  -0.61806275  0.0
 3.66594821  -0.55618201  0.0
 3.81009945  -0.49559113  0.0
 3.94642867  -0.43514173  0.0
 4.07498351  -0.37346646  0.0
 4.19560787  -0.30806059  0.0
 4.30799615  -0.23243923  0.0
 4.41205904  -0.11448668  0.0
 4.43668078   0.00004063  0.0
;;

