# exterior:
# ---------
 0.75000000  -1.62925207  0.0
 0.66636000  -1.65090690  0.0
 0.46889532  -1.69578254  0.0
 0.27150468  -1.73367622  0.0
 0.07404000  -1.76392156  0.0
-0.12342468  -1.78595586  0.0
-0.32081532  -1.79883882  0.0
-0.51828000  -1.80149686  0.0
-0.71574468  -1.79287120  0.0
-0.75000000  -1.78918612  0.0
-0.75000000  -1.78858265  0.0
-0.71569945  -1.79227260  0.0
-0.51827094  -1.80089668  0.0
-0.32083891  -1.79823908  0.0
-0.12347752  -1.78535803  0.0
 0.07396128  -1.76332662  0.0
 0.27140266  -1.73308484  0.0
 0.46877224  -1.69519522  0.0
 0.66621829  -1.65032381  0.0
 0.75000000  -1.62863229  0.0
 0.75000000  -1.62925207  0.0
;;

