# exterior:
# ---------
 4.44178723   0.00000435  0.0
 4.41667275  -0.11681488  0.0
 4.31132048  -0.23622891  0.0
 4.19820106  -0.31234222  0.0
 4.07725795  -0.37792092  0.0
 3.94852389  -0.43968218  0.0
 3.81208173  -0.50018166  0.0
 3.66786024  -0.56080207  0.0
 3.51593455  -0.62269772  0.0
 3.44240000  -0.65224790  0.0
 3.44240000  -0.64685928  0.0
 3.51405911  -0.61806275  0.0
 3.66594821  -0.55618201  0.0
 3.81009945  -0.49559113  0.0
 3.94642867  -0.43514173  0.0
 4.07498351  -0.37346646  0.0
 4.19560787  -0.30806059  0.0
 4.30799615  -0.23243923  0.0
 4.41205904  -0.11448668  0.0
 4.43668078   0.00004063  0.0
 4.41198994   0.12339318  0.0
 4.30769374   0.25978334  0.0
 4.19509717   0.34910946  0.0
 4.07434029   0.43918197  0.0
 3.94587381   0.52164726  0.0
 3.80964601   0.59932593  0.0
 3.66559897   0.67376749  0.0
 3.51381867   0.74609982  0.0
 3.44240000   0.77779951  0.0
 3.44240000   0.78326991  0.0
 3.51590879   0.75064251  0.0
 3.66782282   0.67824644  0.0
 3.81203314   0.60372050  0.0
 3.94846444   0.52592578  0.0
 4.07718903   0.44329481  0.0
 4.19814634   0.35307280  0.0
 4.31128808   0.26331418  0.0
 4.41666535   0.12551029  0.0
 4.44178723   0.00000435  0.0
;;

