# exterior:
# ---------
 4.44240000   0.00000000  0.0
 4.41722640  -0.11709426  0.0
 4.31171940  -0.23668367  0.0
 4.19851224  -0.31285602  0.0
 4.07753088  -0.37845546  0.0
 3.94877532  -0.44022703  0.0
 3.81231960  -0.50073252  0.0
 3.66808968  -0.56135647  0.0
 3.51615960  -0.62325391  0.0
 3.44240000  -0.65289453  0.0
 3.44240000  -0.65224790  0.0
 3.51593455  -0.62269772  0.0
 3.66786024  -0.56080207  0.0
 3.81208173  -0.50018166  0.0
 3.94852389  -0.43968218  0.0
 4.07725795  -0.37792092  0.0
 4.19820106  -0.31234222  0.0
 4.31132048  -0.23622891  0.0
 4.41667275  -0.11681488  0.0
 4.44178723   0.00000435  0.0
 4.41666535   0.12551029  0.0
 4.31128808   0.26331418  0.0
 4.19814634   0.35307280  0.0
 4.07718903   0.44329481  0.0
 3.94846444   0.52592578  0.0
 3.81203314   0.60372050  0.0
 3.66782282   0.67824644  0.0
 3.51590879   0.75064251  0.0
 3.44240000   0.78326991  0.0
 3.44240000   0.78392636  0.0
 3.51615960   0.75118763  0.0
 3.66808968   0.67878391  0.0
 3.81231960   0.60424784  0.0
 3.94877532   0.52643921  0.0
 4.07753088   0.44378836  0.0
 4.19851224   0.35354840  0.0
 4.31171940   0.26373788  0.0
 4.41722640   0.12576434  0.0
 4.44240000   0.00000000  0.0
;;

