# exterior:
# ---------
 4.44240000   0.00000000  0.0
 4.41722640  -0.11709426  0.0
 4.31171940  -0.23668367  0.0
 4.19851224  -0.31285602  0.0
 4.07753088  -0.37845546  0.0
 3.94877532  -0.44022703  0.0
 3.81231960  -0.50073252  0.0
 3.66808968  -0.56135647  0.0
 3.51615960  -0.62325391  0.0
 3.35645532  -0.68743178  0.0
 3.18905088  -0.75430471  0.0
 3.01387224  -0.82429472  0.0
 2.83091940  -0.89730557  0.0
 2.64026640  -0.97312993  0.0
 2.44332000  -1.05082010  0.0
 2.24585532  -1.12762920  0.0
 2.04846468  -1.20296490  0.0
 1.85100000  -1.27645700  0.0
 1.65353532  -1.34774272  0.0
 1.45614468  -1.41627414  0.0
 1.25868000  -1.48163665  0.0
 1.06121532  -1.54304543  0.0
 0.86382468  -1.59978228  0.0
 0.66636000  -1.65090690  0.0
 0.46889532  -1.69578254  0.0
 0.27150468  -1.73367622  0.0
 0.07404000  -1.76392156  0.0
-0.12342468  -1.78595586  0.0
-0.32081532  -1.79883882  0.0
-0.51828000  -1.80149686  0.0
-0.71574468  -1.79287120  0.0
-0.91313532  -1.77163652  0.0
-1.11060000  -1.73654156  0.0
-1.30154916  -1.68855624  0.0
-1.48213272  -1.63000541  0.0
-1.65227664  -1.56277709  0.0
-1.81205496  -1.48832246  0.0
-1.96146768  -1.40761146  0.0
-2.10044076  -1.32143630  0.0
-2.22912228  -1.23065586  0.0
-2.34729012  -1.13587726  0.0
-2.45516640  -1.03767800  0.0
-2.55260304  -0.93682812  0.0
-2.63967408  -0.83403098  0.0
-2.71637952  -0.72993815  0.0
-2.78264532  -0.62540848  0.0
-2.83854552  -0.51977561  0.0
-2.88408012  -0.41315801  0.0
-2.91924912  -0.30574078  0.0
-2.94397848  -0.19257064  0.0
-2.95834224  -0.07845278  0.0
-2.96026728  -0.04965122  0.0
-2.96160000   0.00000000  0.0
-2.96026728   0.09369762  0.0
-2.95834224   0.17808101  0.0
-2.94397848   0.28969631  0.0
-2.91924912   0.39549206  0.0
-2.88408012   0.50048819  0.0
-2.83854552   0.60375178  0.0
-2.78264532   0.70513475  0.0
-2.71637952   0.80434835  0.0
-2.63967408   0.90074843  0.0
-2.55260304   0.99379450  0.0
-2.45516640   1.08310895  0.0
-2.34729012   1.16820312  0.0
-2.22912228   1.24863277  0.0
-2.10044076   1.32403511  0.0
-1.96146768   1.39366232  0.0
-1.81205496   1.45702576  0.0
-1.65227664   1.51322952  0.0
-1.48213272   1.56167389  0.0
-1.30154916   1.60153703  0.0
-1.11060000   1.63288556  0.0
-0.91313532   1.65594902  0.0
-0.71574468   1.67079404  0.0
-0.51828000   1.67843497  0.0
-0.32081532   1.67930864  0.0
-0.12342468   1.67375564  0.0
 0.07404000   1.66223502  0.0
 0.27150468   1.64504293  0.0
 0.46889532   1.62249035  0.0
 0.66636000   1.59474016  0.0
 0.86382468   1.56226621  0.0
 1.06121532   1.52537948  0.0
 1.25868000   1.48427248  0.0
 1.45614468   1.43925616  0.0
 1.65353532   1.39049341  0.0
 1.85100000   1.33803607  0.0
 2.04846468   1.28193596  0.0
 2.24585532   1.22220790  0.0
 2.44332000   1.15939236  0.0
 2.64026640   1.09440005  0.0
 2.83091940   1.02791953  0.0
 3.01387224   0.96027659  0.0
 3.18905088   0.89172295  0.0
 3.35645532   0.82207352  0.0
 3.51615960   0.75118763  0.0
 3.66808968   0.67878391  0.0
 3.81231960   0.60424784  0.0
 3.94877532   0.52643921  0.0
 4.07753088   0.44378836  0.0
 4.19851224   0.35354840  0.0
 4.31171940   0.26373788  0.0
 4.41722640   0.12576434  0.0
 4.44240000   0.00000000  0.0
;;

# interior:
# ---------
 4.44178723   0.00000435  0.0
 4.41666535   0.12551029  0.0
 4.31128808   0.26331418  0.0
 4.19814634   0.35307280  0.0
 4.07718903   0.44329481  0.0
 3.94846444   0.52592578  0.0
 3.81203314   0.60372050  0.0
 3.66782282   0.67824644  0.0
 3.51590879   0.75064251  0.0
 3.35621834   0.82152226  0.0
 3.18882629   0.89116654  0.0
 3.01365886   0.95971578  0.0
 2.83071657   1.02735483  0.0
 2.64007360   1.09383185  0.0
 2.44313504   1.15882157  0.0
 2.24567748   1.22163484  0.0
 2.04829580   1.28136020  0.0
 1.85084098   1.33745751  0.0
 1.65338634   1.38991218  0.0
 1.45600604   1.43867237  0.0
 1.25855217   1.48368622  0.0
 1.06109906   1.52479082  0.0
 0.86372088   1.56167522  0.0
 0.66626956   1.59414697  0.0
 0.46881950   1.62189511  0.0
 0.27144459   1.64444589  0.0
 0.07399650   1.66163654  0.0
-0.12345060   1.67315614  0.0
-0.32082243   1.67870861  0.0
-0.51826707   1.67783502  0.0
-0.71571057   1.67019491  0.0
-0.91307799   1.65535164  0.0
-1.11051655   1.63229123  0.0
-1.30143581   1.60094761  0.0
-1.48198577   1.56109189  0.0
-1.65209477   1.51265746  0.0
-1.81183807   1.45646601  0.0
-1.96121592   1.39311737  0.0
-2.10015440   1.32350748  0.0
-2.22880144   1.24812535  0.0
-2.34693508   1.16771898  0.0
-2.45477736   1.08265163  0.0
-2.55218066   0.99336774  0.0
-2.63921955   0.90035602  0.0
-2.71589446   0.80399432  0.0
-2.78213221   0.70482271  0.0
-2.83800725   0.60348536  0.0
-2.88351997   0.50027140  0.0
-2.91867126   0.39532814  0.0
-2.94338728   0.28958946  0.0
-2.95774312   0.17803575  0.0
-2.95966738   0.09368651  0.0
-2.96099989   0.00000378  0.0
-2.95966782  -0.04962316  0.0
-2.95774475  -0.07839526  0.0
-2.94338655  -0.19246892  0.0
-2.91866944  -0.30558298  0.0
-2.88351805  -0.41294643  0.0
-2.83800353  -0.51951701  0.0
-2.78212599  -0.62510707  0.0
-2.71588403  -0.72959914  0.0
-2.63920311  -0.83365869  0.0
-2.55215789  -0.93642534  0.0
-2.45474827  -1.03724726  0.0
-2.34690009  -1.13542094  0.0
-2.22876130  -1.23017624  0.0
-2.10010943  -1.32093576  0.0
-1.96116673  -1.40709208  0.0
-1.81178543  -1.48778612  0.0
-1.65203947  -1.56222566  0.0
-1.48192975  -1.62944047  0.0
-1.30138333  -1.68797926  0.0
-1.11047423  -1.73595451  0.0
-0.91305064  -1.77104217  0.0
-0.71569945  -1.79227260  0.0
-0.51827094  -1.80089668  0.0
-0.32083891  -1.79823908  0.0
-0.12347752  -1.78535803  0.0
 0.07396128  -1.76332662  0.0
 0.27140266  -1.73308484  0.0
 0.46877224  -1.69519522  0.0
 0.66621829  -1.65032381  0.0
 0.86366659  -1.59920343  0.0
 1.06104334  -1.54247057  0.0
 1.25849663  -1.48106533  0.0
 1.45595200  -1.41570590  0.0
 1.65333505  -1.34717711  0.0
 1.85079349  -1.27589366  0.0
 2.04825306  -1.20240345  0.0
 2.24563959  -1.12706932  0.0
 2.44310116  -1.05026144  0.0
 2.64004545  -0.97257210  0.0
 2.83069734  -0.89674817  0.0
 3.01364974  -0.82373750  0.0
 3.18882830  -0.75374752  0.0
 3.35623217  -0.68687482  0.0
 3.51593455  -0.62269772  0.0
 3.66786024  -0.56080207  0.0
 3.81208173  -0.50018166  0.0
 3.94852389  -0.43968218  0.0
 4.07725795  -0.37792092  0.0
 4.19820106  -0.31234222  0.0
 4.31132048  -0.23622891  0.0
 4.41667275  -0.11681488  0.0
 4.44178723   0.00000435  0.0
;;

