# exterior:
# ---------
 2.59362110  -0.99088528  0.0
 2.44310116  -1.05026144  0.0
 2.24563959  -1.12706932  0.0
 2.04825306  -1.20240345  0.0
 1.85079349  -1.27589366  0.0
 1.65333505  -1.34717711  0.0
 1.45595200  -1.41570590  0.0
 1.25849663  -1.48106533  0.0
 1.06104334  -1.54247057  0.0
 0.86366659  -1.59920343  0.0
 0.83600000  -1.60636645  0.0
 0.83600000  -1.60120159  0.0
 0.86234913  -1.59437966  0.0
 1.05961015  -1.53768007  0.0
 1.25696850  -1.47630436  0.0
 1.45434636  -1.41097058  0.0
 1.65166614  -1.34246376  0.0
 1.84907254  -1.27119909  0.0
 2.04648960  -1.19772471  0.0
 2.24384185  -1.12240366  0.0
 2.44127747  -1.04560587  0.0
 2.59362110  -0.98551032  0.0
 2.59362110  -0.99088528  0.0
;;

