# exterior:
# ---------
 0.83600000   1.56623404  0.0
 0.86372088   1.56167522  0.0
 1.06109906   1.52479082  0.0
 1.25855217   1.48368622  0.0
 1.45600604   1.43867237  0.0
 1.65338634   1.38991218  0.0
 1.85084098   1.33745751  0.0
 2.04829580   1.28136020  0.0
 2.24567748   1.22163484  0.0
 2.44313504   1.15882157  0.0
 2.59362110   1.10916117  0.0
 2.59362110   1.10389596  0.0
 2.44159370   1.15406500  0.0
 2.24419550   1.21685938  0.0
 2.04688843   1.27656217  0.0
 1.84951579   1.33263613  0.0
 1.65214480   1.38506858  0.0
 1.45485071   1.43380747  0.0
 1.25748689   1.47880080  0.0
 1.06013022   1.51988532  0.0
 0.86285586   1.55675032  0.0
 0.83600000   1.56116688  0.0
 0.83600000   1.56623404  0.0
;;

