# exterior:
# ---------
-0.83600000  -1.77993450  0.0
-0.91313532  -1.77163652  0.0
-1.11060000  -1.73654156  0.0
-1.30154916  -1.68855624  0.0
-1.48213272  -1.63000541  0.0
-1.65227664  -1.56277709  0.0
-1.81205496  -1.48832246  0.0
-1.96146768  -1.40761146  0.0
-2.10044076  -1.32143630  0.0
-2.22912228  -1.23065586  0.0
-2.34729012  -1.13587726  0.0
-2.45516640  -1.03767800  0.0
-2.55260304  -0.93682812  0.0
-2.63967408  -0.83403098  0.0
-2.71637952  -0.72993815  0.0
-2.78264532  -0.62540848  0.0
-2.83854552  -0.51977561  0.0
-2.88408012  -0.41315801  0.0
-2.91924912  -0.30574078  0.0
-2.94397848  -0.19257064  0.0
-2.95834224  -0.07845278  0.0
-2.96026728  -0.04965122  0.0
-2.96160000   0.00000000  0.0
-2.96026728   0.09369762  0.0
-2.95834224   0.17808101  0.0
-2.94397848   0.28969631  0.0
-2.91924912   0.39549206  0.0
-2.88408012   0.50048819  0.0
-2.83854552   0.60375178  0.0
-2.78264532   0.70513475  0.0
-2.71637952   0.80434835  0.0
-2.63967408   0.90074843  0.0
-2.55260304   0.99379450  0.0
-2.45516640   1.08310895  0.0
-2.34729012   1.16820312  0.0
-2.22912228   1.24863277  0.0
-2.10044076   1.32403511  0.0
-1.96146768   1.39366232  0.0
-1.81205496   1.45702576  0.0
-1.65227664   1.51322952  0.0
-1.48213272   1.56167389  0.0
-1.30154916   1.60153703  0.0
-1.11060000   1.63288556  0.0
-0.91313532   1.65594902  0.0
-0.83600000   1.66175009  0.0
-0.83600000   1.66114839  0.0
-0.91307799   1.65535164  0.0
-1.11051655   1.63229123  0.0
-1.30143581   1.60094761  0.0
-1.48198577   1.56109189  0.0
-1.65209477   1.51265746  0.0
-1.81183807   1.45646601  0.0
-1.96121592   1.39311737  0.0
-2.10015440   1.32350748  0.0
-2.22880144   1.24812535  0.0
-2.34693508   1.16771898  0.0
-2.45477736   1.08265163  0.0
-2.55218066   0.99336774  0.0
-2.63921955   0.90035602  0.0
-2.71589446   0.80399432  0.0
-2.78213221   0.70482271  0.0
-2.83800725   0.60348536  0.0
-2.88351997   0.50027140  0.0
-2.91867126   0.39532814  0.0
-2.94338728   0.28958946  0.0
-2.95774312   0.17803575  0.0
-2.95966738   0.09368651  0.0
-2.96099989   0.00000378  0.0
-2.95966782  -0.04962316  0.0
-2.95774475  -0.07839526  0.0
-2.94338655  -0.19246892  0.0
-2.91866944  -0.30558298  0.0
-2.88351805  -0.41294643  0.0
-2.83800353  -0.51951701  0.0
-2.78212599  -0.62510707  0.0
-2.71588403  -0.72959914  0.0
-2.63920311  -0.83365869  0.0
-2.55215789  -0.93642534  0.0
-2.45474827  -1.03724726  0.0
-2.34690009  -1.13542094  0.0
-2.22876130  -1.23017624  0.0
-2.10010943  -1.32093576  0.0
-1.96116673  -1.40709208  0.0
-1.81178543  -1.48778612  0.0
-1.65203947  -1.56222566  0.0
-1.48192975  -1.62944047  0.0
-1.30138333  -1.68797926  0.0
-1.11047423  -1.73595451  0.0
-0.91305064  -1.77104217  0.0
-0.83600000  -1.77933104  0.0
-0.83600000  -1.77993450  0.0
;;

