# exterior:
# ---------
 0.83600000   1.56684210  0.0
 0.86382468   1.56226621  0.0
 1.06121532   1.52537948  0.0
 1.25868000   1.48427248  0.0
 1.45614468   1.43925616  0.0
 1.65353532   1.39049341  0.0
 1.85100000   1.33803607  0.0
 2.04846468   1.28193596  0.0
 2.24585532   1.22220790  0.0
 2.44332000   1.15939236  0.0
 2.59362110   1.10979300  0.0
 2.59362110   1.10916117  0.0
 2.44313504   1.15882157  0.0
 2.24567748   1.22163484  0.0
 2.04829580   1.28136020  0.0
 1.85084098   1.33745751  0.0
 1.65338634   1.38991218  0.0
 1.45600604   1.43867237  0.0
 1.25855217   1.48368622  0.0
 1.06109906   1.52479082  0.0
 0.86372088   1.56167522  0.0
 0.83600000   1.56623404  0.0
 0.83600000   1.56684210  0.0
;;

