# exterior:
# ---------
-0.75000000   1.66761613  0.0
-0.71571057   1.67019491  0.0
-0.51826707   1.67783502  0.0
-0.32082243   1.67870861  0.0
-0.12345060   1.67315614  0.0
 0.07399650   1.66163654  0.0
 0.27144459   1.64444589  0.0
 0.46881950   1.62189511  0.0
 0.66626956   1.59414697  0.0
 0.75000000   1.58037713  0.0
 0.75000000   1.57530996  0.0
 0.66551585   1.58920376  0.0
 0.46818770   1.61693476  0.0
 0.27094388   1.63947057  0.0
 0.07363397   1.65664919  0.0
-0.12366656   1.66816023  0.0
-0.32088169   1.67370830  0.0
-0.51815931   1.67283545  0.0
-0.71542632   1.66520217  0.0
-0.75000000   1.66260201  0.0
-0.75000000   1.66761613  0.0
;;

