# exterior:
# ---------
-0.74500000   1.54665046  0.0
-0.74500000   1.54665046  0.0
-0.70883182   1.54937054  0.0
-0.51565932   1.55684538  0.0
-0.32225645   1.55770108  0.0
-0.12867684   1.55225529  0.0
 0.06522344   1.54094262  0.0
 0.25932721   1.52404315  0.0
 0.45352981   1.50185481  0.0
 0.64802997   1.47452123  0.0
 0.74500000   1.45857408  0.0
 0.74000000   1.45432919  0.0
 0.64727626   1.46957802  0.0
 0.45289800   1.49689447  0.0
 0.25882649   1.51906783  0.0
 0.06486091   1.53595527  0.0
-0.12889280   1.54725939  0.0
-0.32231571   1.55270077  0.0
-0.51555156   1.55184580  0.0
-0.70854757   1.54437779  0.0
-0.74000000   1.54201237  0.0
-0.74000000   1.54201237  0.0
-0.74500000   1.54665046  0.0
;;

