# exterior:
# ---------
 0.75000000  -1.50880750  0.0
 0.63882172  -1.53759213  0.0
 0.44497739  -1.58164501  0.0
 0.25167955  -1.61875298  0.0
 0.05874150  -1.64830498  0.0
-0.13369239  -1.66977792  0.0
-0.32540003  -1.68228997  0.0
-0.51651902  -1.68486259  0.0
-0.70695583  -1.67654392  0.0
-0.75000000  -1.67191336  0.0
-0.74500000  -1.66742240  0.0
-0.74500000  -1.66742240  0.0
-0.70657895  -1.67155562  0.0
-0.51644351  -1.67986112  0.0
-0.32559663  -1.67729216  0.0
-0.13413268  -1.66479602  0.0
 0.05808548  -1.64334715  0.0
 0.25082941  -1.61382488  0.0
 0.44395175  -1.57675061  0.0
 0.63764083  -1.53273300  0.0
 0.74500000  -1.50493716  0.0
 0.75000000  -1.50880750  0.0
;;

