# exterior:
# ---------
 3.44240000   0.71215476  0.0
 3.44240000   0.65745081  0.0
 3.46783605   0.64616083  0.0
 3.61667423   0.57523059  0.0
 3.75712917   0.50264538  0.0
 3.88887984   0.42751962  0.0
 4.01166793   0.34869941  0.0
 4.12801542   0.26191586  0.0
 4.22861819   0.18210477  0.0
 4.30913093   0.07681671  0.0
 4.32433904   0.00083875  0.0
 4.31055734  -0.06326645  0.0
 4.23486098  -0.14906628  0.0
 4.13855774  -0.21386469  0.0
 4.02494580  -0.27546823  0.0
 3.90033378  -0.33525190  0.0
 3.76648931  -0.39459955  0.0
 3.62388366  -0.45454077  0.0
 3.47279950  -0.51609357  0.0
 3.44240000  -0.52830975  0.0
 3.44240000  -0.58219590  0.0
 3.33205736  -0.62653758  0.0
 3.16471553  -0.69338550  0.0
 2.98954567  -0.76337200  0.0
 2.80664084  -0.83636369  0.0
 2.67962110  -0.88688055  0.0
 2.67962110   1.01120330  0.0
 2.80874333   0.96617850  0.0
 2.99054248   0.89896211  0.0
 3.16449539   0.83088815  0.0
 3.33054552   0.76180218  0.0
 3.44240000   0.71215476  0.0
;;

# interior:
# ---------
 3.43740000   0.70890366  0.0
 3.32857069   0.75720833  0.0
 3.16262378   0.82625135  0.0
 2.98876430   0.89428875  0.0
 2.80705308   0.96147263  0.0
 2.68462110   1.00416454  0.0
 2.68462110  -0.87951108  0.0
 2.80479034  -0.83171873  0.0
 2.98769151  -0.75872850  0.0
 3.16286043  -0.68874237  0.0
 3.33019776  -0.62189625  0.0
 3.43740000  -0.57881656  0.0
 3.43740000  -0.52830975  0.0
 3.43742451  -0.52781527  0.0
 3.43749780  -0.52732564  0.0
 3.43761916  -0.52684566  0.0
 3.43778739  -0.52638003  0.0
 3.43800084  -0.52593332  0.0
 3.43825743  -0.52550991  0.0
 3.43855463  -0.52511396  0.0
 3.43888953  -0.52474933  0.0
 3.43925885  -0.52441961  0.0
 3.43965896  -0.52412804  0.0
 3.44008595  -0.52387746  0.0
 3.44053563  -0.52367034  0.0
 3.47092406  -0.51145861  0.0
 3.62197163  -0.44992071  0.0
 3.76450703  -0.39000902  0.0
 3.89823856  -0.33071146  0.0
 4.02267136  -0.27101376  0.0
 4.13596455  -0.20958306  0.0
 4.23153665  -0.14527660  0.0
 4.30594362  -0.06093826  0.0
 4.31923260   0.00087503  0.0
 4.30445552   0.07469960  0.0
 4.22502385   0.17857392  0.0
 4.12496625   0.25795251  0.0
 4.00881919   0.34458657  0.0
 3.88628920   0.42324109  0.0
 3.75474204   0.49825081  0.0
 3.61445038   0.57075164  0.0
 3.46574594   0.64161815  0.0
 3.44037155   0.65288075  0.0
 3.43994245   0.65309645  0.0
 3.43953603   0.65335231  0.0
 3.43915603   0.65364599  0.0
 3.43880595   0.65397477  0.0
 3.43848904   0.65433562  0.0
 3.43820821   0.65472521  0.0
 3.43796605   0.65513995  0.0
 3.43776480   0.65557600  0.0
 3.43760631   0.65602936  0.0
 3.43749205   0.65649582  0.0
 3.43742306   0.65697110  0.0
 3.43740000   0.65745081  0.0
 3.43740000   0.70890366  0.0
;;

