# exterior:
# ---------
 2.59362110   1.04071336  0.0
 2.59362110  -0.92101075  0.0
 2.41939319  -0.98973907  0.0
 2.22226900  -1.06641573  0.0
 2.02532798  -1.14157983  0.0
 1.82842124  -1.21486428  0.0
 1.63163925  -1.28590353  0.0
 1.43507867  -1.35414677  0.0
 1.23863104  -1.41917263  0.0
 1.04241194  -1.48019405  0.0
 0.84653964  -1.53649448  0.0
 0.83600000  -1.53922325  0.0
 0.83600000   1.50036094  0.0
 0.85247563   1.49765145  0.0
 1.04850410   1.46101927  0.0
 1.24470354   1.42017565  0.0
 1.44098670   1.37542869  0.0
 1.63724638   1.32694533  0.0
 1.83361354   1.27477955  0.0
 2.03000000   1.21898577  0.0
 2.22641177   1.15955389  0.0
 2.42309759   1.09698612  0.0
 2.59362110   1.04071336  0.0
;;

# interior:
# ---------
 2.58862110   1.03709815  0.0
 2.42155624   1.09222955  0.0
 2.22492979   1.15477844  0.0
 2.02859263   1.21418773  0.0
 1.83228835   1.26995817  0.0
 1.63600484   1.32210173  0.0
 1.43983136   1.37056379  0.0
 1.24363826   1.41529022  0.0
 1.04753525   1.45611377  0.0
 0.85161062   1.49272654  0.0
 0.84100000   1.49447150  0.0
 0.84100000  -1.53276386  0.0
 0.84522218  -1.53167071  0.0
 1.04097875  -1.47540355  0.0
 1.23710291  -1.41441166  0.0
 1.43347303  -1.34941146  0.0
 1.62997034  -1.28119018  0.0
 1.82670030  -1.21016971  0.0
 2.02356452  -1.13690108  0.0
 2.22047126  -1.06175007  0.0
 2.41756950  -0.98508351  0.0
 2.58862110  -0.91760815  0.0
 2.58862110   1.03709815  0.0
;;

