# exterior:
# ---------
 0.74500000   1.45857408  0.0
 0.74500000  -1.50493716  0.0
 0.63764083  -1.53273300  0.0
 0.44395175  -1.57675061  0.0
 0.25082941  -1.61382488  0.0
 0.05808548  -1.64334715  0.0
-0.13413268  -1.66479602  0.0
-0.32559663  -1.67729216  0.0
-0.51644351  -1.67986112  0.0
-0.70657895  -1.67155562  0.0
-0.74500000  -1.66742240  0.0
-0.74500000   1.54665046  0.0
-0.70883182   1.54937054  0.0
-0.51565932   1.55684538  0.0
-0.32225645   1.55770108  0.0
-0.12867684   1.55225529  0.0
 0.06522344   1.54094262  0.0
 0.25932721   1.52404315  0.0
 0.45352981   1.50185481  0.0
 0.64802997   1.47452123  0.0
 0.74500000   1.45857408  0.0
;;

# interior:
# ---------
 0.74000000   1.45432919  0.0
 0.64727626   1.46957802  0.0
 0.45289800   1.49689447  0.0
 0.25882649   1.51906783  0.0
 0.06486091   1.53595527  0.0
-0.12889280   1.54725939  0.0
-0.32231571   1.55270077  0.0
-0.51555156   1.55184580  0.0
-0.70854757   1.54437779  0.0
-0.74000000   1.54201237  0.0
-0.74000000  -1.66293143  0.0
-0.70620207  -1.66656731  0.0
-0.51636799  -1.67485965  0.0
-0.32579323  -1.67229436  0.0
-0.13457298  -1.65981412  0.0
 0.05742945  -1.63838932  0.0
 0.24997928  -1.60889678  0.0
 0.44292611  -1.57185620  0.0
 0.63645994  -1.52787388  0.0
 0.74000000  -1.50106683  0.0
 0.74000000   1.45432919  0.0
;;

