# exterior:
# ---------
-0.75000000   1.55128855  0.0
-0.70911606   1.55436328  0.0
-0.51576708   1.56184495  0.0
-0.32219719   1.56270139  0.0
-0.12846088   1.55725119  0.0
 0.06558596   1.54592997  0.0
 0.25982793   1.52901847  0.0
 0.45416161   1.50681515  0.0
 0.64878367   1.47946444  0.0
 0.75000000   1.46281897  0.0
 0.74500000   1.45857408  0.0
 0.64802997   1.47452123  0.0
 0.45352981   1.50185481  0.0
 0.25932721   1.52404315  0.0
 0.06522344   1.54094262  0.0
-0.12867684   1.55225529  0.0
-0.32225645   1.55770108  0.0
-0.51565932   1.55684538  0.0
-0.70883182   1.54937054  0.0
-0.74500000   1.54665046  0.0
-0.74500000   1.54665046  0.0
-0.75000000   1.55128855  0.0
;;

