# exterior:
# ---------
-0.84100000  -1.70838927  0.0
-0.90317089  -1.70170112  0.0
-1.09580137  -1.66746533  0.0
-1.28203631  -1.62066469  0.0
-1.45824978  -1.56353077  0.0
-1.62436969  -1.49789245  0.0
-1.78033989  -1.42521236  0.0
-1.92605595  -1.34649825  0.0
-2.06145475  -1.26253945  0.0
-2.18664664  -1.17422082  0.0
-2.30139636  -1.08218378  0.0
-2.40596649  -0.98699410  0.0
-2.50022418  -0.88943453  0.0
-2.58425679  -0.79022459  0.0
-2.65807635  -0.69004803  0.0
-2.72153733  -0.58994277  0.0
-2.77477168  -0.48934748  0.0
-2.81794341  -0.38826245  0.0
-2.85104042  -0.28717374  0.0
-2.87432785  -0.18060235  0.0
-2.88803710  -0.07168452  0.0
-2.88973050  -0.04634861  0.0
-2.89098652   0.00044531  0.0
-2.88967873   0.09239046  0.0
-2.88784536   0.17275561  0.0
-2.87441425   0.27712360  0.0
-2.85125470   0.37620351  0.0
-2.81816902   0.47497994  0.0
-2.77520965   0.57240340  0.0
-2.72226948   0.66841794  0.0
-2.65930364   0.76269081  0.0
-2.58619104   0.85457557  0.0
-2.50290268   0.94357938  0.0
-2.40938880   1.02929807  0.0
-2.30551412   1.11123573  0.0
-2.19137058   1.18892629  0.0
-2.06674604   1.26195139  0.0
-1.93184374   1.32953910  0.0
-1.78653415   1.39116246  0.0
-1.63087661   1.44591669  0.0
-1.46484132   1.49319123  0.0
-1.28821137   1.53218162  0.0
-1.10078085   1.56295250  0.0
-0.90639002   1.58565694  0.0
-0.84100000   1.59057468  0.0
-0.84600000   1.58518453  0.0
-0.90591231   1.58067874  0.0
-1.10008545   1.55799973  0.0
-1.28726676   1.52726977  0.0
-1.46361671   1.48834119  0.0
-1.62936103   1.44114950  0.0
-1.78472672   1.38649792  0.0
-1.92974572   1.32499779  0.0
-2.06435972   1.25755453  0.0
-2.18869694   1.18469778  0.0
-2.30255548   1.10720121  0.0
-2.40614676   1.02548710  0.0
-2.49938283   0.94002307  0.0
-2.58240329   0.85130554  0.0
-2.65526144   0.75974056  0.0
-2.71799357   0.66581760  0.0
-2.77072411   0.57018326  0.0
-2.81350109   0.47317340  0.0
-2.84643923   0.37483746  0.0
-2.86948761   0.27623319  0.0
-2.88285266   0.17237845  0.0
-2.88467954   0.09229789  0.0
-2.88598557   0.00047685  0.0
-2.88473498  -0.04611471  0.0
-2.88305798  -0.07120518  0.0
-2.86939509  -0.17975473  0.0
-2.84620977  -0.28585880  0.0
-2.81325951  -0.38649931  0.0
-2.77025512  -0.48719251  0.0
-2.71720957  -0.58743103  0.0
-2.65394723  -0.68722295  0.0
-2.58033206  -0.78712216  0.0
-2.49651463  -0.88607804  0.0
-2.40248208  -0.98340459  0.0
-2.29814610  -1.07838112  0.0
-2.18363845  -1.17022400  0.0
-2.05869370  -1.25836829  0.0
-1.92354804  -1.34217011  0.0
-1.77809378  -1.42074280  0.0
-1.62239327  -1.49329722  0.0
-1.45655836  -1.55882294  0.0
-1.28065438  -1.61585651  0.0
-1.09475331  -1.66257325  0.0
-0.90246519  -1.69674819  0.0
-0.84600000  -1.70282254  0.0
-0.84100000  -1.70838927  0.0
;;

