# exterior:
# ---------
 0.83600000   1.50036094  0.0
 0.85247563   1.49765145  0.0
 1.04850410   1.46101927  0.0
 1.24470354   1.42017565  0.0
 1.44098670   1.37542869  0.0
 1.63724638   1.32694533  0.0
 1.83361354   1.27477955  0.0
 2.03000000   1.21898577  0.0
 2.22641177   1.15955389  0.0
 2.42309759   1.09698612  0.0
 2.59362110   1.04071336  0.0
 2.58862110   1.03709815  0.0
 2.58862110   1.03709815  0.0
 2.42155624   1.09222955  0.0
 2.22492979   1.15477844  0.0
 2.02859263   1.21418773  0.0
 1.83228835   1.26995817  0.0
 1.63600484   1.32210173  0.0
 1.43983136   1.37056379  0.0
 1.24363826   1.41529022  0.0
 1.04753525   1.45611377  0.0
 0.85161062   1.49272654  0.0
 0.84100000   1.49447150  0.0
 0.83600000   1.50036094  0.0
;;

