# exterior:
# ---------
 2.58862110  -0.91760815  0.0
 2.58862110  -0.91760815  0.0
 2.41756950  -0.98508351  0.0
 2.22047126  -1.06175007  0.0
 2.02356452  -1.13690108  0.0
 1.82670030  -1.21016971  0.0
 1.62997034  -1.28119018  0.0
 1.43347303  -1.34941146  0.0
 1.23710291  -1.41441166  0.0
 1.04097875  -1.47540355  0.0
 0.84522218  -1.53167071  0.0
 0.84100000  -1.53276386  0.0
 0.84100000  -1.53273397  0.0
 0.84600000  -1.52624470  0.0
 1.03954557  -1.47061305  0.0
 1.23557479  -1.40965068  0.0
 1.43186739  -1.34467614  0.0
 1.62830144  -1.27647683  0.0
 1.82497936  -1.20547514  0.0
 2.02180105  -1.13222234  0.0
 2.21867352  -1.05708441  0.0
 2.41574581  -0.98042794  0.0
 2.58362109  -0.91420556  0.0
 2.58362110  -0.91420556  0.0
 2.58862110  -0.91760815  0.0
;;

