# exterior:
# ---------
-0.83600000   1.59596483  0.0
-0.83600000  -1.71395601  0.0
-0.90387658  -1.70665405  0.0
-1.09684943  -1.67235742  0.0
-1.28341824  -1.62547287  0.0
-1.45994121  -1.56823861  0.0
-1.62634610  -1.50248768  0.0
-1.78258600  -1.42968191  0.0
-1.92856386  -1.35082638  0.0
-2.06421579  -1.26671062  0.0
-2.18965483  -1.17821763  0.0
-2.30464663  -1.08598643  0.0
-2.40945090  -0.99058361  0.0
-2.50393373  -0.89279101  0.0
-2.58818153  -0.79332703  0.0
-2.66220547  -0.69287311  0.0
-2.72586509  -0.59245450  0.0
-2.77928824  -0.49150244  0.0
-2.82262731  -0.39002559  0.0
-2.85587106  -0.28848869  0.0
-2.87926062  -0.18144996  0.0
-2.89301621  -0.07216386  0.0
-2.89472602  -0.04658251  0.0
-2.89598748   0.00041378  0.0
-2.89467792   0.09248304  0.0
-2.89283806   0.17313276  0.0
-2.87934090   0.27801402  0.0
-2.85607017   0.37756955  0.0
-2.82283694   0.47678647  0.0
-2.77969519   0.57462354  0.0
-2.72654539   0.67101828  0.0
-2.66334585   0.76564106  0.0
-2.58997879   0.85784560  0.0
-2.50642254   0.94713569  0.0
-2.41263084   1.03310904  0.0
-2.30847276   1.11527024  0.0
-2.19404421   1.19315479  0.0
-2.06913235   1.26634826  0.0
-1.93394175   1.33408040  0.0
-1.78834157   1.39582700  0.0
-1.63239219   1.45068389  0.0
-1.46606592   1.49804128  0.0
-1.28915597   1.53709348  0.0
-1.10147626   1.56790526  0.0
-0.90686773   1.59063513  0.0
-0.83600000   1.59596483  0.0
;;

# interior:
# ---------
-0.84100000   1.59057468  0.0
-0.90639002   1.58565694  0.0
-1.10078085   1.56295250  0.0
-1.28821137   1.53218162  0.0
-1.46484132   1.49319123  0.0
-1.63087661   1.44591669  0.0
-1.78653415   1.39116246  0.0
-1.93184374   1.32953910  0.0
-2.06674604   1.26195139  0.0
-2.19137058   1.18892629  0.0
-2.30551412   1.11123573  0.0
-2.40938880   1.02929807  0.0
-2.50290268   0.94357938  0.0
-2.58619104   0.85457557  0.0
-2.65930364   0.76269081  0.0
-2.72226948   0.66841794  0.0
-2.77520965   0.57240340  0.0
-2.81816902   0.47497994  0.0
-2.85125470   0.37620351  0.0
-2.87441425   0.27712360  0.0
-2.88784536   0.17275561  0.0
-2.88967873   0.09239046  0.0
-2.89098652   0.00044531  0.0
-2.88973050  -0.04634861  0.0
-2.88803710  -0.07168452  0.0
-2.87432785  -0.18060235  0.0
-2.85104042  -0.28717374  0.0
-2.81794341  -0.38826245  0.0
-2.77477168  -0.48934748  0.0
-2.72153733  -0.58994277  0.0
-2.65807635  -0.69004803  0.0
-2.58425679  -0.79022459  0.0
-2.50022418  -0.88943453  0.0
-2.40596649  -0.98699410  0.0
-2.30139636  -1.08218378  0.0
-2.18664664  -1.17422082  0.0
-2.06145475  -1.26253945  0.0
-1.92605595  -1.34649825  0.0
-1.78033989  -1.42521236  0.0
-1.62436969  -1.49789245  0.0
-1.45824978  -1.56353077  0.0
-1.28203631  -1.62066469  0.0
-1.09580137  -1.66746533  0.0
-0.90317089  -1.70170112  0.0
-0.84100000  -1.70838927  0.0
-0.84100000   1.59057468  0.0
;;

