# exterior:
# ---------
 3.43740000   0.70890366  0.0
 3.43740000   0.65745081  0.0
 3.43742306   0.65697110  0.0
 3.43749205   0.65649582  0.0
 3.43760631   0.65602936  0.0
 3.43776480   0.65557600  0.0
 3.43796605   0.65513995  0.0
 3.43820821   0.65472521  0.0
 3.43848904   0.65433562  0.0
 3.43880595   0.65397477  0.0
 3.43915603   0.65364599  0.0
 3.43953603   0.65335231  0.0
 3.43994245   0.65309645  0.0
 3.44037155   0.65288075  0.0
 3.46574594   0.64161815  0.0
 3.61445038   0.57075164  0.0
 3.75474204   0.49825081  0.0
 3.88628920   0.42324109  0.0
 4.00881919   0.34458657  0.0
 4.12496625   0.25795251  0.0
 4.22502385   0.17857392  0.0
 4.30445552   0.07469960  0.0
 4.31923260   0.00087503  0.0
 4.30594362  -0.06093826  0.0
 4.23153665  -0.14527660  0.0
 4.13596455  -0.20958306  0.0
 4.02267136  -0.27101376  0.0
 3.89823856  -0.33071146  0.0
 3.76450703  -0.39000902  0.0
 3.62197163  -0.44992071  0.0
 3.47092406  -0.51145861  0.0
 3.44053563  -0.52367034  0.0
 3.44008595  -0.52387746  0.0
 3.43965896  -0.52412804  0.0
 3.43925885  -0.52441961  0.0
 3.43888953  -0.52474933  0.0
 3.43855463  -0.52511396  0.0
 3.43825743  -0.52550991  0.0
 3.43800084  -0.52593332  0.0
 3.43778739  -0.52638003  0.0
 3.43761916  -0.52684566  0.0
 3.43749780  -0.52732564  0.0
 3.43742451  -0.52781527  0.0
 3.43740000  -0.52830975  0.0
 3.43740000  -0.57881656  0.0
 3.33019776  -0.62189625  0.0
 3.16286043  -0.68874237  0.0
 2.98769151  -0.75872850  0.0
 2.80479034  -0.83171873  0.0
 2.68462110  -0.87951108  0.0
 2.68462110   1.00416454  0.0
 2.80705308   0.96147263  0.0
 2.98876430   0.89428875  0.0
 3.16262378   0.82625135  0.0
 3.32857069   0.75720833  0.0
 3.43740000   0.70890366  0.0
;;

# interior:
# ---------
 3.43240000   0.70565255  0.0
 3.32659585   0.75261448  0.0
 3.16075217   0.82161455  0.0
 2.98698612   0.88961539  0.0
 2.80536283   0.95676676  0.0
 2.68962110   0.99712579  0.0
 2.68962110  -0.87214162  0.0
 2.80293984  -0.82707377  0.0
 2.98583735  -0.75408500  0.0
 3.16100561  -0.68409914  0.0
 3.32833816  -0.61725492  0.0
 3.43240000  -0.57543722  0.0
 3.43240000  -0.52830975  0.0
 3.43240613  -0.52806221  0.0
 3.43243064  -0.52756773  0.0
 3.43247960  -0.52707507  0.0
 3.43255290  -0.52658544  0.0
 3.43265034  -0.52610004  0.0
 3.43277170  -0.52562005  0.0
 3.43291667  -0.52514667  0.0
 3.43308490  -0.52468104  0.0
 3.43327597  -0.52422431  0.0
 3.43348942  -0.52377760  0.0
 3.43372473  -0.52334201  0.0
 3.43398132  -0.52291860  0.0
 3.43425855  -0.52250842  0.0
 3.43455575  -0.52211246  0.0
 3.43487219  -0.52173170  0.0
 3.43520709  -0.52136708  0.0
 3.43555963  -0.52101948  0.0
 3.43592895  -0.52068976  0.0
 3.43631414  -0.52037873  0.0
 3.43671426  -0.52008716  0.0
 3.43712832  -0.51981575  0.0
 3.43755531  -0.51956517  0.0
 3.43799418  -0.51933604  0.0
 3.43844386  -0.51912892  0.0
 3.43867126  -0.51903093  0.0
 3.46904863  -0.50682365  0.0
 3.62005961  -0.44530066  0.0
 3.76252475  -0.38541849  0.0
 3.89614334  -0.32617101  0.0
 4.02039692  -0.26655930  0.0
 4.13337136  -0.20530143  0.0
 4.22821233  -0.14148692  0.0
 4.30132991  -0.05861007  0.0
 4.31412616   0.00091131  0.0
 4.29978011   0.07258248  0.0
 4.22142950   0.17504308  0.0
 4.12191708   0.25398917  0.0
 4.00597044   0.34047372  0.0
 3.88369857   0.41896256  0.0
 3.75235491   0.49385624  0.0
 3.61222653   0.56627269  0.0
 3.46365582   0.63707547  0.0
 3.43834310   0.64831070  0.0
 3.43812596   0.64841339  0.0
 3.43769686   0.64862908  0.0
 3.43727862   0.64886514  0.0
 3.43687219   0.64912100  0.0
 3.43647853   0.64939609  0.0
 3.43609853   0.64968977  0.0
 3.43573307   0.65000136  0.0
 3.43538299   0.65033014  0.0
 3.43504912   0.65067535  0.0
 3.43473220   0.65103620  0.0
 3.43443298   0.65141186  0.0
 3.43415215   0.65180145  0.0
 3.43389035   0.65220407  0.0
 3.43364819   0.65261881  0.0
 3.43342623   0.65304470  0.0
 3.43322498   0.65348076  0.0
 3.43304490   0.65392597  0.0
 3.43288641   0.65437933  0.0
 3.43274988   0.65483977  0.0
 3.43263562   0.65530624  0.0
 3.43254389   0.65577765  0.0
 3.43247491   0.65625293  0.0
 3.43242883   0.65673097  0.0
 3.43240577   0.65721068  0.0
 3.43240000   0.65745081  0.0
 3.43240000   0.70565255  0.0
;;

