# exterior:
# ---------
 0.74500000  -1.50493716  0.0
 0.63764083  -1.53273300  0.0
 0.44395175  -1.57675061  0.0
 0.25082941  -1.61382488  0.0
 0.05808548  -1.64334715  0.0
-0.13413268  -1.66479602  0.0
-0.32559663  -1.67729216  0.0
-0.51644351  -1.67986112  0.0
-0.70657895  -1.67155562  0.0
-0.74500000  -1.66742240  0.0
-0.74500000  -1.66742240  0.0
-0.74000000  -1.66293143  0.0
-0.74000000  -1.66293143  0.0
-0.70620207  -1.66656731  0.0
-0.51636799  -1.67485965  0.0
-0.32579323  -1.67229436  0.0
-0.13457298  -1.65981412  0.0
 0.05742945  -1.63838932  0.0
 0.24997928  -1.60889678  0.0
 0.44292611  -1.57185620  0.0
 0.63645994  -1.52787388  0.0
 0.74000000  -1.50106683  0.0
 0.74500000  -1.50493716  0.0
;;

