# exterior:
# ---------
-0.83600000  -1.77430219  0.0
-0.91234494  -1.76608924  0.0
-1.10942617  -1.73106243  0.0
-1.30000140  -1.68317107  0.0
-1.48023832  -1.62473263  0.0
-1.65006306  -1.55763043  0.0
-1.80953932  -1.48331656  0.0
-1.95865882  -1.40276395  0.0
-2.09734838  -1.31676460  0.0
-2.22575311  -1.22617943  0.0
-2.34364982  -1.13161828  0.0
-2.45126386  -1.03365775  0.0
-2.54844834  -0.93306885  0.0
-2.63527837  -0.83055626  0.0
-2.71175491  -0.72677406  0.0
-2.77779823  -0.62259533  0.0
-2.83348697  -0.51736205  0.0
-2.87883415  -0.41118329  0.0
-2.91383880  -0.30426804  0.0
-2.93845378  -0.19162131  0.0
-2.95276563  -0.07791592  0.0
-2.95467229  -0.04938926  0.0
-2.95599893   0.00003532  0.0
-2.95466819   0.09359394  0.0
-2.95275042   0.17765860  0.0
-2.93846064   0.28869904  0.0
-2.91385579   0.39396209  0.0
-2.87885204   0.49846487  0.0
-2.83352171   0.60126522  0.0
-2.77785630   0.70222237  0.0
-2.71185226   0.80104407  0.0
-2.63543180   0.89708599  0.0
-2.54866080   0.98981143  0.0
-2.45153532   1.07884066  0.0
-2.34397644   1.16368446  0.0
-2.22612781   1.24389685  0.0
-2.09776809   1.31911062  0.0
-1.95911791   1.38857606  0.0
-1.81003065   1.45180147  0.0
-1.65057919   1.50789026  0.0
-1.48076116   1.55624184  0.0
-1.30049120   1.59603575  0.0
-1.10982114   1.62733847  0.0
-0.91260028   1.65037345  0.0
-0.83600000   1.65613427  0.0
-0.83600000   1.59596483  0.0
-0.90686773   1.59063513  0.0
-1.10147626   1.56790526  0.0
-1.28915597   1.53709348  0.0
-1.46606592   1.49804128  0.0
-1.63239219   1.45068389  0.0
-1.78834157   1.39582700  0.0
-1.93394175   1.33408040  0.0
-2.06913235   1.26634826  0.0
-2.19404421   1.19315479  0.0
-2.30847276   1.11527024  0.0
-2.41263084   1.03310904  0.0
-2.50642254   0.94713569  0.0
-2.58997879   0.85784560  0.0
-2.66334585   0.76564106  0.0
-2.72654539   0.67101828  0.0
-2.77969519   0.57462354  0.0
-2.82283694   0.47678647  0.0
-2.85607017   0.37756955  0.0
-2.87934090   0.27801402  0.0
-2.89283806   0.17313276  0.0
-2.89467792   0.09248304  0.0
-2.89598748   0.00041378  0.0
-2.89472602  -0.04658251  0.0
-2.89301621  -0.07216386  0.0
-2.87926062  -0.18144996  0.0
-2.85587106  -0.28848869  0.0
-2.82262731  -0.39002559  0.0
-2.77928824  -0.49150244  0.0
-2.72586509  -0.59245450  0.0
-2.66220547  -0.69287311  0.0
-2.58818153  -0.79332703  0.0
-2.50393373  -0.89279101  0.0
-2.40945090  -0.99058361  0.0
-2.30464663  -1.08598643  0.0
-2.18965483  -1.17821763  0.0
-2.06421579  -1.26671062  0.0
-1.92856386  -1.35082638  0.0
-1.78258600  -1.42968191  0.0
-1.62634610  -1.50248768  0.0
-1.45994121  -1.56823861  0.0
-1.28341824  -1.62547287  0.0
-1.09684943  -1.67235742  0.0
-0.90387658  -1.70665405  0.0
-0.83600000  -1.71395601  0.0
-0.83600000  -1.77430219  0.0
;;

