# exterior:
# ---------
 0.75000000  -1.62346743  0.0
 0.66503741  -1.64546468  0.0
 0.46774660  -1.69030081  0.0
 0.27055253  -1.72815675  0.0
 0.07330525  -1.75836879  0.0
-0.12391781  -1.78037613  0.0
-0.32103551  -1.79324128  0.0
-0.51819542  -1.79589521  0.0
-0.71532257  -1.78728429  0.0
-0.75000000  -1.78355380  0.0
-0.75000000  -1.67191336  0.0
-0.70695583  -1.67654392  0.0
-0.51651902  -1.68486259  0.0
-0.32540003  -1.68228997  0.0
-0.13369239  -1.66977792  0.0
 0.05874150  -1.64830498  0.0
 0.25167955  -1.61875298  0.0
 0.44497739  -1.58164501  0.0
 0.63882172  -1.53759213  0.0
 0.75000000  -1.50880750  0.0
 0.75000000  -1.62346743  0.0
;;

