# exterior:
# ---------
 4.43668078   0.00004063  0.0
 4.41205904  -0.11448668  0.0
 4.30799615  -0.23243923  0.0
 4.19560787  -0.30806059  0.0
 4.07498351  -0.37346646  0.0
 3.94642867  -0.43514173  0.0
 3.81009945  -0.49559113  0.0
 3.66594821  -0.55618201  0.0
 3.51405911  -0.61806275  0.0
 3.44240000  -0.64685928  0.0
 3.44240000  -0.59297313  0.0
 3.49530474  -0.57171313  0.0
 3.64682796  -0.50998145  0.0
 3.79027666  -0.44968586  0.0
 3.92547645  -0.38973726  0.0
 4.05223910  -0.32892181  0.0
 4.16967599  -0.26524428  0.0
 4.27475289  -0.19454243  0.0
 4.36592190  -0.09120476  0.0
 4.38561636   0.00040341  0.0
 4.36523584   0.10222206  0.0
 4.27175031   0.22447490  0.0
 4.16460547   0.30947600  0.0
 4.04585285   0.39805353  0.0
 3.91996746   0.47886197  0.0
 3.78577472   0.55538022  0.0
 3.64336045   0.62897799  0.0
 3.49291748   0.70067301  0.0
 3.44240000   0.72309556  0.0
 3.44240000   0.77779951  0.0
 3.51381867   0.74609982  0.0
 3.66559897   0.67376749  0.0
 3.80964601   0.59932593  0.0
 3.94587381   0.52164726  0.0
 4.07434029   0.43918197  0.0
 4.19509717   0.34910946  0.0
 4.30769374   0.25978334  0.0
 4.41198994   0.12339318  0.0
 4.43668078   0.00004063  0.0
;;

