# exterior:
# ---------
 4.38561636   0.00040341  0.0
 4.36592190  -0.09120476  0.0
 4.27475289  -0.19454243  0.0
 4.16967599  -0.26524428  0.0
 4.05223910  -0.32892181  0.0
 3.92547645  -0.38973726  0.0
 3.79027666  -0.44968586  0.0
 3.64682796  -0.50998145  0.0
 3.49530474  -0.57171313  0.0
 3.44240000  -0.59297313  0.0
 3.44240000  -0.52830975  0.0
 3.47279950  -0.51609357  0.0
 3.62388366  -0.45454077  0.0
 3.76648931  -0.39459955  0.0
 3.90033378  -0.33525190  0.0
 4.02494580  -0.27546823  0.0
 4.13855774  -0.21386469  0.0
 4.23486098  -0.14906628  0.0
 4.31055734  -0.06326645  0.0
 4.32433904   0.00083875  0.0
 4.30913093   0.07681671  0.0
 4.22861819   0.18210477  0.0
 4.12801542   0.26191586  0.0
 4.01166793   0.34869941  0.0
 3.88887984   0.42751962  0.0
 3.75712917   0.50264538  0.0
 3.61667423   0.57523059  0.0
 3.46783605   0.64616083  0.0
 3.44240000   0.65745081  0.0
 3.44240000   0.72309556  0.0
 3.49291748   0.70067301  0.0
 3.64336045   0.62897799  0.0
 3.78577472   0.55538022  0.0
 3.91996746   0.47886197  0.0
 4.04585285   0.39805353  0.0
 4.16460547   0.30947600  0.0
 4.27175031   0.22447490  0.0
 4.36523584   0.10222206  0.0
 4.38561636   0.00040341  0.0
;;

