# exterior:
# ---------
 3.20170806  -3.91153930  0.0
 3.14662621  -3.91297415  0.0
 3.14659119  -3.91297609  0.0
 3.02585626  -3.92320220  0.0
 3.02582602  -3.92320554  0.0
 2.89821254  -3.94056569  0.0
 2.89818367  -3.94057034  0.0
 2.76375715  -3.96558205  0.0
 2.76372892  -3.96558801  0.0
 2.62242385  -3.99897846  0.0
 2.62239823  -3.99898511  0.0
 2.58339700  -4.01003862  0.0
 2.58339700  -4.00744016  0.0
 2.62171654  -3.99657985  0.0
 2.62176977  -3.99656539  0.0
 2.62179539  -3.99655874  0.0
 2.62184893  -3.99654546  0.0
 2.76315400  -3.96315502  0.0
 2.76321266  -3.96314190  0.0
 2.76324088  -3.96313594  0.0
 2.76329984  -3.96312424  0.0
 2.89772636  -3.93811252  0.0
 2.89778640  -3.93810210  0.0
 2.89781528  -3.93809745  0.0
 2.89787555  -3.93808850  0.0
 3.02548903  -3.92072835  0.0
 3.02555194  -3.92072061  0.0
 3.02558218  -3.92071727  0.0
 3.02564527  -3.92071112  0.0
 3.14638020  -3.91048501  0.0
 3.14645309  -3.91047991  0.0
 3.14648810  -3.91047797  0.0
 3.14656110  -3.91047500  0.0
 3.20170806  -3.90903845  0.0
 3.20170806  -3.91153930  0.0
;;

