# exterior:
# ---------
 0.75000000  -4.74966208  0.0
 0.74616668  -4.75151406  0.0
 0.57194333  -4.83377858  0.0
 0.39806128  -4.91288643  0.0
 0.22438658  -4.98740961  0.0
 0.05095521  -5.05645702  0.0
-0.12213746  -5.11898723  0.0
-0.29504059  -5.17410618  0.0
-0.46763759  -5.22111573  0.0
-0.63975487  -5.25877365  0.0
-0.75000000  -5.27609788  0.0
-0.74700000  -5.27258964  0.0
-0.64030882  -5.25582388  0.0
-0.46835284  -5.21820125  0.0
-0.29589075  -5.17122845  0.0
-0.12310304  -5.11614630  0.0
 0.04989046  -5.05365191  0.0
 0.22324006  -4.98463706  0.0
 0.39684848  -4.91014231  0.0
 0.57068164  -4.83105670  0.0
 0.74487367  -4.74880698  0.0
 0.74700000  -4.74777969  0.0
 0.74700000  -4.74777674  0.0
 0.75000000  -4.74966208  0.0
;;

