# exterior:
# ---------
 3.20170806  -3.85451997  0.0
 3.14514189  -3.85599348  0.0
 3.14511998  -3.85599413  0.0
 3.14468183  -3.85600875  0.0
 3.14465992  -3.85600956  0.0
 3.14429490  -3.85602441  0.0
 3.14427300  -3.85602538  0.0
 3.14383511  -3.85604640  0.0
 3.14381322  -3.85604753  0.0
 3.14310711  -3.85608660  0.0
 3.14308523  -3.85608789  0.0
 3.14264769  -3.85611531  0.0
 3.14262581  -3.85611676  0.0
 3.14226138  -3.85614227  0.0
 3.14223952  -3.85614388  0.0
 3.14180243  -3.85617768  0.0
 3.14178058  -3.85617945  0.0
 3.02104565  -3.86640557  0.0
 3.02102671  -3.86640723  0.0
 3.02064796  -3.86644173  0.0
 3.02062902  -3.86644351  0.0
 3.02031359  -3.86647426  0.0
 3.02029467  -3.86647617  0.0
 3.01991638  -3.86651547  0.0
 3.01989748  -3.86651749  0.0
 3.01928765  -3.86658475  0.0
 3.01926876  -3.86658690  0.0
 3.01889100  -3.86663099  0.0
 3.01887212  -3.86663325  0.0
 3.01855757  -3.86667199  0.0
 3.01853870  -3.86667437  0.0
 3.01816153  -3.86672325  0.0
 3.01814268  -3.86672575  0.0
 2.89052920  -3.88408590  0.0
 2.89051110  -3.88408842  0.0
 2.89014910  -3.88413991  0.0
 2.89013101  -3.88414254  0.0
 2.88982963  -3.88418729  0.0
 2.88981155  -3.88419003  0.0
 2.88945021  -3.88424593  0.0
 2.88943215  -3.88424878  0.0
 2.88884981  -3.88434251  0.0
 2.88883177  -3.88434547  0.0
 2.88847114  -3.88440577  0.0
 2.88845312  -3.88440884  0.0
 2.88815291  -3.88446092  0.0
 2.88813491  -3.88446410  0.0
 2.88777504  -3.88452879  0.0
 2.88775706  -3.88453208  0.0
 2.75333054  -3.90954380  0.0
 2.75331282  -3.90954715  0.0
 2.75295867  -3.90961525  0.0
 2.75294097  -3.90961871  0.0
 2.75264620  -3.90967723  0.0
 2.75262852  -3.90968079  0.0
 2.75227522  -3.90975315  0.0
 2.75225756  -3.90975682  0.0
 2.75168833  -3.90987696  0.0
 2.75167070  -3.90988073  0.0
 2.75131829  -3.90995732  0.0
 2.75130068  -3.90996121  0.0
 2.75100740  -3.91002680  0.0
 2.75098981  -3.91003079  0.0
 2.75063835  -3.91011161  0.0
 2.75062079  -3.91011570  0.0
 2.60931572  -3.94350615  0.0
 2.60929963  -3.94351000  0.0
 2.60897796  -3.94358789  0.0
 2.60896189  -3.94359182  0.0
 2.60869420  -3.94365820  0.0
 2.60867815  -3.94366223  0.0
 2.60835737  -3.94374366  0.0
 2.60834134  -3.94374778  0.0
 2.60782458  -3.94388199  0.0
 2.60780857  -3.94388620  0.0
 2.60748870  -3.94397116  0.0
 2.60747272  -3.94397545  0.0
 2.60720656  -3.94404772  0.0
 2.60719061  -3.94405210  0.0
 2.60687170  -3.94414059  0.0
 2.60685576  -3.94414506  0.0
 2.58639700  -3.94994336  0.0
 2.58639700  -3.94975403  0.0
 2.59093906  -3.94345915  0.0
 2.60549239  -3.93933452  0.0
 2.60550566  -3.93933078  0.0
 2.60552159  -3.93932631  0.0
 2.60553488  -3.93932261  0.0
 2.60585379  -3.93923412  0.0
 2.60586708  -3.93923045  0.0
 2.60588304  -3.93922607  0.0
 2.60589634  -3.93922244  0.0
 2.60616250  -3.93915017  0.0
 2.60617581  -3.93914658  0.0
 2.60619179  -3.93914228  0.0
 2.60620512  -3.93913873  0.0
 2.60652499  -3.93905376  0.0
 2.60653832  -3.93905024  0.0
 2.60655432  -3.93904604  0.0
 2.60656767  -3.93904255  0.0
 2.60708443  -3.93890834  0.0
 2.60709778  -3.93890489  0.0
 2.60711381  -3.93890077  0.0
 2.60712717  -3.93889736  0.0
 2.60744795  -3.93881593  0.0
 2.60746133  -3.93881256  0.0
 2.60747738  -3.93880853  0.0
 2.60749076  -3.93880519  0.0
 2.60775844  -3.93873881  0.0
 2.60777183  -3.93873551  0.0
 2.60778790  -3.93873157  0.0
 2.60780130  -3.93872831  0.0
 2.60812297  -3.93865042  0.0
 2.60813637  -3.93864720  0.0
 2.60815247  -3.93864335  0.0
 2.60816588  -3.93864016  0.0
 2.74947095  -3.90524971  0.0
 2.74948558  -3.90524628  0.0
 2.74950314  -3.90524218  0.0
 2.74951778  -3.90523879  0.0
 2.74986925  -3.90515797  0.0
 2.74988390  -3.90515462  0.0
 2.74990148  -3.90515064  0.0
 2.74991614  -3.90514733  0.0
 2.75020942  -3.90508174  0.0
 2.75022409  -3.90507849  0.0
 2.75024170  -3.90507460  0.0
 2.75025638  -3.90507139  0.0
 2.75060879  -3.90499480  0.0
 2.75062348  -3.90499163  0.0
 2.75064111  -3.90498785  0.0
 2.75065581  -3.90498473  0.0
 2.75122504  -3.90486459  0.0
 2.75123975  -3.90486151  0.0
 2.75125740  -3.90485784  0.0
 2.75127212  -3.90485480  0.0
 2.75162542  -3.90478245  0.0
 2.75164015  -3.90477946  0.0
 2.75165783  -3.90477589  0.0
 2.75167256  -3.90477294  0.0
 2.75196733  -3.90471442  0.0
 2.75198208  -3.90471152  0.0
 2.75199977  -3.90470806  0.0
 2.75201452  -3.90470520  0.0
 2.75236867  -3.90463710  0.0
 2.75238343  -3.90463429  0.0
 2.75240115  -3.90463094  0.0
 2.75241592  -3.90462816  0.0
 2.88684244  -3.87961645  0.0
 2.88685742  -3.87961368  0.0
 2.88687541  -3.87961039  0.0
 2.88689040  -3.87960767  0.0
 2.88725026  -3.87954298  0.0
 2.88726526  -3.87954031  0.0
 2.88728327  -3.87953713  0.0
 2.88729827  -3.87953450  0.0
 2.88759848  -3.87948242  0.0
 2.88761350  -3.87947984  0.0
 2.88763152  -3.87947677  0.0
 2.88764654  -3.87947424  0.0
 2.88800717  -3.87941394  0.0
 2.88802220  -3.87941145  0.0
 2.88804024  -3.87940849  0.0
 2.88805528  -3.87940604  0.0
 2.88863762  -3.87931231  0.0
 2.88865267  -3.87930992  0.0
 2.88867073  -3.87930707  0.0
 2.88868578  -3.87930471  0.0
 2.88904712  -3.87924881  0.0
 2.88906217  -3.87924651  0.0
 2.88908025  -3.87924377  0.0
 2.88909532  -3.87924151  0.0
 2.88939670  -3.87919676  0.0
 2.88941178  -3.87919454  0.0
 2.88942987  -3.87919191  0.0
 2.88944495  -3.87918975  0.0
 2.88980694  -3.87913825  0.0
 2.88982203  -3.87913613  0.0
 2.88984013  -3.87913361  0.0
 2.88985523  -3.87913153  0.0
 3.01746871  -3.86177138  0.0
 3.01748441  -3.86176927  0.0
 3.01750326  -3.86176677  0.0
 3.01751898  -3.86176471  0.0
 3.01789614  -3.86171583  0.0
 3.01791186  -3.86171382  0.0
 3.01793073  -3.86171144  0.0
 3.01794645  -3.86170947  0.0
 3.01826100  -3.86167074  0.0
 3.01827674  -3.86166883  0.0
 3.01829562  -3.86166656  0.0
 3.01831135  -3.86166470  0.0
 3.01868911  -3.86162061  0.0
 3.01870485  -3.86161880  0.0
 3.01872375  -3.86161665  0.0
 3.01873950  -3.86161489  0.0
 3.01934932  -3.86154763  0.0
 3.01936507  -3.86154592  0.0
 3.01938398  -3.86154389  0.0
 3.01939974  -3.86154223  0.0
 3.01977803  -3.86150293  0.0
 3.01979379  -3.86150132  0.0
 3.01981271  -3.86149941  0.0
 3.01982848  -3.86149785  0.0
 3.02014391  -3.86146710  0.0
 3.02015969  -3.86146559  0.0
 3.02017862  -3.86146381  0.0
 3.02019440  -3.86146234  0.0
 3.02057315  -3.86142784  0.0
 3.02058894  -3.86142643  0.0
 3.02060788  -3.86142477  0.0
 3.02062367  -3.86142340  0.0
 3.14135860  -3.85119729  0.0
 3.14137680  -3.85119578  0.0
 3.14139865  -3.85119401  0.0
 3.14141686  -3.85119257  0.0
 3.14185395  -3.85115877  0.0
 3.14187217  -3.85115739  0.0
 3.14189403  -3.85115578  0.0
 3.14191225  -3.85115447  0.0
 3.14227668  -3.85112896  0.0
 3.14229490  -3.85112772  0.0
 3.14231678  -3.85112627  0.0
 3.14233500  -3.85112509  0.0
 3.14277255  -3.85109768  0.0
 3.14279078  -3.85109657  0.0
 3.14281266  -3.85109528  0.0
 3.14283090  -3.85109424  0.0
 3.14353701  -3.85105517  0.0
 3.14355525  -3.85105419  0.0
 3.14357714  -3.85105306  0.0
 3.14359538  -3.85105215  0.0
 3.14403328  -3.85103113  0.0
 3.14405152  -3.85103029  0.0
 3.14407342  -3.85102932  0.0
 3.14409167  -3.85102854  0.0
 3.14445669  -3.85101370  0.0
 3.14447494  -3.85101299  0.0
 3.14449685  -3.85101218  0.0
 3.14451510  -3.85101153  0.0
 3.14495326  -3.85099692  0.0
 3.14497152  -3.85099634  0.0
 3.14499343  -3.85099569  0.0
 3.14501169  -3.85099518  0.0
 3.20170806  -3.84951827  0.0
 3.20170806  -3.85451997  0.0
;;

