# exterior:
# ---------
 2.58339700  -4.01003862  0.0
 2.47428012  -4.04096392  0.0
 2.47425658  -4.04097112  0.0
 2.31925992  -4.09185273  0.0
 2.31923999  -4.09185967  0.0
 2.15736478  -4.15138205  0.0
 2.15734795  -4.15138853  0.0
 1.98865970  -4.21923723  0.0
 1.98864630  -4.21924281  0.0
 1.81438970  -4.29427797  0.0
 1.81437963  -4.29428242  0.0
 1.63966446  -4.37334643  0.0
 1.63965710  -4.37334982  0.0
 1.46500744  -4.45524388  0.0
 1.46500264  -4.45524615  0.0
 1.29028747  -4.53906620  0.0
 1.29028468  -4.53906755  0.0
 1.11556951  -4.62400126  0.0
 0.94092030  -4.70906578  0.0
 0.83600000  -4.75975562  0.0
 0.83600000  -4.75697914  0.0
 0.93982917  -4.70681645  0.0
 1.11447650  -4.62175286  0.0
 1.28919167  -4.53681914  0.0
 1.28919748  -4.53681632  0.0
 1.28920027  -4.53681497  0.0
 1.28920610  -4.53681217  0.0
 1.46392127  -4.45299213  0.0
 1.46393126  -4.45298736  0.0
 1.46393606  -4.45298508  0.0
 1.46394607  -4.45298036  0.0
 1.63859573  -4.37108631  0.0
 1.63861104  -4.37107920  0.0
 1.63861840  -4.37107581  0.0
 1.63863376  -4.37106879  0.0
 1.81334893  -4.29200477  0.0
 1.81336987  -4.29199541  0.0
 1.81337994  -4.29199097  0.0
 1.81340097  -4.29198180  0.0
 1.98765757  -4.21694664  0.0
 1.98768542  -4.21693485  0.0
 1.98769882  -4.21692927  0.0
 1.98772680  -4.21691782  0.0
 2.15641505  -4.14906911  0.0
 2.15645001  -4.14905535  0.0
 2.15646684  -4.14904888  0.0
 2.15650200  -4.14903565  0.0
 2.31837721  -4.08951326  0.0
 2.31841860  -4.08949846  0.0
 2.31843853  -4.08949152  0.0
 2.31848017  -4.08947745  0.0
 2.47347683  -4.03859583  0.0
 2.47352571  -4.03858034  0.0
 2.47354924  -4.03857314  0.0
 2.47359843  -4.03855866  0.0
 2.58339700  -4.00744016  0.0
 2.58339700  -4.01003862  0.0
;;

