# exterior:
# ---------
 2.58339700  -3.58018282  0.0
 2.69390712  -3.61742808  0.0
 2.69390856  -3.61742857  0.0
 2.83174160  -3.66349520  0.0
 2.83174356  -3.66349585  0.0
 2.96276356  -3.70678486  0.0
 2.96276569  -3.70678556  0.0
 3.08697265  -3.74731004  0.0
 3.08697442  -3.74731062  0.0
 3.20170806  -3.78435081  0.0
 3.20170806  -3.78697787  0.0
 3.08620636  -3.74968971  0.0
 3.08620267  -3.74968852  0.0
 3.08620090  -3.74968794  0.0
 3.08619721  -3.74968674  0.0
 2.96199025  -3.70916226  0.0
 2.96198582  -3.70916080  0.0
 2.96198369  -3.70916011  0.0
 2.96197926  -3.70915865  0.0
 2.83095926  -3.66586964  0.0
 2.83095518  -3.66586829  0.0
 2.83095322  -3.66586763  0.0
 2.83094914  -3.66586627  0.0
 2.69311610  -3.61979964  0.0
 2.69311310  -3.61979864  0.0
 2.69311167  -3.61979816  0.0
 2.69310867  -3.61979715  0.0
 2.58339700  -3.58282099  0.0
 2.58339700  -3.58018282  0.0
;;

