# exterior:
# ---------
 2.58339700  -4.01066225  0.0
 2.47444372  -4.04154118  0.0
 2.31944706  -4.09242280  0.0
 2.15757185  -4.15194519  0.0
 1.98888360  -4.21979390  0.0
 1.81462700  -4.29482905  0.0
 1.63991183  -4.37389307  0.0
 1.46526217  -4.45578712  0.0
 1.29054700  -4.53960716  0.0
 1.11583183  -4.62454088  0.0
 0.94118217  -4.70960561  0.0
 0.83600000  -4.76042197  0.0
 0.83600000  -4.75975562  0.0
 0.94092030  -4.70906578  0.0
 1.11556951  -4.62400126  0.0
 1.29028468  -4.53906755  0.0
 1.29028747  -4.53906620  0.0
 1.46500264  -4.45524615  0.0
 1.46500744  -4.45524388  0.0
 1.63965710  -4.37334982  0.0
 1.63966446  -4.37334643  0.0
 1.81437963  -4.29428242  0.0
 1.81438970  -4.29427797  0.0
 1.98864630  -4.21924281  0.0
 1.98865970  -4.21923723  0.0
 2.15734795  -4.15138853  0.0
 2.15736478  -4.15138205  0.0
 2.31923999  -4.09185967  0.0
 2.31925992  -4.09185273  0.0
 2.47425658  -4.04097112  0.0
 2.47428012  -4.04096392  0.0
 2.58339700  -4.01003862  0.0
 2.58339700  -4.01066225  0.0
;;

