# exterior:
# ---------
-0.83900000  -5.29018993  0.0
-0.98268147  -5.30283412  0.0
-1.15361573  -5.30444985  0.0
-1.32439968  -5.29129046  0.0
-1.48954267  -5.26374315  0.0
-1.64589346  -5.22415864  0.0
-1.79340067  -5.17494464  0.0
-1.93198804  -5.11801336  0.0
-2.06153932  -5.05456661  0.0
-2.18200257  -4.98551684  0.0
-2.29346044  -4.91199826  0.0
-2.39569735  -4.83462234  0.0
-2.48894365  -4.75416301  0.0
-2.57307165  -4.67147337  0.0
-2.64814637  -4.58748034  0.0
-2.71416105  -4.50299939  0.0
-2.77093192  -4.41928931  0.0
-2.81855033  -4.33541783  0.0
-2.85717529  -4.25133475  0.0
-2.88674442  -4.16767590  0.0
-2.90758986  -4.07651142  0.0
-2.91985079  -3.98559096  0.0
-2.92137796  -3.96559096  0.0
-2.92244671  -3.93167586  0.0
-2.91467278  -3.83365535  0.0
-2.89813562  -3.73388741  0.0
-2.87315307  -3.64841496  0.0
-2.83923620  -3.56785461  0.0
-2.79626765  -3.48696710  0.0
-2.74438558  -3.40752150  0.0
-2.68347822  -3.32963581  0.0
-2.61348196  -3.25369683  0.0
-2.53446226  -3.18061312  0.0
-2.44627351  -3.11092048  0.0
-2.34902472  -3.04505132  0.0
-2.24249270  -2.98360381  0.0
-2.12681930  -2.92698337  0.0
-2.00199122  -2.87570576  0.0
-1.86794081  -2.83056005  0.0
-1.72467928  -2.79216416  0.0
-1.57233373  -2.76157282  0.0
-1.41073752  -2.73944914  0.0
-1.24038451  -2.72676946  0.0
-1.06789838  -2.72318651  0.0
-0.89508051  -2.72743081  0.0
-0.83900000  -2.73099001  0.0
-0.84400000  -2.73568274  0.0
-0.89530032  -2.73242692  0.0
-1.06790784  -2.72818778  0.0
-1.24014685  -2.73176560  0.0
-1.41021235  -2.74442388  0.0
-1.57150164  -2.76650554  0.0
-1.72353875  -2.79703495  0.0
-1.86649427  -2.83534882  0.0
-2.00024152  -2.88039244  0.0
-2.12476806  -2.93154618  0.0
-2.24014178  -2.98801992  0.0
-2.34637017  -3.04929231  0.0
-2.44331747  -3.11495726  0.0
-2.53120981  -3.18441566  0.0
-2.60994062  -3.25723218  0.0
-2.67966440  -3.33287554  0.0
-2.74031569  -3.41043377  0.0
-2.79195788  -3.48951205  0.0
-2.83471514  -3.57000183  0.0
-2.86843401  -3.65009185  0.0
-2.89325208  -3.73500161  0.0
-2.90970526  -3.83426292  0.0
-2.91744047  -3.93179513  0.0
-2.91638396  -3.96532174  0.0
-2.91487631  -3.98506607  0.0
-2.90266506  -4.07561821  0.0
-2.88193435  -4.16628092  0.0
-2.85253685  -4.24945418  0.0
-2.81409634  -4.33313574  0.0
-2.76668210  -4.41664760  0.0
-2.71011750  -4.50005353  0.0
-2.64430832  -4.58427149  0.0
-2.56945146  -4.66802079  0.0
-2.48555441  -4.75048342  0.0
-2.39255221  -4.83073213  0.0
-2.29057218  -4.90791363  0.0
-2.17938022  -4.98125682  0.0
-2.05919402  -5.05014778  0.0
-1.92993630  -5.11345076  0.0
-1.79165749  -5.17025528  0.0
-1.64448673  -5.21935703  0.0
-1.48851599  -5.25884532  0.0
-1.32379509  -5.28632222  0.0
-1.15344698  -5.29944803  0.0
-0.98292463  -5.29783619  0.0
-0.84400000  -5.28561062  0.0
-0.83900000  -5.29018993  0.0
;;

