# exterior:
# ---------
 3.20170806  -3.84110923  0.0
 3.18768909  -3.83656928  0.0
 3.07036222  -3.79869188  0.0
 3.07032164  -3.79867874  0.0
 3.07026380  -3.79865996  0.0
 3.07022323  -3.79864675  0.0
 2.94598967  -3.75811357  0.0
 2.94594091  -3.75809759  0.0
 2.94587141  -3.75807476  0.0
 2.94582268  -3.75805870  0.0
 2.81477818  -3.71476158  0.0
 2.81473328  -3.71474669  0.0
 2.81466929  -3.71472542  0.0
 2.81462441  -3.71471045  0.0
 2.67677341  -3.66863781  0.0
 2.67674049  -3.66862677  0.0
 2.67669356  -3.66861102  0.0
 2.67666065  -3.66859994  0.0
 2.58339700  -3.63716726  0.0
 2.58339700  -3.60550924  0.0
 2.68624203  -3.64017113  0.0
 2.68625699  -3.64017616  0.0
 2.68628595  -3.64018589  0.0
 2.68630092  -3.64019090  0.0
 2.82413396  -3.68625753  0.0
 2.82415436  -3.68626433  0.0
 2.82419387  -3.68627746  0.0
 2.82421428  -3.68628422  0.0
 2.95523428  -3.72957323  0.0
 2.95525643  -3.72958053  0.0
 2.95529934  -3.72959461  0.0
 2.95532150  -3.72960187  0.0
 3.07952846  -3.77012635  0.0
 3.07954690  -3.77013236  0.0
 3.07958261  -3.77014394  0.0
 3.07960106  -3.77014992  0.0
 3.19691880  -3.80802435  0.0
 3.20170806  -3.80957532  0.0
 3.20170806  -3.84110923  0.0
;;

