# exterior:
# ---------
-0.74700000  -5.27258964  0.0
-0.74700000  -2.74183893  0.0
-0.72243770  -2.74339780  0.0
-0.54929939  -2.76007543  0.0
-0.37606363  -2.78212775  0.0
-0.20277368  -2.80930424  0.0
-0.02929065  -2.84115174  0.0
 0.14429517  -2.87734637  0.0
 0.31790337  -2.91755757  0.0
 0.49170610  -2.96161106  0.0
 0.66566119  -3.00885353  0.0
 0.74700000  -3.03221479  0.0
 0.74700000  -4.74777969  0.0
 0.74487367  -4.74880698  0.0
 0.57068164  -4.83105670  0.0
 0.39684848  -4.91014231  0.0
 0.22324006  -4.98463706  0.0
 0.04989046  -5.05365191  0.0
-0.12310304  -5.11614630  0.0
-0.29589075  -5.17122845  0.0
-0.46835284  -5.21820125  0.0
-0.64030882  -5.25582388  0.0
-0.74700000  -5.27258964  0.0
;;

# interior:
# ---------
-0.74200000  -5.26674257  0.0
-0.64123208  -5.25090761  0.0
-0.46954493  -5.21334380  0.0
-0.29730770  -5.16643224  0.0
-0.12471235  -5.11141140  0.0
 0.04811587  -5.04897673  0.0
 0.22132918  -4.98001613  0.0
 0.39482716  -4.90556878  0.0
 0.56857883  -4.82652025  0.0
 0.74200000  -4.74463450  0.0
 0.74200000  -3.03598088  0.0
 0.66431578  -3.01366925  0.0
 0.49043655  -2.96644738  0.0
 0.31672488  -2.92241698  0.0
 0.14322062  -2.88222985  0.0
-0.03025249  -2.84605872  0.0
-0.20361256  -2.81423379  0.0
-0.37676680  -2.78707858  0.0
-0.54985492  -2.76504506  0.0
-0.72283585  -2.74838259  0.0
-0.74200000  -2.74716632  0.0
-0.74200000  -5.26674257  0.0
;;

