# exterior:
# ---------
 0.83600000  -4.69145429  0.0
 0.83600000  -3.07026155  0.0
 0.83627926  -3.07034176  0.0
 1.01033838  -3.12267697  0.0
 1.18453015  -3.17689391  0.0
 1.35875414  -3.23265082  0.0
 1.53312852  -3.28969026  0.0
 1.70757966  -3.34774907  0.0
 1.88205951  -3.40655912  0.0
 2.05412571  -3.46492937  0.0
 2.21935581  -3.52121108  0.0
 2.37774412  -3.57525175  0.0
 2.52937332  -3.62687384  0.0
 2.52944593  -3.62689850  0.0
 2.52948108  -3.62691041  0.0
 2.52955372  -3.62693495  0.0
 2.58339700  -3.64508177  0.0
 2.58339700  -3.63716726  0.0
 2.67666065  -3.66859994  0.0
 2.67669356  -3.66861102  0.0
 2.67674049  -3.66862677  0.0
 2.67677341  -3.66863781  0.0
 2.81462441  -3.71471045  0.0
 2.81466929  -3.71472542  0.0
 2.81473328  -3.71474669  0.0
 2.81477818  -3.71476158  0.0
 2.94582268  -3.75805870  0.0
 2.94587141  -3.75807476  0.0
 2.94594091  -3.75809759  0.0
 2.94598967  -3.75811357  0.0
 3.07022323  -3.79864675  0.0
 3.07026380  -3.79865996  0.0
 3.07032164  -3.79867874  0.0
 3.07036222  -3.79869188  0.0
 3.18768909  -3.83656928  0.0
 3.24861315  -3.85629913  0.0
 3.14522001  -3.85899247  0.0
 3.14478186  -3.85900708  0.0
 3.14441684  -3.85902193  0.0
 3.14397894  -3.85904295  0.0
 3.14327284  -3.85908202  0.0
 3.14283529  -3.85910944  0.0
 3.14247086  -3.85913494  0.0
 3.14203377  -3.85916875  0.0
 3.02129884  -3.86939486  0.0
 3.02092009  -3.86942936  0.0
 3.02060466  -3.86946011  0.0
 3.02022637  -3.86949941  0.0
 3.01961655  -3.86956667  0.0
 3.01923879  -3.86961076  0.0
 3.01892424  -3.86964950  0.0
 3.01854707  -3.86969837  0.0
 2.89093359  -3.88705852  0.0
 2.89057160  -3.88711001  0.0
 2.89027021  -3.88715476  0.0
 2.88990887  -3.88721066  0.0
 2.88932653  -3.88730439  0.0
 2.88896590  -3.88736469  0.0
 2.88866569  -3.88741677  0.0
 2.88830582  -3.88748146  0.0
 2.75387930  -3.91249318  0.0
 2.75352516  -3.91256128  0.0
 2.75323038  -3.91261980  0.0
 2.75287708  -3.91269215  0.0
 2.75230784  -3.91281229  0.0
 2.75195544  -3.91288888  0.0
 2.75166215  -3.91295447  0.0
 2.75131069  -3.91303530  0.0
 2.61000562  -3.94642575  0.0
 2.60968396  -3.94650363  0.0
 2.60941627  -3.94657001  0.0
 2.60909548  -3.94665144  0.0
 2.60857872  -3.94678566  0.0
 2.60825886  -3.94687062  0.0
 2.60799270  -3.94694289  0.0
 2.60767379  -3.94703138  0.0
 2.58339700  -3.95391177  0.0
 2.58339700  -3.94611637  0.0
 2.45751062  -3.98179439  0.0
 2.45652692  -3.98208411  0.0
 2.45605230  -3.98222920  0.0
 2.45507476  -3.98253904  0.0
 2.30007810  -4.03342066  0.0
 2.29924520  -4.03370221  0.0
 2.29884331  -4.03384202  0.0
 2.29801549  -4.03413817  0.0
 2.13614028  -4.09366056  0.0
 2.13543709  -4.09392514  0.0
 2.13509772  -4.09405575  0.0
 2.13439859  -4.09433087  0.0
 1.96571034  -4.16217957  0.0
 1.96515059  -4.16240865  0.0
 1.96488036  -4.16252116  0.0
 1.96432343  -4.16275700  0.0
 1.79006683  -4.23779215  0.0
 1.78964629  -4.23797552  0.0
 1.78944317  -4.23806521  0.0
 1.78902433  -4.23825243  0.0
 1.61430916  -4.31731645  0.0
 1.61400200  -4.31745671  0.0
 1.61385356  -4.31752509  0.0
 1.61354735  -4.31766741  0.0
 1.43889769  -4.39956146  0.0
 1.43869746  -4.39965590  0.0
 1.43860065  -4.39970181  0.0
 1.43840083  -4.39979713  0.0
 1.26368566  -4.48361718  0.0
 1.26356923  -4.48367322  0.0
 1.26351291  -4.48370042  0.0
 1.26339663  -4.48375676  0.0
 1.08868146  -4.56869048  0.0
 0.91407855  -4.65373242  0.0
 0.83600000  -4.69145429  0.0
;;

# interior:
# ---------
 0.83900000  -4.68667313  0.0
 0.91276920  -4.65103323  0.0
 1.08736781  -4.56599338  0.0
 1.26208501  -4.48105868  0.0
 1.26208850  -4.48105698  0.0
 1.26220479  -4.48100064  0.0
 1.26220828  -4.48099895  0.0
 1.26226460  -4.48097175  0.0
 1.26226809  -4.48097007  0.0
 1.26238452  -4.48091403  0.0
 1.26238801  -4.48091235  0.0
 1.43710318  -4.39709230  0.0
 1.43710917  -4.39708944  0.0
 1.43730899  -4.39699412  0.0
 1.43731499  -4.39699127  0.0
 1.43741180  -4.39694535  0.0
 1.43741780  -4.39694251  0.0
 1.43761804  -4.39684807  0.0
 1.43762405  -4.39684525  0.0
 1.61227371  -4.31495120  0.0
 1.61228289  -4.31494691  0.0
 1.61258910  -4.31480459  0.0
 1.61259829  -4.31480033  0.0
 1.61274673  -4.31473195  0.0
 1.61275593  -4.31472773  0.0
 1.61306310  -4.31458748  0.0
 1.61307232  -4.31458328  0.0
 1.78778749  -4.23551926  0.0
 1.78780004  -4.23551362  0.0
 1.78821887  -4.23532639  0.0
 1.78823145  -4.23532081  0.0
 1.78843458  -4.23523112  0.0
 1.78844718  -4.23522559  0.0
 1.78886772  -4.23504222  0.0
 1.78888034  -4.23503674  0.0
 1.96313694  -4.16000159  0.0
 1.96315363  -4.15999446  0.0
 1.96371056  -4.15975863  0.0
 1.96372729  -4.15975161  0.0
 1.96399753  -4.15963910  0.0
 1.96401430  -4.15963218  0.0
 1.96457404  -4.15940310  0.0
 1.96459086  -4.15939627  0.0
 2.13327911  -4.09154757  0.0
 2.13330005  -4.09153923  0.0
 2.13399919  -4.09126412  0.0
 2.13402019  -4.09125594  0.0
 2.13435955  -4.09112533  0.0
 2.13438062  -4.09111732  0.0
 2.13508381  -4.09085274  0.0
 2.13510494  -4.09084488  0.0
 2.29698015  -4.03132249  0.0
 2.29700494  -4.03131350  0.0
 2.29783276  -4.03101734  0.0
 2.29785763  -4.03100857  0.0
 2.29825953  -4.03086876  0.0
 2.29828448  -4.03086020  0.0
 2.29911737  -4.03057865  0.0
 2.29914240  -4.03057031  0.0
 2.45413906  -3.97968869  0.0
 2.45416834  -3.97967925  0.0
 2.45514588  -3.97936941  0.0
 2.45517526  -3.97936027  0.0
 2.45564988  -3.97921517  0.0
 2.45567934  -3.97920633  0.0
 2.45666304  -3.97891661  0.0
 2.45669259  -3.97890807  0.0
 2.58257898  -3.94323005  0.0
 2.58286297  -3.94316428  0.0
 2.58315201  -3.94312639  0.0
 2.58344336  -3.94311673  0.0
 2.58373428  -3.94313539  0.0
 2.58402200  -3.94318220  0.0
 2.58430383  -3.94325671  0.0
 2.58457710  -3.94335822  0.0
 2.58483922  -3.94348578  0.0
 2.58508773  -3.94363818  0.0
 2.58532027  -3.94381397  0.0
 2.58553465  -3.94401150  0.0
 2.58572885  -3.94422891  0.0
 2.58590103  -3.94446414  0.0
 2.58604956  -3.94471497  0.0
 2.58617305  -3.94497904  0.0
 2.58627033  -3.94525384  0.0
 2.58634048  -3.94553678  0.0
 2.58638284  -3.94582520  0.0
 2.58639700  -3.94611637  0.0
 2.58639700  -3.94994336  0.0
 2.60685576  -3.94414506  0.0
 2.60687170  -3.94414059  0.0
 2.60719061  -3.94405210  0.0
 2.60720656  -3.94404772  0.0
 2.60747272  -3.94397545  0.0
 2.60748870  -3.94397116  0.0
 2.60780857  -3.94388620  0.0
 2.60782458  -3.94388199  0.0
 2.60834134  -3.94374778  0.0
 2.60835737  -3.94374366  0.0
 2.60867815  -3.94366223  0.0
 2.60869420  -3.94365820  0.0
 2.60896189  -3.94359182  0.0
 2.60897796  -3.94358789  0.0
 2.60929963  -3.94351000  0.0
 2.60931572  -3.94350615  0.0
 2.75062079  -3.91011570  0.0
 2.75063835  -3.91011161  0.0
 2.75098981  -3.91003079  0.0
 2.75100740  -3.91002680  0.0
 2.75130068  -3.90996121  0.0
 2.75131829  -3.90995732  0.0
 2.75167070  -3.90988073  0.0
 2.75168833  -3.90987696  0.0
 2.75225756  -3.90975682  0.0
 2.75227522  -3.90975315  0.0
 2.75262852  -3.90968079  0.0
 2.75264620  -3.90967723  0.0
 2.75294097  -3.90961871  0.0
 2.75295867  -3.90961525  0.0
 2.75331282  -3.90954715  0.0
 2.75333054  -3.90954380  0.0
 2.88775706  -3.88453208  0.0
 2.88777504  -3.88452879  0.0
 2.88813491  -3.88446410  0.0
 2.88815291  -3.88446092  0.0
 2.88845312  -3.88440884  0.0
 2.88847114  -3.88440577  0.0
 2.88883177  -3.88434547  0.0
 2.88884981  -3.88434251  0.0
 2.88943215  -3.88424878  0.0
 2.88945021  -3.88424593  0.0
 2.88981155  -3.88419003  0.0
 2.88982963  -3.88418729  0.0
 2.89013101  -3.88414254  0.0
 2.89014910  -3.88413991  0.0
 2.89051110  -3.88408842  0.0
 2.89052920  -3.88408590  0.0
 3.01814268  -3.86672575  0.0
 3.01816153  -3.86672325  0.0
 3.01853870  -3.86667437  0.0
 3.01855757  -3.86667199  0.0
 3.01887212  -3.86663325  0.0
 3.01889100  -3.86663099  0.0
 3.01926876  -3.86658690  0.0
 3.01928765  -3.86658475  0.0
 3.01989748  -3.86651749  0.0
 3.01991638  -3.86651547  0.0
 3.02029467  -3.86647617  0.0
 3.02031359  -3.86647426  0.0
 3.02062902  -3.86644351  0.0
 3.02064796  -3.86644173  0.0
 3.02102671  -3.86640723  0.0
 3.02104565  -3.86640557  0.0
 3.14178058  -3.85617945  0.0
 3.14180243  -3.85617768  0.0
 3.14223952  -3.85614388  0.0
 3.14226138  -3.85614227  0.0
 3.14262581  -3.85611676  0.0
 3.14264769  -3.85611531  0.0
 3.14308523  -3.85608789  0.0
 3.14310711  -3.85608660  0.0
 3.14381322  -3.85604753  0.0
 3.14383511  -3.85604640  0.0
 3.14427300  -3.85602538  0.0
 3.14429490  -3.85602441  0.0
 3.14465992  -3.85600956  0.0
 3.14468183  -3.85600875  0.0
 3.14511998  -3.85599413  0.0
 3.14514189  -3.85599348  0.0
 3.23102374  -3.85375631  0.0
 3.18676612  -3.83942377  0.0
 3.06944055  -3.80154680  0.0
 3.06939715  -3.80153274  0.0
 3.06933728  -3.80151330  0.0
 3.06929432  -3.80149931  0.0
 2.94505915  -3.76096561  0.0
 2.94505576  -3.76096450  0.0
 2.94500700  -3.76094852  0.0
 2.94493506  -3.76092489  0.0
 2.94493219  -3.76092395  0.0
 2.94488345  -3.76090788  0.0
 2.81383702  -3.71761013  0.0
 2.81383391  -3.71760910  0.0
 2.81378900  -3.71759421  0.0
 2.81372276  -3.71757218  0.0
 2.81367524  -3.71755633  0.0
 2.67582245  -3.67148310  0.0
 2.67578724  -3.67147130  0.0
 2.67573867  -3.67145499  0.0
 2.67570382  -3.67144327  0.0
 2.58639700  -3.64134415  0.0
 2.58639700  -3.64508177  0.0
 2.58638208  -3.64538062  0.0
 2.58633746  -3.64567650  0.0
 2.58626359  -3.64596646  0.0
 2.58616120  -3.64624762  0.0
 2.58603131  -3.64651719  0.0
 2.58587521  -3.64677247  0.0
 2.58569446  -3.64701093  0.0
 2.58549086  -3.64723020  0.0
 2.58526642  -3.64742810  0.0
 2.58502339  -3.64760265  0.0
 2.58476418  -3.64775213  0.0
 2.58449136  -3.64787504  0.0
 2.58420766  -3.64797017  0.0
 2.58391589  -3.64803655  0.0
 2.58361897  -3.64807355  0.0
 2.58331983  -3.64808078  0.0
 2.58302146  -3.64805817  0.0
 2.58272683  -3.64800596  0.0
 2.58243886  -3.64792465  0.0
 2.52859558  -3.62977783  0.0
 2.52852076  -3.62975255  0.0
 2.52848343  -3.62973991  0.0
 2.52840864  -3.62971451  0.0
 2.37677727  -3.57809168  0.0
 2.21838779  -3.52405061  0.0
 2.05316018  -3.46776975  0.0
 1.88109853  -3.40940104  0.0
 1.70662688  -3.35059376  0.0
 1.53218849  -3.29253920  0.0
 1.35783058  -3.23550513  0.0
 1.18362715  -3.17975481  0.0
 1.00946067  -3.12554574  0.0
 0.83900000  -3.07429249  0.0
 0.83900000  -4.68667313  0.0
;;

