# exterior:
# ---------
 3.20170806  -3.80957532  0.0
 3.19691880  -3.80802435  0.0
 3.07960106  -3.77014992  0.0
 3.07958261  -3.77014394  0.0
 3.07954690  -3.77013236  0.0
 3.07952846  -3.77012635  0.0
 2.95532150  -3.72960187  0.0
 2.95529934  -3.72959461  0.0
 2.95525643  -3.72958053  0.0
 2.95523428  -3.72957323  0.0
 2.82421428  -3.68628422  0.0
 2.82419387  -3.68627746  0.0
 2.82415436  -3.68626433  0.0
 2.82413396  -3.68625753  0.0
 2.68630092  -3.64019090  0.0
 2.68628595  -3.64018589  0.0
 2.68625699  -3.64017616  0.0
 2.68624203  -3.64017113  0.0
 2.58339700  -3.60550924  0.0
 2.58339700  -3.59231840  0.0
 2.69023426  -3.62832580  0.0
 2.69026323  -3.62833552  0.0
 2.82809627  -3.67440215  0.0
 2.82813578  -3.67441528  0.0
 2.95915578  -3.71770429  0.0
 2.95919868  -3.71771837  0.0
 3.08340564  -3.75824286  0.0
 3.08344135  -3.75825445  0.0
 3.20076451  -3.79613063  0.0
 3.20170806  -3.79643620  0.0
 3.20170806  -3.80957532  0.0
;;

