# exterior:
# ---------
 0.75000000  -4.80112709  0.0
 0.59149949  -4.87596762  0.0
 0.41685961  -4.95542025  0.0
 0.24215770  -5.03038420  0.0
 0.06745888  -5.09993621  0.0
-0.10717095  -5.16302173  0.0
-0.28186303  -5.21871097  0.0
-0.45655122  -5.26629009  0.0
-0.63116862  -5.30449501  0.0
-0.75000000  -5.32316851  0.0
-0.75000000  -5.32063783  0.0
-0.63163025  -5.30203687  0.0
-0.45714726  -5.26386136  0.0
-0.28257150  -5.21631286  0.0
-0.10797560  -5.16065428  0.0
 0.06657159  -5.09759862  0.0
 0.24120226  -5.02807374  0.0
 0.41584895  -4.95313348  0.0
 0.59044809  -4.87369939  0.0
 0.75000000  -4.79836241  0.0
 0.75000000  -4.80112709  0.0
;;

