# exterior:
# ---------
 3.52651157  -3.91530743  0.0
 3.47289144  -3.90389857  0.0
 3.47237686  -3.90380031  0.0
 3.47137710  -3.90363102  0.0
 3.47085886  -3.90355441  0.0
 3.37069407  -3.89088477  0.0
 3.37018388  -3.89083085  0.0
 3.36919444  -3.89074677  0.0
 3.36868247  -3.89071383  0.0
 3.26163913  -3.88602987  0.0
 3.26120322  -3.88601840  0.0
 3.26035917  -3.88601094  0.0
 3.25992312  -3.88601469  0.0
 3.24861315  -3.88630931  0.0
 3.24861315  -3.85629913  0.0
 3.47208000  -3.90089000  0.0
 3.52651157  -3.91530743  0.0
;;

