# exterior:
# ---------
-0.83600000  -5.32305346  0.0
-0.98107662  -5.33582042  0.0
-1.15472946  -5.33746185  0.0
-1.32838991  -5.32408082  0.0
-1.49631873  -5.29606880  0.0
-1.65517789  -5.25584924  0.0
-1.80490566  -5.20589437  0.0
-1.94552953  -5.14812650  0.0
-2.07701830  -5.08373089  0.0
-2.19931010  -5.01363299  0.0
-2.31252297  -4.93895679  0.0
-2.41645529  -4.86029774  0.0
-2.51131264  -4.77844828  0.0
-2.59696490  -4.69426044  0.0
-2.67347745  -4.60865877  0.0
-2.74084849  -4.52244205  0.0
-2.79898076  -4.43672456  0.0
-2.84794671  -4.35047963  0.0
-2.88778900  -4.26374652  0.0
-2.91849090  -4.17688276  0.0
-2.94009359  -4.08240659  0.0
-2.95268233  -3.98905523  0.0
-2.95433834  -3.96736780  0.0
-2.95548790  -3.93088864  0.0
-2.94745837  -3.82964542  0.0
-2.93036696  -3.72653370  0.0
-2.90429893  -3.63734749  0.0
-2.86907517  -3.55368298  0.0
-2.82471214  -3.47017037  0.0
-2.77124689  -3.38830050  0.0
-2.70864943  -3.30825360  0.0
-2.63685478  -3.23036354  0.0
-2.55592843  -3.15551641  0.0
-2.46578337  -3.08427777  0.0
-2.36654473  -3.01706082  0.0
-2.25800881  -2.95445746  0.0
-2.14035748  -2.89686886  0.0
-2.01353924  -2.84477372  0.0
-1.87748800  -2.79895416  0.0
-1.73220676  -2.76001697  0.0
-1.57782551  -2.72901685  0.0
-1.41420365  -2.70661585  0.0
-1.24195304  -2.69379492  0.0
-1.06783591  -2.69017809  0.0
-0.89362977  -2.69445649  0.0
-0.83600000  -2.69811402  0.0
-0.83600000  -2.72817437  0.0
-0.89494862  -2.72443315  0.0
-1.06789270  -2.72018574  0.0
-1.24052710  -2.72377177  0.0
-1.41105263  -2.73646430  0.0
-1.57283298  -2.75861318  0.0
-1.72536360  -2.78924169  0.0
-1.86880874  -2.82768679  0.0
-2.00304104  -2.87289376  0.0
-2.12805004  -2.92424569  0.0
-2.24390326  -2.98095414  0.0
-2.35061745  -3.04250673  0.0
-2.44804713  -3.10849842  0.0
-2.53641373  -3.17833160  0.0
-2.61560676  -3.25157563  0.0
-2.68576651  -3.32769198  0.0
-2.74682752  -3.40577414  0.0
-2.79885351  -3.48544012  0.0
-2.84194883  -3.56656628  0.0
-2.87598452  -3.64740883  0.0
-2.90106574  -3.73321889  0.0
-2.91765329  -3.83329081  0.0
-2.92545045  -3.93160429  0.0
-2.92437436  -3.96575249  0.0
-2.92283548  -3.98590590  0.0
-2.91054475  -4.07704734  0.0
-2.88963047  -4.16851289  0.0
-2.85995835  -4.25246310  0.0
-2.82122273  -4.33678708  0.0
-2.77348182  -4.42087433  0.0
-2.71658718  -4.50476690  0.0
-2.65044919  -4.58940565  0.0
-2.57524376  -4.67354493  0.0
-2.49097720  -4.75637076  0.0
-2.39758443  -4.83695647  0.0
-2.29519340  -4.91444903  0.0
-2.18357598  -4.98807286  0.0
-2.06294650  -5.05721791  0.0
-1.93321908  -5.12075092  0.0
-1.79444658  -5.17775825  0.0
-1.64673750  -5.22703960  0.0
-1.49015867  -5.26668184  0.0
-1.32476242  -5.29427140  0.0
-1.15371698  -5.30745094  0.0
-0.98253557  -5.30583287  0.0
-0.83600000  -5.29293752  0.0
-0.83600000  -5.32305346  0.0
;;

