# exterior:
# ---------
 2.58339700  -3.58282099  0.0
 2.69310867  -3.61979715  0.0
 2.69311610  -3.61979964  0.0
 2.83094914  -3.66586627  0.0
 2.83095926  -3.66586964  0.0
 2.96197926  -3.70915865  0.0
 2.96199025  -3.70916226  0.0
 3.08619721  -3.74968674  0.0
 3.08620636  -3.74968971  0.0
 3.20170806  -3.78697787  0.0
 3.20170806  -3.79643620  0.0
 3.20076451  -3.79613063  0.0
 3.08344135  -3.75825445  0.0
 3.08342807  -3.75825015  0.0
 3.08341892  -3.75824718  0.0
 3.08340564  -3.75824286  0.0
 2.95919868  -3.71771837  0.0
 2.95918272  -3.71771315  0.0
 2.95917173  -3.71770954  0.0
 2.95915578  -3.71770429  0.0
 2.82813578  -3.67441528  0.0
 2.82812108  -3.67441041  0.0
 2.82811096  -3.67440704  0.0
 2.82809627  -3.67440215  0.0
 2.69026323  -3.62833552  0.0
 2.69025246  -3.62833191  0.0
 2.69024503  -3.62832942  0.0
 2.69023426  -3.62832580  0.0
 2.58339700  -3.59231840  0.0
 2.58339700  -3.58282099  0.0
;;

