# exterior:
# ---------
-0.75000000  -5.27609788  0.0
-0.75000000  -2.73864250  0.0
-0.72219880  -2.74040693  0.0
-0.54896607  -2.75709365  0.0
-0.37564173  -2.77915725  0.0
-0.20227036  -2.80634651  0.0
-0.02871355  -2.83820755  0.0
 0.14493990  -2.87441628  0.0
 0.31861047  -2.91464193  0.0
 0.49246783  -2.95870926  0.0
 0.66646843  -3.00596410  0.0
 0.75000000  -3.02995514  0.0
 0.75000000  -4.74966208  0.0
 0.74616668  -4.75151406  0.0
 0.57194333  -4.83377858  0.0
 0.39806128  -4.91288643  0.0
 0.22438658  -4.98740961  0.0
 0.05095521  -5.05645702  0.0
-0.12213746  -5.11898723  0.0
-0.29504059  -5.17410618  0.0
-0.46763759  -5.22111573  0.0
-0.63975487  -5.25877365  0.0
-0.75000000  -5.27609788  0.0
;;

# interior:
# ---------
-0.74700000  -5.27258964  0.0
-0.64030882  -5.25582388  0.0
-0.46835284  -5.21820125  0.0
-0.29589075  -5.17122845  0.0
-0.12310304  -5.11614630  0.0
 0.04989046  -5.05365191  0.0
 0.22324006  -4.98463706  0.0
 0.39684848  -4.91014231  0.0
 0.57068164  -4.83105670  0.0
 0.74487367  -4.74880698  0.0
 0.74700000  -4.74777969  0.0
 0.74700000  -3.03221479  0.0
 0.66566119  -3.00885353  0.0
 0.49170610  -2.96161106  0.0
 0.31790337  -2.91755757  0.0
 0.14429517  -2.87734637  0.0
-0.02929065  -2.84115174  0.0
-0.20277368  -2.80930424  0.0
-0.37606363  -2.78212775  0.0
-0.54929939  -2.76007543  0.0
-0.72243770  -2.74339780  0.0
-0.74700000  -2.74183893  0.0
-0.74700000  -5.27258964  0.0
;;

