# exterior:
# ---------
 2.58339700  -4.00744016  0.0
 2.47359843  -4.03855866  0.0
 2.47347683  -4.03859583  0.0
 2.31848017  -4.08947745  0.0
 2.31837721  -4.08951326  0.0
 2.15650200  -4.14903565  0.0
 2.15641505  -4.14906911  0.0
 1.98772680  -4.21691782  0.0
 1.98765757  -4.21694664  0.0
 1.81340097  -4.29198180  0.0
 1.81334893  -4.29200477  0.0
 1.63863376  -4.37106879  0.0
 1.63859573  -4.37108631  0.0
 1.46394607  -4.45298036  0.0
 1.46392127  -4.45299213  0.0
 1.28920610  -4.53681217  0.0
 1.28919167  -4.53681914  0.0
 1.11447650  -4.62175286  0.0
 0.93982917  -4.70681645  0.0
 0.83600000  -4.75697914  0.0
 0.83600000  -4.74698382  0.0
 0.93590111  -4.69871889  0.0
 1.11054166  -4.61365859  0.0
 1.28525683  -4.52872488  0.0
 1.28527776  -4.52871474  0.0
 1.28529219  -4.52870777  0.0
 1.28531315  -4.52869768  0.0
 1.46002832  -4.44487764  0.0
 1.46006429  -4.44486048  0.0
 1.46008909  -4.44484872  0.0
 1.46012513  -4.44483172  0.0
 1.63477479  -4.36293767  0.0
 1.63482991  -4.36291205  0.0
 1.63486794  -4.36289453  0.0
 1.63492323  -4.36286928  0.0
 1.80963840  -4.28380526  0.0
 1.80971379  -4.28377156  0.0
 1.80976583  -4.28374859  0.0
 1.80984152  -4.28371558  0.0
 1.98409812  -4.20868043  0.0
 1.98419837  -4.20863798  0.0
 1.98426760  -4.20860915  0.0
 1.98436836  -4.20856792  0.0
 2.15305661  -4.14071921  0.0
 2.15318245  -4.14066969  0.0
 2.15326940  -4.14063623  0.0
 2.15339597  -4.14058860  0.0
 2.31527118  -4.08106622  0.0
 2.31542019  -4.08101291  0.0
 2.31552315  -4.08097709  0.0
 2.31567308  -4.08092641  0.0
 2.47066974  -4.03004479  0.0
 2.47084569  -4.02998902  0.0
 2.47096729  -4.02995185  0.0
 2.47114436  -4.02989970  0.0
 2.58339700  -3.99808568  0.0
 2.58339700  -4.00744016  0.0
;;

