# exterior:
# ---------
 0.83900000  -4.68667313  0.0
 0.83900000  -3.07429249  0.0
 1.00946067  -3.12554574  0.0
 1.18362715  -3.17975481  0.0
 1.35783058  -3.23550513  0.0
 1.53218849  -3.29253920  0.0
 1.70662688  -3.35059376  0.0
 1.88109853  -3.40940104  0.0
 2.05316018  -3.46776975  0.0
 2.21838779  -3.52405061  0.0
 2.37677727  -3.57809168  0.0
 2.52840864  -3.62971451  0.0
 2.52848343  -3.62973991  0.0
 2.52852076  -3.62975255  0.0
 2.52859558  -3.62977783  0.0
 2.58243886  -3.64792465  0.0
 2.58272683  -3.64800596  0.0
 2.58302146  -3.64805817  0.0
 2.58331983  -3.64808078  0.0
 2.58361897  -3.64807355  0.0
 2.58391589  -3.64803655  0.0
 2.58420766  -3.64797017  0.0
 2.58449136  -3.64787504  0.0
 2.58476418  -3.64775213  0.0
 2.58502339  -3.64760265  0.0
 2.58526642  -3.64742810  0.0
 2.58549086  -3.64723020  0.0
 2.58569446  -3.64701093  0.0
 2.58587521  -3.64677247  0.0
 2.58603131  -3.64651719  0.0
 2.58616120  -3.64624762  0.0
 2.58626359  -3.64596646  0.0
 2.58633746  -3.64567650  0.0
 2.58638208  -3.64538062  0.0
 2.58639700  -3.64508177  0.0
 2.58639700  -3.64134415  0.0
 2.67570382  -3.67144327  0.0
 2.67573867  -3.67145499  0.0
 2.67578724  -3.67147130  0.0
 2.67582245  -3.67148310  0.0
 2.81367524  -3.71755633  0.0
 2.81372276  -3.71757218  0.0
 2.81378900  -3.71759421  0.0
 2.81383391  -3.71760910  0.0
 2.81383702  -3.71761013  0.0
 2.94488345  -3.76090788  0.0
 2.94493219  -3.76092395  0.0
 2.94493506  -3.76092489  0.0
 2.94500700  -3.76094852  0.0
 2.94505576  -3.76096450  0.0
 2.94505915  -3.76096561  0.0
 3.06929432  -3.80149931  0.0
 3.06933728  -3.80151330  0.0
 3.06939715  -3.80153274  0.0
 3.06944055  -3.80154680  0.0
 3.18676612  -3.83942377  0.0
 3.23102374  -3.85375631  0.0
 3.14514189  -3.85599348  0.0
 3.14511998  -3.85599413  0.0
 3.14468183  -3.85600875  0.0
 3.14465992  -3.85600956  0.0
 3.14429490  -3.85602441  0.0
 3.14427300  -3.85602538  0.0
 3.14383511  -3.85604640  0.0
 3.14381322  -3.85604753  0.0
 3.14310711  -3.85608660  0.0
 3.14308523  -3.85608789  0.0
 3.14264769  -3.85611531  0.0
 3.14262581  -3.85611676  0.0
 3.14226138  -3.85614227  0.0
 3.14223952  -3.85614388  0.0
 3.14180243  -3.85617768  0.0
 3.14178058  -3.85617945  0.0
 3.02104565  -3.86640557  0.0
 3.02102671  -3.86640723  0.0
 3.02064796  -3.86644173  0.0
 3.02062902  -3.86644351  0.0
 3.02031359  -3.86647426  0.0
 3.02029467  -3.86647617  0.0
 3.01991638  -3.86651547  0.0
 3.01989748  -3.86651749  0.0
 3.01928765  -3.86658475  0.0
 3.01926876  -3.86658690  0.0
 3.01889100  -3.86663099  0.0
 3.01887212  -3.86663325  0.0
 3.01855757  -3.86667199  0.0
 3.01853870  -3.86667437  0.0
 3.01816153  -3.86672325  0.0
 3.01814268  -3.86672575  0.0
 2.89052920  -3.88408590  0.0
 2.89051110  -3.88408842  0.0
 2.89014910  -3.88413991  0.0
 2.89013101  -3.88414254  0.0
 2.88982963  -3.88418729  0.0
 2.88981155  -3.88419003  0.0
 2.88945021  -3.88424593  0.0
 2.88943215  -3.88424878  0.0
 2.88884981  -3.88434251  0.0
 2.88883177  -3.88434547  0.0
 2.88847114  -3.88440577  0.0
 2.88845312  -3.88440884  0.0
 2.88815291  -3.88446092  0.0
 2.88813491  -3.88446410  0.0
 2.88777504  -3.88452879  0.0
 2.88775706  -3.88453208  0.0
 2.75333054  -3.90954380  0.0
 2.75331282  -3.90954715  0.0
 2.75295867  -3.90961525  0.0
 2.75294097  -3.90961871  0.0
 2.75264620  -3.90967723  0.0
 2.75262852  -3.90968079  0.0
 2.75227522  -3.90975315  0.0
 2.75225756  -3.90975682  0.0
 2.75168833  -3.90987696  0.0
 2.75167070  -3.90988073  0.0
 2.75131829  -3.90995732  0.0
 2.75130068  -3.90996121  0.0
 2.75100740  -3.91002680  0.0
 2.75098981  -3.91003079  0.0
 2.75063835  -3.91011161  0.0
 2.75062079  -3.91011570  0.0
 2.60931572  -3.94350615  0.0
 2.60929963  -3.94351000  0.0
 2.60897796  -3.94358789  0.0
 2.60896189  -3.94359182  0.0
 2.60869420  -3.94365820  0.0
 2.60867815  -3.94366223  0.0
 2.60835737  -3.94374366  0.0
 2.60834134  -3.94374778  0.0
 2.60782458  -3.94388199  0.0
 2.60780857  -3.94388620  0.0
 2.60748870  -3.94397116  0.0
 2.60747272  -3.94397545  0.0
 2.60720656  -3.94404772  0.0
 2.60719061  -3.94405210  0.0
 2.60687170  -3.94414059  0.0
 2.60685576  -3.94414506  0.0
 2.58639700  -3.94994336  0.0
 2.58639700  -3.94611637  0.0
 2.58638284  -3.94582520  0.0
 2.58634048  -3.94553678  0.0
 2.58627033  -3.94525384  0.0
 2.58617305  -3.94497904  0.0
 2.58604956  -3.94471497  0.0
 2.58590103  -3.94446414  0.0
 2.58572885  -3.94422891  0.0
 2.58553465  -3.94401150  0.0
 2.58532027  -3.94381397  0.0
 2.58508773  -3.94363818  0.0
 2.58483922  -3.94348578  0.0
 2.58457710  -3.94335822  0.0
 2.58430383  -3.94325671  0.0
 2.58402200  -3.94318220  0.0
 2.58373428  -3.94313539  0.0
 2.58344336  -3.94311673  0.0
 2.58315201  -3.94312639  0.0
 2.58286297  -3.94316428  0.0
 2.58257898  -3.94323005  0.0
 2.45669259  -3.97890807  0.0
 2.45666304  -3.97891661  0.0
 2.45567934  -3.97920633  0.0
 2.45564988  -3.97921517  0.0
 2.45517526  -3.97936027  0.0
 2.45514588  -3.97936941  0.0
 2.45416834  -3.97967925  0.0
 2.45413906  -3.97968869  0.0
 2.29914240  -4.03057031  0.0
 2.29911737  -4.03057865  0.0
 2.29828448  -4.03086020  0.0
 2.29825953  -4.03086876  0.0
 2.29785763  -4.03100857  0.0
 2.29783276  -4.03101734  0.0
 2.29700494  -4.03131350  0.0
 2.29698015  -4.03132249  0.0
 2.13510494  -4.09084488  0.0
 2.13508381  -4.09085274  0.0
 2.13438062  -4.09111732  0.0
 2.13435955  -4.09112533  0.0
 2.13402019  -4.09125594  0.0
 2.13399919  -4.09126412  0.0
 2.13330005  -4.09153923  0.0
 2.13327911  -4.09154757  0.0
 1.96459086  -4.15939627  0.0
 1.96457404  -4.15940310  0.0
 1.96401430  -4.15963218  0.0
 1.96399753  -4.15963910  0.0
 1.96372729  -4.15975161  0.0
 1.96371056  -4.15975863  0.0
 1.96315363  -4.15999446  0.0
 1.96313694  -4.16000159  0.0
 1.78888034  -4.23503674  0.0
 1.78886772  -4.23504222  0.0
 1.78844718  -4.23522559  0.0
 1.78843458  -4.23523112  0.0
 1.78823145  -4.23532081  0.0
 1.78821887  -4.23532639  0.0
 1.78780004  -4.23551362  0.0
 1.78778749  -4.23551926  0.0
 1.61307232  -4.31458328  0.0
 1.61306310  -4.31458748  0.0
 1.61275593  -4.31472773  0.0
 1.61274673  -4.31473195  0.0
 1.61259829  -4.31480033  0.0
 1.61258910  -4.31480459  0.0
 1.61228289  -4.31494691  0.0
 1.61227371  -4.31495120  0.0
 1.43762405  -4.39684525  0.0
 1.43761804  -4.39684807  0.0
 1.43741780  -4.39694251  0.0
 1.43741180  -4.39694535  0.0
 1.43731499  -4.39699127  0.0
 1.43730899  -4.39699412  0.0
 1.43710917  -4.39708944  0.0
 1.43710318  -4.39709230  0.0
 1.26238801  -4.48091235  0.0
 1.26238452  -4.48091403  0.0
 1.26226809  -4.48097007  0.0
 1.26226460  -4.48097175  0.0
 1.26220828  -4.48099895  0.0
 1.26220479  -4.48100064  0.0
 1.26208850  -4.48105698  0.0
 1.26208501  -4.48105868  0.0
 1.08736781  -4.56599338  0.0
 0.91276920  -4.65103323  0.0
 0.83900000  -4.68667313  0.0
;;

# interior:
# ---------
 0.84400000  -4.67870454  0.0
 0.91058694  -4.64653459  0.0
 1.08518179  -4.56149657  0.0
 1.25990190  -4.47656045  0.0
 1.25990829  -4.47655735  0.0
 1.26002749  -4.47649960  0.0
 1.26003389  -4.47649651  0.0
 1.26009311  -4.47646790  0.0
 1.26009952  -4.47646482  0.0
 1.26021886  -4.47640737  0.0
 1.26022526  -4.47640430  0.0
 1.43494043  -4.39258425  0.0
 1.43494543  -4.39258186  0.0
 1.43495142  -4.39257899  0.0
 1.43495641  -4.39257661  0.0
 1.43515623  -4.39248129  0.0
 1.43516122  -4.39247891  0.0
 1.43516722  -4.39247606  0.0
 1.43517222  -4.39247368  0.0
 1.43526903  -4.39242776  0.0
 1.43527403  -4.39242539  0.0
 1.43528004  -4.39242255  0.0
 1.43528504  -4.39242019  0.0
 1.43548528  -4.39232576  0.0
 1.43549028  -4.39232340  0.0
 1.43549629  -4.39232057  0.0
 1.43550130  -4.39231822  0.0
 1.61015096  -4.31042417  0.0
 1.61015861  -4.31042059  0.0
 1.61016779  -4.31041631  0.0
 1.61017544  -4.31041274  0.0
 1.61048165  -4.31027042  0.0
 1.61048931  -4.31026687  0.0
 1.61049850  -4.31026261  0.0
 1.61050617  -4.31025908  0.0
 1.61065460  -4.31019069  0.0
 1.61066227  -4.31018717  0.0
 1.61067148  -4.31018294  0.0
 1.61067916  -4.31017943  0.0
 1.61098632  -4.31003918  0.0
 1.61099400  -4.31003568  0.0
 1.61100322  -4.31003149  0.0
 1.61101091  -4.31002800  0.0
 1.78572608  -4.23096398  0.0
 1.78573654  -4.23095926  0.0
 1.78574909  -4.23095362  0.0
 1.78575955  -4.23094893  0.0
 1.78617839  -4.23076170  0.0
 1.78618886  -4.23075703  0.0
 1.78620144  -4.23075144  0.0
 1.78621193  -4.23074680  0.0
 1.78641505  -4.23065712  0.0
 1.78642555  -4.23065249  0.0
 1.78643816  -4.23064696  0.0
 1.78644866  -4.23064237  0.0
 1.78686920  -4.23045899  0.0
 1.78687972  -4.23045442  0.0
 1.78689234  -4.23044895  0.0
 1.78690287  -4.23044440  0.0
 1.96115947  -4.15540925  0.0
 1.96117337  -4.15540329  0.0
 1.96119006  -4.15539616  0.0
 1.96120397  -4.15539025  0.0
 1.96176090  -4.15515441  0.0
 1.96177484  -4.15514854  0.0
 1.96179157  -4.15514151  0.0
 1.96180552  -4.15513568  0.0
 1.96207575  -4.15502317  0.0
 1.96208972  -4.15501738  0.0
 1.96210649  -4.15501046  0.0
 1.96212047  -4.15500471  0.0
 1.96268022  -4.15477563  0.0
 1.96269422  -4.15476993  0.0
 1.96271103  -4.15476310  0.0
 1.96272505  -4.15475744  0.0
 2.13141330  -4.08690873  0.0
 2.13143074  -4.08690176  0.0
 2.13145169  -4.08689342  0.0
 2.13146915  -4.08688651  0.0
 2.13216829  -4.08661140  0.0
 2.13218578  -4.08660455  0.0
 2.13220679  -4.08659638  0.0
 2.13222430  -4.08658960  0.0
 2.13256367  -4.08645899  0.0
 2.13258121  -4.08645228  0.0
 2.13260227  -4.08644426  0.0
 2.13261984  -4.08643761  0.0
 2.13332303  -4.08617303  0.0
 2.13334063  -4.08616645  0.0
 2.13336175  -4.08615859  0.0
 2.13337937  -4.08615207  0.0
 2.29525458  -4.02662969  0.0
 2.29527522  -4.02662215  0.0
 2.29530002  -4.02661315  0.0
 2.29532070  -4.02660570  0.0
 2.29614852  -4.02630955  0.0
 2.29616923  -4.02630219  0.0
 2.29619410  -4.02629341  0.0
 2.29621485  -4.02628615  0.0
 2.29661674  -4.02614634  0.0
 2.29663752  -4.02613916  0.0
 2.29666247  -4.02613061  0.0
 2.29668327  -4.02612352  0.0
 2.29751617  -4.02584197  0.0
 2.29753701  -4.02583497  0.0
 2.29756203  -4.02582664  0.0
 2.29758290  -4.02581974  0.0
 2.45257956  -3.97493812  0.0
 2.45260394  -3.97493018  0.0
 2.45263322  -3.97492074  0.0
 2.45265764  -3.97491293  0.0
 2.45363518  -3.97460309  0.0
 2.45365964  -3.97459541  0.0
 2.45368901  -3.97458627  0.0
 2.45371351  -3.97457871  0.0
 2.45418813  -3.97443361  0.0
 2.45421267  -3.97442618  0.0
 2.45424214  -3.97441734  0.0
 2.45426671  -3.97441003  0.0
 2.45525040  -3.97412031  0.0
 2.45527501  -3.97411313  0.0
 2.45530457  -3.97410459  0.0
 2.45532922  -3.97409754  0.0
 2.58121560  -3.93841952  0.0
 2.58145093  -3.93835896  0.0
 2.58173493  -3.93829319  0.0
 2.58221302  -3.93820671  0.0
 2.58250206  -3.93816881  0.0
 2.58298629  -3.93812914  0.0
 2.58327764  -3.93811948  0.0
 2.58376344  -3.93812698  0.0
 2.58405435  -3.93814564  0.0
 2.58453712  -3.93820027  0.0
 2.58482485  -3.93824707  0.0
 2.58530005  -3.93834829  0.0
 2.58558187  -3.93842281  0.0
 2.58604500  -3.93856967  0.0
 2.58631826  -3.93867118  0.0
 2.58676495  -3.93886230  0.0
 2.58702707  -3.93898986  0.0
 2.58745310  -3.93922343  0.0
 2.58770160  -3.93937582  0.0
 2.58810295  -3.93964964  0.0
 2.58833549  -3.93982543  0.0
 2.58870837  -3.94013691  0.0
 2.58892275  -3.94033444  0.0
 2.58926363  -3.94068064  0.0
 2.58945783  -3.94089804  0.0
 2.58976350  -3.94127569  0.0
 2.58993568  -3.94151092  0.0
 2.59020326  -3.94191645  0.0
 2.59035180  -3.94216728  0.0
 2.59057876  -3.94259686  0.0
 2.59070225  -3.94286093  0.0
 2.59088644  -3.94331051  0.0
 2.59093906  -3.94345915  0.0
 2.60549239  -3.93933452  0.0
 2.60550566  -3.93933078  0.0
 2.60552159  -3.93932631  0.0
 2.60553488  -3.93932261  0.0
 2.60585379  -3.93923412  0.0
 2.60586708  -3.93923045  0.0
 2.60588304  -3.93922607  0.0
 2.60589634  -3.93922244  0.0
 2.60616250  -3.93915017  0.0
 2.60617581  -3.93914658  0.0
 2.60619179  -3.93914228  0.0
 2.60620512  -3.93913873  0.0
 2.60652499  -3.93905376  0.0
 2.60653832  -3.93905024  0.0
 2.60655432  -3.93904604  0.0
 2.60656767  -3.93904255  0.0
 2.60708443  -3.93890834  0.0
 2.60709778  -3.93890489  0.0
 2.60711381  -3.93890077  0.0
 2.60712717  -3.93889736  0.0
 2.60744795  -3.93881593  0.0
 2.60746133  -3.93881256  0.0
 2.60747738  -3.93880853  0.0
 2.60749076  -3.93880519  0.0
 2.60775844  -3.93873881  0.0
 2.60777183  -3.93873551  0.0
 2.60778790  -3.93873157  0.0
 2.60780130  -3.93872831  0.0
 2.60812297  -3.93865042  0.0
 2.60813637  -3.93864720  0.0
 2.60815247  -3.93864335  0.0
 2.60816588  -3.93864016  0.0
 2.74947095  -3.90524971  0.0
 2.74948558  -3.90524628  0.0
 2.74950314  -3.90524218  0.0
 2.74951778  -3.90523879  0.0
 2.74986925  -3.90515797  0.0
 2.74988390  -3.90515462  0.0
 2.74990148  -3.90515064  0.0
 2.74991614  -3.90514733  0.0
 2.75020942  -3.90508174  0.0
 2.75022409  -3.90507849  0.0
 2.75024170  -3.90507460  0.0
 2.75025638  -3.90507139  0.0
 2.75060879  -3.90499480  0.0
 2.75062348  -3.90499163  0.0
 2.75064111  -3.90498785  0.0
 2.75065581  -3.90498473  0.0
 2.75122504  -3.90486459  0.0
 2.75123975  -3.90486151  0.0
 2.75125740  -3.90485784  0.0
 2.75127212  -3.90485480  0.0
 2.75162542  -3.90478245  0.0
 2.75164015  -3.90477946  0.0
 2.75165783  -3.90477589  0.0
 2.75167256  -3.90477294  0.0
 2.75196733  -3.90471442  0.0
 2.75198208  -3.90471152  0.0
 2.75199977  -3.90470806  0.0
 2.75201452  -3.90470520  0.0
 2.75236867  -3.90463710  0.0
 2.75238343  -3.90463429  0.0
 2.75240115  -3.90463094  0.0
 2.75241592  -3.90462816  0.0
 2.88684244  -3.87961645  0.0
 2.88685742  -3.87961368  0.0
 2.88687541  -3.87961039  0.0
 2.88689040  -3.87960767  0.0
 2.88725026  -3.87954298  0.0
 2.88726526  -3.87954031  0.0
 2.88728327  -3.87953713  0.0
 2.88729827  -3.87953450  0.0
 2.88759848  -3.87948242  0.0
 2.88761350  -3.87947984  0.0
 2.88763152  -3.87947677  0.0
 2.88764654  -3.87947424  0.0
 2.88800717  -3.87941394  0.0
 2.88802220  -3.87941145  0.0
 2.88804024  -3.87940849  0.0
 2.88805528  -3.87940604  0.0
 2.88863762  -3.87931231  0.0
 2.88865267  -3.87930992  0.0
 2.88867073  -3.87930707  0.0
 2.88868578  -3.87930471  0.0
 2.88904712  -3.87924881  0.0
 2.88906217  -3.87924651  0.0
 2.88908025  -3.87924377  0.0
 2.88909532  -3.87924151  0.0
 2.88939670  -3.87919676  0.0
 2.88941178  -3.87919454  0.0
 2.88942987  -3.87919191  0.0
 2.88944495  -3.87918975  0.0
 2.88980694  -3.87913825  0.0
 2.88982203  -3.87913613  0.0
 2.88984013  -3.87913361  0.0
 2.88985523  -3.87913153  0.0
 3.01746871  -3.86177138  0.0
 3.01748441  -3.86176927  0.0
 3.01750326  -3.86176677  0.0
 3.01751898  -3.86176471  0.0
 3.01789614  -3.86171583  0.0
 3.01791186  -3.86171382  0.0
 3.01793073  -3.86171144  0.0
 3.01794645  -3.86170947  0.0
 3.01826100  -3.86167074  0.0
 3.01827674  -3.86166883  0.0
 3.01829562  -3.86166656  0.0
 3.01831135  -3.86166470  0.0
 3.01868911  -3.86162061  0.0
 3.01870485  -3.86161880  0.0
 3.01872375  -3.86161665  0.0
 3.01873950  -3.86161489  0.0
 3.01934932  -3.86154763  0.0
 3.01936507  -3.86154592  0.0
 3.01938398  -3.86154389  0.0
 3.01939974  -3.86154223  0.0
 3.01977803  -3.86150293  0.0
 3.01979379  -3.86150132  0.0
 3.01981271  -3.86149941  0.0
 3.01982848  -3.86149785  0.0
 3.02014391  -3.86146710  0.0
 3.02015969  -3.86146559  0.0
 3.02017862  -3.86146381  0.0
 3.02019440  -3.86146234  0.0
 3.02057315  -3.86142784  0.0
 3.02058894  -3.86142643  0.0
 3.02060788  -3.86142477  0.0
 3.02062367  -3.86142340  0.0
 3.14135860  -3.85119729  0.0
 3.14137680  -3.85119578  0.0
 3.14139865  -3.85119401  0.0
 3.14141686  -3.85119257  0.0
 3.14185395  -3.85115877  0.0
 3.14187217  -3.85115739  0.0
 3.14189403  -3.85115578  0.0
 3.14191225  -3.85115447  0.0
 3.14227668  -3.85112896  0.0
 3.14229490  -3.85112772  0.0
 3.14231678  -3.85112627  0.0
 3.14233500  -3.85112509  0.0
 3.14277255  -3.85109768  0.0
 3.14279078  -3.85109657  0.0
 3.14281266  -3.85109528  0.0
 3.14283090  -3.85109424  0.0
 3.14353701  -3.85105517  0.0
 3.14355525  -3.85105419  0.0
 3.14357714  -3.85105306  0.0
 3.14359538  -3.85105215  0.0
 3.14403328  -3.85103113  0.0
 3.14405152  -3.85103029  0.0
 3.14407342  -3.85102932  0.0
 3.14409167  -3.85102854  0.0
 3.14445669  -3.85101370  0.0
 3.14447494  -3.85101299  0.0
 3.14449685  -3.85101218  0.0
 3.14451510  -3.85101153  0.0
 3.14495326  -3.85099692  0.0
 3.14497152  -3.85099634  0.0
 3.14499343  -3.85099569  0.0
 3.14501169  -3.85099518  0.0
 3.20170806  -3.84951827  0.0
 3.18522783  -3.84418126  0.0
 3.06789989  -3.80630351  0.0
 3.06785300  -3.80628833  0.0
 3.06778920  -3.80626761  0.0
 3.06774345  -3.80625271  0.0
 2.94350545  -3.76571808  0.0
 2.94349925  -3.76571605  0.0
 2.94344648  -3.76569877  0.0
 2.94337208  -3.76567432  0.0
 2.94336681  -3.76567259  0.0
 2.94331485  -3.76565546  0.0
 2.81226582  -3.72235685  0.0
 2.81226011  -3.72235496  0.0
 2.81221152  -3.72233884  0.0
 2.81214093  -3.72231537  0.0
 2.81209031  -3.72229849  0.0
 2.67423384  -3.67622402  0.0
 2.67419581  -3.67621127  0.0
 2.67414404  -3.67619389  0.0
 2.67410693  -3.67618140  0.0
 2.59079810  -3.64810379  0.0
 2.59066556  -3.64841805  0.0
 2.59053567  -3.64868761  0.0
 2.59029705  -3.64912552  0.0
 2.59014096  -3.64938081  0.0
 2.58985990  -3.64979277  0.0
 2.58967915  -3.65003124  0.0
 2.58935846  -3.65041316  0.0
 2.58915485  -3.65063243  0.0
 2.58879771  -3.65098050  0.0
 2.58857327  -3.65117840  0.0
 2.58818323  -3.65148916  0.0
 2.58794020  -3.65166372  0.0
 2.58752114  -3.65193408  0.0
 2.58726192  -3.65208356  0.0
 2.58681801  -3.65231083  0.0
 2.58654520  -3.65243374  0.0
 2.58608086  -3.65261567  0.0
 2.58579716  -3.65271079  0.0
 2.58531700  -3.65284555  0.0
 2.58502524  -3.65291194  0.0
 2.58453405  -3.65299820  0.0
 2.58423712  -3.65303519  0.0
 2.58373978  -3.65307209  0.0
 2.58344064  -3.65307932  0.0
 2.58294210  -3.65306649  0.0
 2.58264373  -3.65304388  0.0
 2.58214895  -3.65298146  0.0
 2.58185432  -3.65292924  0.0
 2.58136821  -3.65281784  0.0
 2.58108025  -3.65273653  0.0
 2.58084197  -3.65266279  0.0
 2.52699511  -3.63451476  0.0
 2.52691671  -3.63448827  0.0
 2.52687569  -3.63447438  0.0
 2.52679722  -3.63444773  0.0
 2.37516271  -3.58282383  0.0
 2.21677442  -3.52878316  0.0
 2.05155097  -3.47250372  0.0
 1.87949689  -3.41413758  0.0
 1.70503892  -3.35533490  0.0
 1.53062179  -3.29728742  0.0
 1.35629131  -3.24026233  0.0
 1.18212216  -3.18452297  0.0
 1.00799782  -3.13032702  0.0
 0.84400000  -3.08101699  0.0
 0.84400000  -4.67870454  0.0
;;

