# exterior:
# ---------
 2.58339700  -3.57954966  0.0
 2.69409875  -3.61685951  0.0
 2.83193179  -3.66292614  0.0
 2.96295179  -3.70621515  0.0
 3.08715875  -3.74673963  0.0
 3.20170806  -3.78372032  0.0
 3.20170806  -3.78435081  0.0
 3.08697442  -3.74731062  0.0
 3.08697265  -3.74731004  0.0
 2.96276569  -3.70678556  0.0
 2.96276356  -3.70678486  0.0
 2.83174356  -3.66349585  0.0
 2.83174160  -3.66349520  0.0
 2.69390856  -3.61742857  0.0
 2.69390712  -3.61742808  0.0
 2.58339700  -3.58018282  0.0
 2.58339700  -3.57954966  0.0
;;

