# exterior:
# ---------
 0.75000000  -4.80179061  0.0
 0.59175183  -4.87651199  0.0
 0.41710217  -4.95596907  0.0
 0.24238700  -5.03093872  0.0
 0.06767183  -5.10049723  0.0
-0.10697783  -5.16358991  0.0
-0.28169300  -5.21928652  0.0
-0.45640817  -5.26687298  0.0
-0.63105783  -5.30508496  0.0
-0.75000000  -5.32377588  0.0
-0.75000000  -5.32316851  0.0
-0.63116862  -5.30449501  0.0
-0.45655122  -5.26629009  0.0
-0.28186303  -5.21871097  0.0
-0.10717095  -5.16302173  0.0
 0.06745888  -5.09993621  0.0
 0.24215770  -5.03038420  0.0
 0.41685961  -4.95542025  0.0
 0.59149949  -4.87596762  0.0
 0.75000000  -4.80112709  0.0
 0.75000000  -4.80179061  0.0
;;

