# exterior:
# ---------
 3.20170806  -3.85752098  0.0
 3.14522001  -3.85899247  0.0
 3.14478186  -3.85900708  0.0
 3.14441684  -3.85902193  0.0
 3.14397894  -3.85904295  0.0
 3.14327284  -3.85908202  0.0
 3.14283529  -3.85910944  0.0
 3.14247086  -3.85913494  0.0
 3.14203377  -3.85916875  0.0
 3.02129884  -3.86939486  0.0
 3.02092009  -3.86942936  0.0
 3.02060466  -3.86946011  0.0
 3.02022637  -3.86949941  0.0
 3.01961655  -3.86956667  0.0
 3.01923879  -3.86961076  0.0
 3.01892424  -3.86964950  0.0
 3.01854707  -3.86969837  0.0
 2.89093359  -3.88705852  0.0
 2.89057160  -3.88711001  0.0
 2.89027021  -3.88715476  0.0
 2.88990887  -3.88721066  0.0
 2.88932653  -3.88730439  0.0
 2.88896590  -3.88736469  0.0
 2.88866569  -3.88741677  0.0
 2.88830582  -3.88748146  0.0
 2.75387930  -3.91249318  0.0
 2.75352516  -3.91256128  0.0
 2.75323038  -3.91261980  0.0
 2.75287708  -3.91269215  0.0
 2.75230784  -3.91281229  0.0
 2.75195544  -3.91288888  0.0
 2.75166215  -3.91295447  0.0
 2.75131069  -3.91303530  0.0
 2.61000562  -3.94642575  0.0
 2.60968396  -3.94650363  0.0
 2.60941627  -3.94657001  0.0
 2.60909548  -3.94665144  0.0
 2.60857872  -3.94678566  0.0
 2.60825886  -3.94687062  0.0
 2.60799270  -3.94694289  0.0
 2.60767379  -3.94703138  0.0
 2.58339700  -3.95391177  0.0
 2.58639700  -3.94975403  0.0
 2.58639700  -3.94994336  0.0
 2.60685576  -3.94414506  0.0
 2.60687170  -3.94414059  0.0
 2.60719061  -3.94405210  0.0
 2.60720656  -3.94404772  0.0
 2.60747272  -3.94397545  0.0
 2.60748870  -3.94397116  0.0
 2.60780857  -3.94388620  0.0
 2.60782458  -3.94388199  0.0
 2.60834134  -3.94374778  0.0
 2.60835737  -3.94374366  0.0
 2.60867815  -3.94366223  0.0
 2.60869420  -3.94365820  0.0
 2.60896189  -3.94359182  0.0
 2.60897796  -3.94358789  0.0
 2.60929963  -3.94351000  0.0
 2.60931572  -3.94350615  0.0
 2.75062079  -3.91011570  0.0
 2.75063835  -3.91011161  0.0
 2.75098981  -3.91003079  0.0
 2.75100740  -3.91002680  0.0
 2.75130068  -3.90996121  0.0
 2.75131829  -3.90995732  0.0
 2.75167070  -3.90988073  0.0
 2.75168833  -3.90987696  0.0
 2.75225756  -3.90975682  0.0
 2.75227522  -3.90975315  0.0
 2.75262852  -3.90968079  0.0
 2.75264620  -3.90967723  0.0
 2.75294097  -3.90961871  0.0
 2.75295867  -3.90961525  0.0
 2.75331282  -3.90954715  0.0
 2.75333054  -3.90954380  0.0
 2.88775706  -3.88453208  0.0
 2.88777504  -3.88452879  0.0
 2.88813491  -3.88446410  0.0
 2.88815291  -3.88446092  0.0
 2.88845312  -3.88440884  0.0
 2.88847114  -3.88440577  0.0
 2.88883177  -3.88434547  0.0
 2.88884981  -3.88434251  0.0
 2.88943215  -3.88424878  0.0
 2.88945021  -3.88424593  0.0
 2.88981155  -3.88419003  0.0
 2.88982963  -3.88418729  0.0
 2.89013101  -3.88414254  0.0
 2.89014910  -3.88413991  0.0
 2.89051110  -3.88408842  0.0
 2.89052920  -3.88408590  0.0
 3.01814268  -3.86672575  0.0
 3.01816153  -3.86672325  0.0
 3.01853870  -3.86667437  0.0
 3.01855757  -3.86667199  0.0
 3.01887212  -3.86663325  0.0
 3.01889100  -3.86663099  0.0
 3.01926876  -3.86658690  0.0
 3.01928765  -3.86658475  0.0
 3.01989748  -3.86651749  0.0
 3.01991638  -3.86651547  0.0
 3.02029467  -3.86647617  0.0
 3.02031359  -3.86647426  0.0
 3.02062902  -3.86644351  0.0
 3.02064796  -3.86644173  0.0
 3.02102671  -3.86640723  0.0
 3.02104565  -3.86640557  0.0
 3.14178058  -3.85617945  0.0
 3.14180243  -3.85617768  0.0
 3.14223952  -3.85614388  0.0
 3.14226138  -3.85614227  0.0
 3.14262581  -3.85611676  0.0
 3.14264769  -3.85611531  0.0
 3.14308523  -3.85608789  0.0
 3.14310711  -3.85608660  0.0
 3.14381322  -3.85604753  0.0
 3.14383511  -3.85604640  0.0
 3.14427300  -3.85602538  0.0
 3.14429490  -3.85602441  0.0
 3.14465992  -3.85600956  0.0
 3.14468183  -3.85600875  0.0
 3.14511998  -3.85599413  0.0
 3.14514189  -3.85599348  0.0
 3.20170806  -3.85451997  0.0
 3.20170806  -3.85752098  0.0
;;

