# exterior:
# ---------
-0.75000000  -2.69144774  0.0
-0.71844817  -2.69345020  0.0
-0.54373300  -2.71027972  0.0
-0.36901783  -2.73252037  0.0
-0.19436817  -2.75991010  0.0
-0.01965300  -2.79198379  0.0
 0.15506217  -2.82841390  0.0
 0.32971183  -2.86886633  0.0
 0.50442700  -2.91315109  0.0
 0.67914217  -2.96059998  0.0
 0.75000000  -2.98095101  0.0
 0.75000000  -2.98157527  0.0
 0.67898072  -2.96117787  0.0
 0.50427465  -2.91373145  0.0
 0.32957041  -2.86944946  0.0
 0.15493322  -2.82899992  0.0
-0.01976842  -2.79257263  0.0
-0.19446883  -2.76050164  0.0
-0.36910221  -2.73311447  0.0
-0.54379966  -2.71087608  0.0
-0.71849595  -2.69404838  0.0
-0.75000000  -2.69204894  0.0
-0.75000000  -2.69144774  0.0
;;

