# exterior:
# ---------
-0.83600000  -5.33208824  0.0
-0.98063893  -5.34481669  0.0
-1.15503321  -5.34646513  0.0
-1.32947816  -5.33302364  0.0
-1.49816675  -5.30488489  0.0
-1.65771001  -5.26449213  0.0
-1.80804339  -5.21433520  0.0
-1.94922266  -5.15633918  0.0
-2.08123983  -5.09168478  0.0
-2.20403033  -5.02130103  0.0
-2.31772185  -4.94630912  0.0
-2.42211654  -4.86730012  0.0
-2.51741327  -4.78507154  0.0
-2.60348124  -4.70047509  0.0
-2.68038593  -4.61443470  0.0
-2.74812688  -4.52774460  0.0
-2.80663044  -4.44147963  0.0
-2.85596390  -4.35458739  0.0
-2.89613820  -4.26713155  0.0
-2.92714903  -4.17939372  0.0
-2.94895824  -4.08401436  0.0
-2.96163639  -3.99000004  0.0
-2.96332754  -3.96785240  0.0
-2.96449913  -3.93067395  0.0
-2.95639990  -3.82855181  0.0
-2.93915733  -3.72452814  0.0
-2.91279326  -3.63432909  0.0
-2.87721308  -3.54981799  0.0
-2.83246972  -3.46558945  0.0
-2.77857270  -3.38305840  0.0
-2.71551431  -3.30242209  0.0
-2.64322919  -3.22399992  0.0
-2.56178284  -3.14867185  0.0
-2.47110424  -3.07701157  0.0
-2.37132291  -3.00942704  0.0
-2.26224048  -2.94650845  0.0
-2.14404971  -2.88865581  0.0
-2.01668870  -2.83633771  0.0
-1.88009177  -2.79033438  0.0
-1.73425971  -2.75124955  0.0
-1.57932327  -2.72013795  0.0
-1.41514896  -2.69766131  0.0
-1.24238082  -2.68480187  0.0
-1.06781887  -2.68117579  0.0
-0.89323411  -2.68546350  0.0
-0.83600000  -2.68909591  0.0
-0.83600000  -2.69811402  0.0
-0.89362977  -2.69445649  0.0
-1.06783591  -2.69017809  0.0
-1.24195304  -2.69379492  0.0
-1.41420365  -2.70661585  0.0
-1.57782551  -2.72901685  0.0
-1.73220676  -2.76001697  0.0
-1.87748800  -2.79895416  0.0
-2.01353924  -2.84477372  0.0
-2.14035748  -2.89686886  0.0
-2.25800881  -2.95445746  0.0
-2.36654473  -3.01706082  0.0
-2.46578337  -3.08427777  0.0
-2.55592843  -3.15551641  0.0
-2.63685478  -3.23036354  0.0
-2.70864943  -3.30825360  0.0
-2.77124689  -3.38830050  0.0
-2.82471214  -3.47017037  0.0
-2.86907517  -3.55368298  0.0
-2.90429893  -3.63734749  0.0
-2.93036696  -3.72653370  0.0
-2.94745837  -3.82964542  0.0
-2.95548790  -3.93088864  0.0
-2.95433834  -3.96736780  0.0
-2.95268233  -3.98905523  0.0
-2.94009359  -4.08240659  0.0
-2.91849090  -4.17688276  0.0
-2.88778900  -4.26374652  0.0
-2.84794671  -4.35047963  0.0
-2.79898076  -4.43672456  0.0
-2.74084849  -4.52244205  0.0
-2.67347745  -4.60865877  0.0
-2.59696490  -4.69426044  0.0
-2.51131264  -4.77844828  0.0
-2.41645529  -4.86029774  0.0
-2.31252297  -4.93895679  0.0
-2.19931010  -5.01363299  0.0
-2.07701830  -5.08373089  0.0
-1.94552953  -5.14812650  0.0
-1.80490566  -5.20589437  0.0
-1.65517789  -5.25584924  0.0
-1.49631873  -5.29606880  0.0
-1.32838991  -5.32408082  0.0
-1.15472946  -5.33746185  0.0
-0.98107662  -5.33582042  0.0
-0.83600000  -5.32305346  0.0
-0.83600000  -5.33208824  0.0
;;

