# exterior:
# ---------
 3.57129700  -3.93792959  0.0
 3.56411342  -3.93609778  0.0
 3.56364177  -3.93598751  0.0
 3.47029002  -3.91612488  0.0
 3.46929026  -3.91595560  0.0
 3.36912547  -3.90328596  0.0
 3.36813602  -3.90320188  0.0
 3.26109268  -3.89851792  0.0
 3.26024863  -3.89851045  0.0
 3.14632674  -3.90147805  0.0
 3.14562063  -3.90151712  0.0
 3.02488570  -3.91174323  0.0
 3.02427588  -3.91181049  0.0
 2.89666240  -3.92917064  0.0
 2.89608005  -3.92926437  0.0
 2.76165353  -3.95427609  0.0
 2.76108430  -3.95439623  0.0
 2.61977923  -3.98778668  0.0
 2.61926247  -3.98792089  0.0
 2.58339700  -3.99808568  0.0
 2.58339700  -3.98509335  0.0
 2.61585403  -3.97589456  0.0
 2.61612019  -3.97582229  0.0
 2.61663695  -3.97568808  0.0
 2.61690464  -3.97562170  0.0
 2.75820971  -3.94223125  0.0
 2.75850299  -3.94216566  0.0
 2.75907222  -3.94204552  0.0
 2.75936699  -3.94198700  0.0
 2.89379351  -3.91697528  0.0
 2.89409372  -3.91692320  0.0
 2.89467607  -3.91682947  0.0
 2.89497745  -3.91678473  0.0
 3.02259093  -3.89942458  0.0
 3.02290548  -3.89938584  0.0
 3.02351531  -3.89931858  0.0
 3.02383074  -3.89928783  0.0
 3.14456567  -3.88906172  0.0
 3.14493010  -3.88903621  0.0
 3.14563621  -3.88899714  0.0
 3.14600123  -3.88898229  0.0
 3.25992312  -3.88601469  0.0
 3.26035917  -3.88601094  0.0
 3.26120322  -3.88601840  0.0
 3.26163913  -3.88602987  0.0
 3.36868247  -3.89071383  0.0
 3.36919444  -3.89074677  0.0
 3.37018388  -3.89083085  0.0
 3.37069407  -3.89088477  0.0
 3.47085886  -3.90355441  0.0
 3.47137710  -3.90363102  0.0
 3.47237686  -3.90380031  0.0
 3.47289144  -3.90389857  0.0
 3.52651157  -3.91530743  0.0
 3.50778411  -3.90927008  0.0
 3.50775699  -3.90926130  0.0
 3.50770452  -3.90924425  0.0
 3.50767743  -3.90923542  0.0
 3.41093371  -3.87755955  0.0
 3.30733471  -3.84378182  0.0
 3.19691880  -3.80802435  0.0
 3.07960106  -3.77014992  0.0
 3.07958261  -3.77014394  0.0
 3.07954690  -3.77013236  0.0
 3.07952846  -3.77012635  0.0
 2.95532150  -3.72960187  0.0
 2.95529934  -3.72959461  0.0
 2.95525643  -3.72958053  0.0
 2.95523428  -3.72957323  0.0
 2.82421428  -3.68628422  0.0
 2.82419387  -3.68627746  0.0
 2.82415436  -3.68626433  0.0
 2.82413396  -3.68625753  0.0
 2.68630092  -3.64019090  0.0
 2.68628595  -3.64018589  0.0
 2.68625699  -3.64017616  0.0
 2.68624203  -3.64017113  0.0
 2.58339700  -3.60550924  0.0
 2.58339700  -3.59231840  0.0
 2.69023426  -3.62832580  0.0
 2.69026323  -3.62833552  0.0
 2.82809627  -3.67440215  0.0
 2.82813578  -3.67441528  0.0
 2.95915578  -3.71770429  0.0
 2.95919868  -3.71771837  0.0
 3.08340564  -3.75824286  0.0
 3.08344135  -3.75825445  0.0
 3.20076451  -3.79613063  0.0
 3.31119767  -3.83189369  0.0
 3.41481589  -3.86567768  0.0
 3.51156700  -3.89735597  0.0
 3.51161947  -3.89737302  0.0
 3.53474450  -3.90482806  0.0
 3.53476694  -3.90483527  0.0
 3.55743340  -3.91209377  0.0
 3.57129700  -3.91653013  0.0
 3.57129700  -3.93792959  0.0
;;

