# exterior:
# ---------
 3.20170806  -3.90003540  0.0
 3.14632674  -3.90147805  0.0
 3.14562063  -3.90151712  0.0
 3.02488570  -3.91174323  0.0
 3.02427588  -3.91181049  0.0
 2.89666240  -3.92917064  0.0
 2.89608005  -3.92926437  0.0
 2.76165353  -3.95427609  0.0
 2.76108430  -3.95439623  0.0
 2.61977923  -3.98778668  0.0
 2.61926247  -3.98792089  0.0
 2.58339700  -3.99808568  0.0
 2.58339700  -3.98509335  0.0
 2.61585403  -3.97589456  0.0
 2.61612019  -3.97582229  0.0
 2.61663695  -3.97568808  0.0
 2.61690464  -3.97562170  0.0
 2.75820971  -3.94223125  0.0
 2.75850299  -3.94216566  0.0
 2.75907222  -3.94204552  0.0
 2.75936699  -3.94198700  0.0
 2.89379351  -3.91697528  0.0
 2.89409372  -3.91692320  0.0
 2.89467607  -3.91682947  0.0
 2.89497745  -3.91678473  0.0
 3.02259093  -3.89942458  0.0
 3.02290548  -3.89938584  0.0
 3.02351531  -3.89931858  0.0
 3.02383074  -3.89928783  0.0
 3.14456567  -3.88906172  0.0
 3.14493010  -3.88903621  0.0
 3.14563621  -3.88899714  0.0
 3.14600123  -3.88898229  0.0
 3.20170806  -3.88753116  0.0
 3.20170806  -3.90003540  0.0
;;

