# exterior:
# ---------
 0.75000000  -4.79836241  0.0
 0.59044809  -4.87369939  0.0
 0.41584895  -4.95313348  0.0
 0.24120226  -5.02807374  0.0
 0.06657159  -5.09759862  0.0
-0.10797560  -5.16065428  0.0
-0.28257150  -5.21631286  0.0
-0.45714726  -5.26386136  0.0
-0.63163025  -5.30203687  0.0
-0.75000000  -5.32063783  0.0
-0.75000000  -5.31152739  0.0
-0.63329210  -5.29318758  0.0
-0.45929301  -5.25511793  0.0
-0.28512200  -5.20767968  0.0
-0.11087234  -5.15213148  0.0
 0.06337733  -5.08918329  0.0
 0.23776269  -5.01975608  0.0
 0.41221056  -4.94490113  0.0
 0.58666302  -4.86553377  0.0
 0.75000000  -4.78840956  0.0
 0.75000000  -4.79836241  0.0
;;

