# exterior:
# ---------
-0.83600000  -5.33459791  0.0
-0.98051735  -5.34731565  0.0
-1.15511758  -5.34896603  0.0
-1.32978045  -5.33550776  0.0
-1.49868009  -5.30733381  0.0
-1.65841337  -5.26689293  0.0
-1.80891498  -5.21667988  0.0
-1.95024853  -5.15862048  0.0
-2.08241248  -5.09389420  0.0
-2.20534151  -5.02343104  0.0
-2.31916598  -4.94835143  0.0
-2.42368911  -4.86924523  0.0
-2.51910789  -4.78691133  0.0
-2.60529134  -4.70220139  0.0
-2.68230495  -4.61603913  0.0
-2.75014865  -4.52921753  0.0
-2.80875535  -4.44280048  0.0
-2.85819090  -4.35572844  0.0
-2.89845742  -4.26807183  0.0
-2.92955407  -4.18009121  0.0
-2.95142064  -4.08446097  0.0
-2.96412362  -3.99026248  0.0
-2.96582454  -3.96798701  0.0
-2.96700225  -3.93061431  0.0
-2.95888366  -3.82824802  0.0
-2.94159910  -3.72397104  0.0
-2.91515279  -3.63349064  0.0
-2.87947360  -3.54874439  0.0
-2.83462461  -3.46431697  0.0
-2.78060764  -3.38160227  0.0
-2.71742122  -3.30080222  0.0
-2.64499986  -3.22223225  0.0
-2.56340907  -3.14677058  0.0
-2.47258227  -3.07499318  0.0
-2.37265018  -3.00730655  0.0
-2.26341594  -2.94430040  0.0
-2.14507533  -2.88637440  0.0
-2.01756355  -2.83399437  0.0
-1.88081504  -2.78793999  0.0
-1.73482998  -2.74881416  0.0
-1.57973931  -2.71767158  0.0
-1.41541155  -2.69517394  0.0
-1.24249965  -2.68230380  0.0
-1.06781414  -2.67867516  0.0
-0.89312421  -2.68296544  0.0
-0.83600000  -2.68659088  0.0
-0.83600000  -2.68909591  0.0
-0.89323411  -2.68546350  0.0
-1.06781887  -2.68117579  0.0
-1.24238082  -2.68480187  0.0
-1.41514896  -2.69766131  0.0
-1.57932327  -2.72013795  0.0
-1.73425971  -2.75124955  0.0
-1.88009177  -2.79033438  0.0
-2.01668870  -2.83633771  0.0
-2.14404971  -2.88865581  0.0
-2.26224048  -2.94650845  0.0
-2.37132291  -3.00942704  0.0
-2.47110424  -3.07701157  0.0
-2.56178284  -3.14867185  0.0
-2.64322919  -3.22399992  0.0
-2.71551431  -3.30242209  0.0
-2.77857270  -3.38305840  0.0
-2.83246972  -3.46558945  0.0
-2.87721308  -3.54981799  0.0
-2.91279326  -3.63432909  0.0
-2.93915733  -3.72452814  0.0
-2.95639990  -3.82855181  0.0
-2.96449913  -3.93067395  0.0
-2.96332754  -3.96785240  0.0
-2.96163639  -3.99000004  0.0
-2.94895824  -4.08401436  0.0
-2.92714903  -4.17939372  0.0
-2.89613820  -4.26713155  0.0
-2.85596390  -4.35458739  0.0
-2.80663044  -4.44147963  0.0
-2.74812688  -4.52774460  0.0
-2.68038593  -4.61443470  0.0
-2.60348124  -4.70047509  0.0
-2.51741327  -4.78507154  0.0
-2.42211654  -4.86730012  0.0
-2.31772185  -4.94630912  0.0
-2.20403033  -5.02130103  0.0
-2.08123983  -5.09168478  0.0
-1.94922266  -5.15633918  0.0
-1.80804339  -5.21433520  0.0
-1.65771001  -5.26449213  0.0
-1.49816675  -5.30488489  0.0
-1.32947816  -5.33302364  0.0
-1.15503321  -5.34646513  0.0
-0.98063893  -5.34481669  0.0
-0.83600000  -5.33208824  0.0
-0.83600000  -5.33459791  0.0
;;

