# exterior:
# ---------
 2.58339700  -3.63716726  0.0
 2.67666065  -3.66859994  0.0
 2.67669356  -3.66861102  0.0
 2.67674049  -3.66862677  0.0
 2.67677341  -3.66863781  0.0
 2.81462441  -3.71471045  0.0
 2.81466929  -3.71472542  0.0
 2.81473328  -3.71474669  0.0
 2.81477818  -3.71476158  0.0
 2.94582268  -3.75805870  0.0
 2.94587141  -3.75807476  0.0
 2.94594091  -3.75809759  0.0
 2.94598967  -3.75811357  0.0
 3.07022323  -3.79864675  0.0
 3.07026380  -3.79865996  0.0
 3.07032164  -3.79867874  0.0
 3.07036222  -3.79869188  0.0
 3.18768909  -3.83656928  0.0
 3.20170806  -3.84110923  0.0
 3.20170806  -3.84426262  0.0
 3.18676612  -3.83942377  0.0
 3.06944055  -3.80154680  0.0
 3.06939715  -3.80153274  0.0
 3.06933728  -3.80151330  0.0
 3.06929432  -3.80149931  0.0
 2.94505915  -3.76096561  0.0
 2.94505576  -3.76096450  0.0
 2.94500700  -3.76094852  0.0
 2.94493506  -3.76092489  0.0
 2.94493219  -3.76092395  0.0
 2.94488345  -3.76090788  0.0
 2.81383702  -3.71761013  0.0
 2.81383391  -3.71760910  0.0
 2.81378900  -3.71759421  0.0
 2.81372276  -3.71757218  0.0
 2.81367524  -3.71755633  0.0
 2.67582245  -3.67148310  0.0
 2.67578724  -3.67147130  0.0
 2.67573867  -3.67145499  0.0
 2.67570382  -3.67144327  0.0
 2.58639700  -3.64134415  0.0
 2.58639700  -3.64160033  0.0
 2.58339700  -3.63716726  0.0
;;

