# exterior:
# ---------
 0.75000000  -4.78840956  0.0
 0.58666302  -4.86553377  0.0
 0.41221056  -4.94490113  0.0
 0.23776269  -5.01975608  0.0
 0.06337733  -5.08918329  0.0
-0.11087234  -5.15213148  0.0
-0.28512200  -5.20767968  0.0
-0.45929301  -5.25511793  0.0
-0.63329210  -5.29318758  0.0
-0.75000000  -5.31152739  0.0
-0.75000000  -5.27609788  0.0
-0.63975487  -5.25877365  0.0
-0.46763759  -5.22111573  0.0
-0.29504059  -5.17410618  0.0
-0.12213746  -5.11898723  0.0
 0.05095521  -5.05645702  0.0
 0.22438658  -4.98740961  0.0
 0.39806128  -4.91288643  0.0
 0.57194333  -4.83377858  0.0
 0.74616668  -4.75151406  0.0
 0.75000000  -4.74966208  0.0
 0.75000000  -4.78840956  0.0
;;

