# exterior:
# ---------
-0.83600000  -5.33520023  0.0
-0.98048817  -5.34791540  0.0
-1.15513783  -5.34956625  0.0
-1.32985300  -5.33610395  0.0
-1.49880329  -5.30792155  0.0
-1.65858218  -5.26746912  0.0
-1.80912416  -5.21724260  0.0
-1.95049474  -5.15916799  0.0
-2.08269392  -5.09442446  0.0
-2.20565619  -5.02394225  0.0
-2.31951257  -4.94884158  0.0
-2.42406653  -4.86971205  0.0
-2.51951460  -4.78735288  0.0
-2.60572576  -4.70261570  0.0
-2.68276552  -4.61642419  0.0
-2.75063388  -4.52957103  0.0
-2.80926533  -4.44311749  0.0
-2.85872538  -4.35600229  0.0
-2.89901403  -4.26829750  0.0
-2.93013128  -4.18025861  0.0
-2.95201162  -4.08456815  0.0
-2.96472056  -3.99032547  0.0
-2.96642382  -3.96801931  0.0
-2.96760300  -3.93060000  0.0
-2.95947976  -3.82817512  0.0
-2.94218512  -3.72383734  0.0
-2.91571908  -3.63328942  0.0
-2.88001613  -3.54848672  0.0
-2.83514178  -3.46401158  0.0
-2.78109603  -3.38125279  0.0
-2.71787888  -3.30041345  0.0
-2.64542482  -3.22180800  0.0
-2.56379936  -3.14631428  0.0
-2.47293699  -3.07450877  0.0
-2.37296873  -3.00679763  0.0
-2.26369805  -2.94377046  0.0
-2.14532148  -2.88582687  0.0
-2.01777351  -2.83343197  0.0
-1.88098863  -2.78736534  0.0
-1.73496684  -2.74822966  0.0
-1.57983916  -2.71707966  0.0
-1.41547457  -2.69457697  0.0
-1.24252817  -2.68170426  0.0
-1.06781300  -2.67807500  0.0
-0.89309783  -2.68236591  0.0
-0.83600000  -2.68598967  0.0
-0.83600000  -2.68659088  0.0
-0.89312421  -2.68296544  0.0
-1.06781414  -2.67867516  0.0
-1.24249965  -2.68230380  0.0
-1.41541155  -2.69517394  0.0
-1.57973931  -2.71767158  0.0
-1.73482998  -2.74881416  0.0
-1.88081504  -2.78793999  0.0
-2.01756355  -2.83399437  0.0
-2.14507533  -2.88637440  0.0
-2.26341594  -2.94430040  0.0
-2.37265018  -3.00730655  0.0
-2.47258227  -3.07499318  0.0
-2.56340907  -3.14677058  0.0
-2.64499986  -3.22223225  0.0
-2.71742122  -3.30080222  0.0
-2.78060764  -3.38160227  0.0
-2.83462461  -3.46431697  0.0
-2.87947360  -3.54874439  0.0
-2.91515279  -3.63349064  0.0
-2.94159910  -3.72397104  0.0
-2.95888366  -3.82824802  0.0
-2.96700225  -3.93061431  0.0
-2.96582454  -3.96798701  0.0
-2.96412362  -3.99026248  0.0
-2.95142064  -4.08446097  0.0
-2.92955407  -4.18009121  0.0
-2.89845742  -4.26807183  0.0
-2.85819090  -4.35572844  0.0
-2.80875535  -4.44280048  0.0
-2.75014865  -4.52921753  0.0
-2.68230495  -4.61603913  0.0
-2.60529134  -4.70220139  0.0
-2.51910789  -4.78691133  0.0
-2.42368911  -4.86924523  0.0
-2.31916598  -4.94835143  0.0
-2.20534151  -5.02343104  0.0
-2.08241248  -5.09389420  0.0
-1.95024853  -5.15862048  0.0
-1.80891498  -5.21667988  0.0
-1.65841337  -5.26689293  0.0
-1.49868009  -5.30733381  0.0
-1.32978045  -5.33550776  0.0
-1.15511758  -5.34896603  0.0
-0.98051735  -5.34731565  0.0
-0.83600000  -5.33459791  0.0
-0.83600000  -5.33520023  0.0
;;

