# exterior:
# ---------
 0.83600000  -3.00627527  0.0
 0.85362263  -3.01133665  0.0
 1.02833146  -3.06386721  0.0
 1.20304157  -3.11824549  0.0
 1.37768712  -3.17413730  0.0
 1.55239900  -3.23128715  0.0
 1.72711161  -3.28943298  0.0
 1.90175963  -3.34829971  0.0
 2.07391900  -3.40670157  0.0
 2.23920024  -3.46300069  0.0
 2.39760327  -3.51704639  0.0
 2.54919379  -3.56865530  0.0
 2.54919553  -3.56865589  0.0
 2.58339700  -3.58018282  0.0
 2.58339700  -3.58282099  0.0
 2.54839708  -3.57102496  0.0
 2.54839345  -3.57102373  0.0
 2.54839171  -3.57102314  0.0
 2.54838808  -3.57102191  0.0
 2.39679599  -3.51941246  0.0
 2.23839355  -3.46536697  0.0
 2.07311440  -3.40906855  0.0
 1.90095882  -3.35066798  0.0
 1.72631763  -3.29180355  0.0
 1.55161564  -3.23366126  0.0
 1.37691748  -3.17651590  0.0
 1.20228907  -3.12062957  0.0
 1.02760003  -3.06625785  0.0
 0.85291761  -3.01373523  0.0
 0.83600000  -3.00887633  0.0
 0.83600000  -3.00627527  0.0
;;

