# exterior:
# ---------
-0.83600000   5.13302563  0.0
-0.83600000   2.56826248  0.0
-0.98253557   2.55536713  0.0
-1.15371698   2.55374906  0.0
-1.32476242   2.56692860  0.0
-1.49015867   2.59451816  0.0
-1.64673750   2.63416040  0.0
-1.79444658   2.68344175  0.0
-1.93321908   2.74044908  0.0
-2.06294650   2.80398209  0.0
-2.18357598   2.87312714  0.0
-2.29519340   2.94675097  0.0
-2.39758443   3.02424353  0.0
-2.49097720   3.10482924  0.0
-2.57524376   3.18765507  0.0
-2.65044919   3.27179435  0.0
-2.71658718   3.35643310  0.0
-2.77348182   3.44032567  0.0
-2.82122273   3.52441292  0.0
-2.85995835   3.60873690  0.0
-2.88963047   3.69268711  0.0
-2.91054475   3.78415266  0.0
-2.92283548   3.87529410  0.0
-2.92437436   3.89544751  0.0
-2.92545045   3.92959571  0.0
-2.91765329   4.02790919  0.0
-2.90106574   4.12798111  0.0
-2.87598452   4.21379117  0.0
-2.84194883   4.29463372  0.0
-2.79885351   4.37575988  0.0
-2.74682752   4.45542586  0.0
-2.68576651   4.53350802  0.0
-2.61560676   4.60962437  0.0
-2.53641373   4.68286840  0.0
-2.44804713   4.75270158  0.0
-2.35061745   4.81869327  0.0
-2.24390326   4.88024586  0.0
-2.12805004   4.93695431  0.0
-2.00304104   4.98830624  0.0
-1.86880874   5.03351321  0.0
-1.72536360   5.07195831  0.0
-1.57283298   5.10258682  0.0
-1.41105263   5.12473570  0.0
-1.24052710   5.13742823  0.0
-1.06789270   5.14101426  0.0
-0.89494862   5.13676685  0.0
-0.83600000   5.13302563  0.0
;;

# interior:
# ---------
-0.83900000   5.13020999  0.0
-0.89508051   5.13376919  0.0
-1.06789838   5.13801349  0.0
-1.24038451   5.13443054  0.0
-1.41073752   5.12175086  0.0
-1.57233373   5.09962718  0.0
-1.72467928   5.06903584  0.0
-1.86794081   5.03063995  0.0
-2.00199122   4.98549424  0.0
-2.12681930   4.93421663  0.0
-2.24249270   4.87759619  0.0
-2.34902472   4.81614868  0.0
-2.44627351   4.75027952  0.0
-2.53446226   4.68058688  0.0
-2.61348196   4.60750317  0.0
-2.68347822   4.53156419  0.0
-2.74438558   4.45367850  0.0
-2.79626765   4.37423290  0.0
-2.83923620   4.29334539  0.0
-2.87315307   4.21278504  0.0
-2.89813562   4.12731259  0.0
-2.91467278   4.02754465  0.0
-2.92244671   3.92952414  0.0
-2.92137796   3.89560904  0.0
-2.91985079   3.87560904  0.0
-2.90758986   3.78468858  0.0
-2.88674442   3.69352410  0.0
-2.85717529   3.60986525  0.0
-2.81855033   3.52578217  0.0
-2.77093192   3.44191069  0.0
-2.71416105   3.35820061  0.0
-2.64814637   3.27371966  0.0
-2.57307165   3.18972663  0.0
-2.48894365   3.10703699  0.0
-2.39569735   3.02657766  0.0
-2.29346044   2.94920174  0.0
-2.18200257   2.87568316  0.0
-2.06153932   2.80663339  0.0
-1.93198804   2.74318664  0.0
-1.79340067   2.68625536  0.0
-1.64589346   2.63704136  0.0
-1.48954267   2.59745685  0.0
-1.32439968   2.56990954  0.0
-1.15361573   2.55675015  0.0
-0.98268147   2.55836588  0.0
-0.83900000   2.57101007  0.0
-0.83900000   5.13020999  0.0
;;

