# exterior:
# ---------
 3.58279700   3.90846990  0.0
 3.56127186   3.91395882  0.0
 3.56124847   3.91396428  0.0
 3.46789672   3.93382692  0.0
 3.46784714   3.93383531  0.0
 3.36768235   3.94650494  0.0
 3.36763329   3.94650911  0.0
 3.26058995   3.95119308  0.0
 3.26054810   3.95119345  0.0
 3.14662621   3.94822585  0.0
 3.14659119   3.94822391  0.0
 3.02585626   3.93799780  0.0
 3.02582602   3.93799446  0.0
 2.89821254   3.92063431  0.0
 2.89818367   3.92062966  0.0
 2.76375715   3.89561795  0.0
 2.76372892   3.89561199  0.0
 2.62242385   3.86222154  0.0
 2.62239823   3.86221489  0.0
 2.47428012   3.82023608  0.0
 2.47425658   3.82022888  0.0
 2.31925992   3.76934727  0.0
 2.31923999   3.76934033  0.0
 2.15736478   3.70981795  0.0
 2.15734795   3.70981147  0.0
 1.98865970   3.64196277  0.0
 1.98864630   3.64195719  0.0
 1.81438970   3.56692203  0.0
 1.81437963   3.56691758  0.0
 1.63966446   3.48785357  0.0
 1.63965710   3.48785018  0.0
 1.46500744   3.40595612  0.0
 1.46500264   3.40595385  0.0
 1.29028747   3.32213380  0.0
 1.29028468   3.32213245  0.0
 1.11556951   3.23719874  0.0
 0.94092030   3.15213422  0.0
 0.76620840   3.06772617  0.0
 0.59149949   2.98523238  0.0
 0.41685961   2.90577975  0.0
 0.24215770   2.83081580  0.0
 0.06745888   2.76126379  0.0
-0.10717095   2.69817827  0.0
-0.28186303   2.64248903  0.0
-0.45655122   2.59490991  0.0
-0.63116862   2.55670499  0.0
-0.80584595   2.52925569  0.0
-0.98051735   2.51388435  0.0
-1.15511758   2.51223397  0.0
-1.32978045   2.52569224  0.0
-1.49868009   2.55386619  0.0
-1.65841337   2.59430707  0.0
-1.80891498   2.64452012  0.0
-1.95024853   2.70257952  0.0
-2.08241248   2.76730580  0.0
-2.20534151   2.83776896  0.0
-2.31916598   2.91284857  0.0
-2.42368911   2.99195477  0.0
-2.51910789   3.07428867  0.0
-2.60529134   3.15899861  0.0
-2.68230495   3.24516087  0.0
-2.75014865   3.33198247  0.0
-2.80875535   3.41839952  0.0
-2.85819090   3.50547156  0.0
-2.89845742   3.59312817  0.0
-2.92955407   3.68110879  0.0
-2.95142064   3.77673903  0.0
-2.96412362   3.87093752  0.0
-2.96582454   3.89321299  0.0
-2.96700225   3.93058569  0.0
-2.95888366   4.03295198  0.0
-2.94159910   4.13722896  0.0
-2.91515279   4.22770936  0.0
-2.87947360   4.31245561  0.0
-2.83462461   4.39688303  0.0
-2.78060764   4.47959773  0.0
-2.71742122   4.56039778  0.0
-2.64499986   4.63896775  0.0
-2.56340907   4.71442942  0.0
-2.47258227   4.78620682  0.0
-2.37265018   4.85389345  0.0
-2.26341594   4.91689960  0.0
-2.14507533   4.97482560  0.0
-2.01756355   5.02720563  0.0
-1.88081504   5.07326001  0.0
-1.73482998   5.11238584  0.0
-1.57973931   5.14352842  0.0
-1.41541155   5.16602606  0.0
-1.24249965   5.17889620  0.0
-1.06781414   5.18252484  0.0
-0.89312421   5.17823456  0.0
-0.71849595   5.16715162  0.0
-0.54379966   5.15032392  0.0
-0.36910221   5.12808553  0.0
-0.19446883   5.10069836  0.0
-0.01976842   5.06862737  0.0
 0.15493322   5.03220008  0.0
 0.32957041   4.99175054  0.0
 0.50427465   4.94746855  0.0
 0.67898072   4.90002213  0.0
 0.85362263   4.84986335  0.0
 1.02833146   4.79733279  0.0
 1.20304157   4.74295451  0.0
 1.37768712   4.68706270  0.0
 1.55239900   4.62991285  0.0
 1.72711161   4.57176702  0.0
 1.90175963   4.51290029  0.0
 2.07391900   4.45449843  0.0
 2.23920024   4.39819931  0.0
 2.39760327   4.34415361  0.0
 2.54919379   4.29254470  0.0
 2.54919553   4.29254411  0.0
 2.69390712   4.24377192  0.0
 2.69390856   4.24377143  0.0
 2.83174160   4.19770480  0.0
 2.83174356   4.19770415  0.0
 2.96276356   4.15441514  0.0
 2.96276569   4.15441444  0.0
 3.08697265   4.11388996  0.0
 3.08697442   4.11388938  0.0
 3.20430257   4.07601159  0.0
 3.31475160   4.04024339  0.0
 3.41838750   4.00645364  0.0
 3.51514541   3.97477312  0.0
 3.51514801   3.97477227  0.0
 3.53827304   3.96731723  0.0
 3.53827415   3.96731688  0.0
 3.56094061   3.96005837  0.0
 3.58279700   3.95306432  0.0
 3.58279700   3.90846990  0.0
;;

# interior:
# ---------
 3.58029700   3.91168741  0.0
 3.58029700   3.95123944  0.0
 3.56017818   3.95767747  0.0
 3.53750940   3.96493672  0.0
 3.53750597   3.96493782  0.0
 3.51438094   3.97239286  0.0
 3.51437552   3.97239461  0.0
 3.51437291   3.97239546  0.0
 3.51436750   3.97239723  0.0
 3.41761106   4.00407726  0.0
 3.31397901   4.03786577  0.0
 3.20353342   4.07363284  0.0
 3.08620636   4.11151029  0.0
 3.08620267   4.11151148  0.0
 3.08620090   4.11151206  0.0
 3.08619721   4.11151326  0.0
 2.96199025   4.15203774  0.0
 2.96198582   4.15203920  0.0
 2.96198369   4.15203989  0.0
 2.96197926   4.15204135  0.0
 2.83095926   4.19533036  0.0
 2.83095518   4.19533171  0.0
 2.83095322   4.19533237  0.0
 2.83094914   4.19533373  0.0
 2.69311610   4.24140036  0.0
 2.69311310   4.24140136  0.0
 2.69311167   4.24140184  0.0
 2.69310867   4.24140285  0.0
 2.54839708   4.29017504  0.0
 2.54839345   4.29017627  0.0
 2.54839171   4.29017686  0.0
 2.54838808   4.29017809  0.0
 2.39679599   4.34178754  0.0
 2.23839355   4.39583303  0.0
 2.07311440   4.45213145  0.0
 1.90095882   4.51053202  0.0
 1.72631763   4.56939645  0.0
 1.55161564   4.62753874  0.0
 1.37691748   4.68468410  0.0
 1.20228907   4.74057043  0.0
 1.02760003   4.79494215  0.0
 0.85291761   4.84746477  0.0
 0.67830802   4.89761427  0.0
 0.50363988   4.94505039  0.0
 0.32898117   4.98932084  0.0
 0.15439595   5.02975834  0.0
-0.02024934   5.06617388  0.0
-0.19488827   5.09823358  0.0
-0.36945380   5.12561012  0.0
-0.54407743   5.14783911  0.0
-0.71869503   5.16465923  0.0
-0.89323411   5.17573650  0.0
-1.06781887   5.18002421  0.0
-1.24238082   5.17639813  0.0
-1.41514896   5.16353869  0.0
-1.57932327   5.14106205  0.0
-1.73425971   5.10995045  0.0
-1.88009177   5.07086562  0.0
-2.01668870   5.02486229  0.0
-2.14404971   4.97254419  0.0
-2.26224048   4.91469155  0.0
-2.37132291   4.85177296  0.0
-2.47110424   4.78418843  0.0
-2.56178284   4.71252815  0.0
-2.64322919   4.63720008  0.0
-2.71551431   4.55877791  0.0
-2.77857270   4.47814160  0.0
-2.83246972   4.39561055  0.0
-2.87721308   4.31138201  0.0
-2.91279326   4.22687091  0.0
-2.93915733   4.13667186  0.0
-2.95639990   4.03264819  0.0
-2.96449913   3.93052605  0.0
-2.96332754   3.89334760  0.0
-2.96163639   3.87119996  0.0
-2.94895824   3.77718564  0.0
-2.92714903   3.68180628  0.0
-2.89613820   3.59406845  0.0
-2.85596390   3.50661261  0.0
-2.80663044   3.41972037  0.0
-2.74812688   3.33345540  0.0
-2.68038593   3.24676530  0.0
-2.60348124   3.16072491  0.0
-2.51741327   3.07612846  0.0
-2.42211654   2.99389988  0.0
-2.31772185   2.91489088  0.0
-2.20403033   2.83989897  0.0
-2.08123983   2.76951522  0.0
-1.94922266   2.70486082  0.0
-1.80804339   2.64686480  0.0
-1.65771001   2.59670787  0.0
-1.49816675   2.55631511  0.0
-1.32947816   2.52817636  0.0
-1.15503321   2.51473487  0.0
-0.98063893   2.51638331  0.0
-0.80614993   2.53173861  0.0
-0.63163025   2.55916313  0.0
-0.45714726   2.59733864  0.0
-0.28257150   2.64488714  0.0
-0.10797560   2.70054572  0.0
 0.06657159   2.76360138  0.0
 0.24120226   2.83312626  0.0
 0.41584895   2.90806652  0.0
 0.59044809   2.98750061  0.0
 0.76513089   3.06998207  0.0
 0.93982917   3.15438355  0.0
 1.11447650   3.23944714  0.0
 1.28919167   3.32438086  0.0
 1.28919748   3.32438368  0.0
 1.28920027   3.32438503  0.0
 1.28920610   3.32438783  0.0
 1.46392127   3.40820787  0.0
 1.46393126   3.40821264  0.0
 1.46393606   3.40821492  0.0
 1.46394607   3.40821964  0.0
 1.63859573   3.49011369  0.0
 1.63861104   3.49012080  0.0
 1.63861840   3.49012419  0.0
 1.63863376   3.49013121  0.0
 1.81334893   3.56919523  0.0
 1.81336987   3.56920459  0.0
 1.81337994   3.56920903  0.0
 1.81340097   3.56921820  0.0
 1.98765757   3.64425336  0.0
 1.98768542   3.64426515  0.0
 1.98769882   3.64427073  0.0
 1.98772680   3.64428218  0.0
 2.15641505   3.71213089  0.0
 2.15645001   3.71214465  0.0
 2.15646684   3.71215112  0.0
 2.15650200   3.71216435  0.0
 2.31837721   3.77168674  0.0
 2.31841860   3.77170154  0.0
 2.31843853   3.77170848  0.0
 2.31848017   3.77172255  0.0
 2.47347683   3.82260417  0.0
 2.47352571   3.82261966  0.0
 2.47354924   3.82262686  0.0
 2.47359843   3.82264134  0.0
 2.62171654   3.86462015  0.0
 2.62176977   3.86463461  0.0
 2.62179539   3.86464126  0.0
 2.62184893   3.86465454  0.0
 2.76315400   3.89804498  0.0
 2.76321266   3.89805810  0.0
 2.76324088   3.89806406  0.0
 2.76329984   3.89807576  0.0
 2.89772636   3.92308748  0.0
 2.89778640   3.92309790  0.0
 2.89781528   3.92310255  0.0
 2.89787555   3.92311150  0.0
 3.02548903   3.94047165  0.0
 3.02555194   3.94047939  0.0
 3.02558218   3.94048273  0.0
 3.02564527   3.94048888  0.0
 3.14638020   3.95071499  0.0
 3.14645309   3.95072009  0.0
 3.14648810   3.95072203  0.0
 3.14656110   3.95072500  0.0
 3.26048299   3.95369260  0.0
 3.26057020   3.95369335  0.0
 3.26061206   3.95369298  0.0
 3.26069924   3.95369069  0.0
 3.36774258   3.94900672  0.0
 3.36784497   3.94900014  0.0
 3.36789404   3.94899597  0.0
 3.36799607   3.94898518  0.0
 3.46816086   3.93631555  0.0
 3.46826451   3.93630022  0.0
 3.46831409   3.93629183  0.0
 3.46841700   3.93627218  0.0
 3.56176875   3.91640955  0.0
 3.56181759   3.91639864  0.0
 3.56184098   3.91639317  0.0
 3.56188959   3.91638130  0.0
 3.58029700   3.91168741  0.0
;;

