# exterior:
# ---------
 0.83900000   3.17452687  0.0
 0.83900000   4.78690751  0.0
 1.00946067   4.73565426  0.0
 1.18362715   4.68144519  0.0
 1.35783058   4.62569487  0.0
 1.53218849   4.56866080  0.0
 1.70662688   4.51060624  0.0
 1.88109853   4.45179896  0.0
 2.05316018   4.39343025  0.0
 2.21838779   4.33714939  0.0
 2.37677727   4.28310832  0.0
 2.52840864   4.23148549  0.0
 2.52848343   4.23146009  0.0
 2.52852076   4.23144745  0.0
 2.52859558   4.23142217  0.0
 2.58243886   4.21327535  0.0
 2.58272683   4.21319404  0.0
 2.58302146   4.21314183  0.0
 2.58331983   4.21311922  0.0
 2.58361897   4.21312645  0.0
 2.58391589   4.21316345  0.0
 2.58420766   4.21322983  0.0
 2.58449136   4.21332496  0.0
 2.58476418   4.21344787  0.0
 2.58502339   4.21359735  0.0
 2.58526642   4.21377190  0.0
 2.58549086   4.21396980  0.0
 2.58569446   4.21418907  0.0
 2.58587521   4.21442753  0.0
 2.58603131   4.21468281  0.0
 2.58616120   4.21495238  0.0
 2.58626359   4.21523354  0.0
 2.58633746   4.21552350  0.0
 2.58638208   4.21581938  0.0
 2.58639700   4.21611823  0.0
 2.58639700   4.21985585  0.0
 2.67570382   4.18975673  0.0
 2.67573867   4.18974501  0.0
 2.67578724   4.18972870  0.0
 2.67582245   4.18971690  0.0
 2.81367524   4.14364367  0.0
 2.81372276   4.14362782  0.0
 2.81378900   4.14360579  0.0
 2.81383391   4.14359090  0.0
 2.81383702   4.14358987  0.0
 2.94488345   4.10029212  0.0
 2.94493219   4.10027605  0.0
 2.94493506   4.10027511  0.0
 2.94500700   4.10025148  0.0
 2.94505576   4.10023550  0.0
 2.94505915   4.10023439  0.0
 3.06929432   4.05970069  0.0
 3.06933728   4.05968670  0.0
 3.06939715   4.05966726  0.0
 3.06944055   4.05965320  0.0
 3.18676612   4.02177623  0.0
 3.23102374   4.00744369  0.0
 3.14514189   4.00520652  0.0
 3.14511998   4.00520587  0.0
 3.14468183   4.00519125  0.0
 3.14465992   4.00519044  0.0
 3.14429490   4.00517559  0.0
 3.14427300   4.00517462  0.0
 3.14383511   4.00515360  0.0
 3.14381322   4.00515247  0.0
 3.14310711   4.00511340  0.0
 3.14308523   4.00511211  0.0
 3.14264769   4.00508469  0.0
 3.14262581   4.00508324  0.0
 3.14226138   4.00505773  0.0
 3.14223952   4.00505612  0.0
 3.14180243   4.00502232  0.0
 3.14178058   4.00502055  0.0
 3.02104565   3.99479443  0.0
 3.02102671   3.99479277  0.0
 3.02064796   3.99475827  0.0
 3.02062902   3.99475649  0.0
 3.02031359   3.99472574  0.0
 3.02029467   3.99472383  0.0
 3.01991638   3.99468453  0.0
 3.01989748   3.99468251  0.0
 3.01928765   3.99461525  0.0
 3.01926876   3.99461310  0.0
 3.01889100   3.99456901  0.0
 3.01887212   3.99456675  0.0
 3.01855757   3.99452801  0.0
 3.01853870   3.99452563  0.0
 3.01816153   3.99447675  0.0
 3.01814268   3.99447425  0.0
 2.89052920   3.97711410  0.0
 2.89051110   3.97711158  0.0
 2.89014910   3.97706009  0.0
 2.89013101   3.97705746  0.0
 2.88982963   3.97701271  0.0
 2.88981155   3.97700997  0.0
 2.88945021   3.97695407  0.0
 2.88943215   3.97695122  0.0
 2.88884981   3.97685749  0.0
 2.88883177   3.97685453  0.0
 2.88847114   3.97679423  0.0
 2.88845312   3.97679116  0.0
 2.88815291   3.97673908  0.0
 2.88813491   3.97673590  0.0
 2.88777504   3.97667121  0.0
 2.88775706   3.97666792  0.0
 2.75333054   3.95165620  0.0
 2.75331282   3.95165285  0.0
 2.75295867   3.95158475  0.0
 2.75294097   3.95158129  0.0
 2.75264620   3.95152277  0.0
 2.75262852   3.95151921  0.0
 2.75227522   3.95144685  0.0
 2.75225756   3.95144318  0.0
 2.75168833   3.95132304  0.0
 2.75167070   3.95131927  0.0
 2.75131829   3.95124268  0.0
 2.75130068   3.95123879  0.0
 2.75100740   3.95117320  0.0
 2.75098981   3.95116921  0.0
 2.75063835   3.95108839  0.0
 2.75062079   3.95108430  0.0
 2.60931572   3.91769385  0.0
 2.60929963   3.91769000  0.0
 2.60897796   3.91761211  0.0
 2.60896189   3.91760818  0.0
 2.60869420   3.91754180  0.0
 2.60867815   3.91753777  0.0
 2.60835737   3.91745634  0.0
 2.60834134   3.91745222  0.0
 2.60782458   3.91731801  0.0
 2.60780857   3.91731380  0.0
 2.60748870   3.91722884  0.0
 2.60747272   3.91722455  0.0
 2.60720656   3.91715228  0.0
 2.60719061   3.91714790  0.0
 2.60687170   3.91705941  0.0
 2.60685576   3.91705494  0.0
 2.58639700   3.91125664  0.0
 2.58639700   3.91508363  0.0
 2.58638284   3.91537480  0.0
 2.58634048   3.91566322  0.0
 2.58627033   3.91594616  0.0
 2.58617305   3.91622096  0.0
 2.58604956   3.91648503  0.0
 2.58590103   3.91673586  0.0
 2.58572885   3.91697109  0.0
 2.58553465   3.91718850  0.0
 2.58532027   3.91738603  0.0
 2.58508773   3.91756182  0.0
 2.58483922   3.91771422  0.0
 2.58457710   3.91784178  0.0
 2.58430383   3.91794329  0.0
 2.58402200   3.91801780  0.0
 2.58373428   3.91806461  0.0
 2.58344336   3.91808327  0.0
 2.58315201   3.91807361  0.0
 2.58286297   3.91803572  0.0
 2.58257898   3.91796995  0.0
 2.45669259   3.88229193  0.0
 2.45666304   3.88228339  0.0
 2.45567934   3.88199367  0.0
 2.45564988   3.88198483  0.0
 2.45517526   3.88183973  0.0
 2.45514588   3.88183059  0.0
 2.45416834   3.88152075  0.0
 2.45413906   3.88151131  0.0
 2.29914240   3.83062969  0.0
 2.29911737   3.83062135  0.0
 2.29828448   3.83033980  0.0
 2.29825953   3.83033124  0.0
 2.29785763   3.83019143  0.0
 2.29783276   3.83018266  0.0
 2.29700494   3.82988650  0.0
 2.29698015   3.82987751  0.0
 2.13510494   3.77035512  0.0
 2.13508381   3.77034726  0.0
 2.13438062   3.77008268  0.0
 2.13435955   3.77007467  0.0
 2.13402019   3.76994406  0.0
 2.13399919   3.76993588  0.0
 2.13330005   3.76966077  0.0
 2.13327911   3.76965243  0.0
 1.96459086   3.70180373  0.0
 1.96457404   3.70179690  0.0
 1.96401430   3.70156782  0.0
 1.96399753   3.70156090  0.0
 1.96372729   3.70144839  0.0
 1.96371056   3.70144137  0.0
 1.96315363   3.70120554  0.0
 1.96313694   3.70119841  0.0
 1.78888034   3.62616326  0.0
 1.78886772   3.62615778  0.0
 1.78844718   3.62597441  0.0
 1.78843458   3.62596888  0.0
 1.78823145   3.62587919  0.0
 1.78821887   3.62587361  0.0
 1.78780004   3.62568638  0.0
 1.78778749   3.62568074  0.0
 1.61307232   3.54661672  0.0
 1.61306310   3.54661252  0.0
 1.61275593   3.54647227  0.0
 1.61274673   3.54646805  0.0
 1.61259829   3.54639967  0.0
 1.61258910   3.54639541  0.0
 1.61228289   3.54625309  0.0
 1.61227371   3.54624880  0.0
 1.43762405   3.46435475  0.0
 1.43761804   3.46435193  0.0
 1.43741780   3.46425749  0.0
 1.43741180   3.46425465  0.0
 1.43731499   3.46420873  0.0
 1.43730899   3.46420588  0.0
 1.43710917   3.46411056  0.0
 1.43710318   3.46410770  0.0
 1.26238801   3.38028765  0.0
 1.26238452   3.38028597  0.0
 1.26226809   3.38022993  0.0
 1.26226460   3.38022825  0.0
 1.26220828   3.38020105  0.0
 1.26220479   3.38019936  0.0
 1.26208850   3.38014302  0.0
 1.26208501   3.38014132  0.0
 1.08736781   3.29520662  0.0
 0.91276920   3.21016677  0.0
 0.83900000   3.17452687  0.0
;;

# interior:
# ---------
 0.84400000   3.18249546  0.0
 0.91058694   3.21466541  0.0
 1.08518179   3.29970343  0.0
 1.25990190   3.38463955  0.0
 1.25990829   3.38464265  0.0
 1.26002749   3.38470040  0.0
 1.26003389   3.38470349  0.0
 1.26009311   3.38473210  0.0
 1.26009952   3.38473518  0.0
 1.26021886   3.38479263  0.0
 1.26022526   3.38479570  0.0
 1.43494043   3.46861575  0.0
 1.43494543   3.46861814  0.0
 1.43495142   3.46862101  0.0
 1.43495641   3.46862339  0.0
 1.43515623   3.46871871  0.0
 1.43516122   3.46872109  0.0
 1.43516722   3.46872394  0.0
 1.43517222   3.46872632  0.0
 1.43526903   3.46877224  0.0
 1.43527403   3.46877461  0.0
 1.43528004   3.46877745  0.0
 1.43528504   3.46877981  0.0
 1.43548528   3.46887424  0.0
 1.43549028   3.46887660  0.0
 1.43549629   3.46887943  0.0
 1.43550130   3.46888178  0.0
 1.61015096   3.55077583  0.0
 1.61015861   3.55077941  0.0
 1.61016779   3.55078369  0.0
 1.61017544   3.55078726  0.0
 1.61048165   3.55092958  0.0
 1.61048931   3.55093313  0.0
 1.61049850   3.55093739  0.0
 1.61050617   3.55094092  0.0
 1.61065460   3.55100931  0.0
 1.61066227   3.55101283  0.0
 1.61067148   3.55101706  0.0
 1.61067916   3.55102057  0.0
 1.61098632   3.55116082  0.0
 1.61099400   3.55116432  0.0
 1.61100322   3.55116851  0.0
 1.61101091   3.55117200  0.0
 1.78572608   3.63023602  0.0
 1.78573654   3.63024074  0.0
 1.78574909   3.63024638  0.0
 1.78575955   3.63025107  0.0
 1.78617839   3.63043830  0.0
 1.78618886   3.63044297  0.0
 1.78620144   3.63044856  0.0
 1.78621193   3.63045320  0.0
 1.78641505   3.63054288  0.0
 1.78642555   3.63054751  0.0
 1.78643816   3.63055304  0.0
 1.78644866   3.63055763  0.0
 1.78686920   3.63074101  0.0
 1.78687972   3.63074558  0.0
 1.78689234   3.63075105  0.0
 1.78690287   3.63075560  0.0
 1.96115947   3.70579075  0.0
 1.96117337   3.70579671  0.0
 1.96119006   3.70580384  0.0
 1.96120397   3.70580975  0.0
 1.96176090   3.70604559  0.0
 1.96177484   3.70605146  0.0
 1.96179157   3.70605849  0.0
 1.96180552   3.70606432  0.0
 1.96207575   3.70617683  0.0
 1.96208972   3.70618262  0.0
 1.96210649   3.70618954  0.0
 1.96212047   3.70619529  0.0
 1.96268022   3.70642437  0.0
 1.96269422   3.70643007  0.0
 1.96271103   3.70643690  0.0
 1.96272505   3.70644256  0.0
 2.13141330   3.77429127  0.0
 2.13143074   3.77429824  0.0
 2.13145169   3.77430658  0.0
 2.13146915   3.77431349  0.0
 2.13216829   3.77458860  0.0
 2.13218578   3.77459545  0.0
 2.13220679   3.77460362  0.0
 2.13222430   3.77461040  0.0
 2.13256367   3.77474101  0.0
 2.13258121   3.77474772  0.0
 2.13260227   3.77475574  0.0
 2.13261984   3.77476239  0.0
 2.13332303   3.77502697  0.0
 2.13334063   3.77503355  0.0
 2.13336175   3.77504141  0.0
 2.13337937   3.77504793  0.0
 2.29525458   3.83457031  0.0
 2.29527522   3.83457785  0.0
 2.29530002   3.83458685  0.0
 2.29532070   3.83459430  0.0
 2.29614852   3.83489045  0.0
 2.29616923   3.83489781  0.0
 2.29619410   3.83490659  0.0
 2.29621485   3.83491385  0.0
 2.29661674   3.83505366  0.0
 2.29663752   3.83506084  0.0
 2.29666247   3.83506939  0.0
 2.29668327   3.83507648  0.0
 2.29751617   3.83535803  0.0
 2.29753701   3.83536503  0.0
 2.29756203   3.83537336  0.0
 2.29758290   3.83538026  0.0
 2.45257956   3.88626188  0.0
 2.45260394   3.88626982  0.0
 2.45263322   3.88627926  0.0
 2.45265764   3.88628707  0.0
 2.45363518   3.88659691  0.0
 2.45365964   3.88660459  0.0
 2.45368901   3.88661373  0.0
 2.45371351   3.88662129  0.0
 2.45418813   3.88676639  0.0
 2.45421267   3.88677382  0.0
 2.45424214   3.88678266  0.0
 2.45426671   3.88678997  0.0
 2.45525040   3.88707969  0.0
 2.45527501   3.88708687  0.0
 2.45530457   3.88709541  0.0
 2.45532922   3.88710246  0.0
 2.58121560   3.92278048  0.0
 2.58145093   3.92284104  0.0
 2.58173493   3.92290681  0.0
 2.58221302   3.92299329  0.0
 2.58250206   3.92303119  0.0
 2.58298629   3.92307086  0.0
 2.58327764   3.92308052  0.0
 2.58376344   3.92307302  0.0
 2.58405435   3.92305436  0.0
 2.58453712   3.92299973  0.0
 2.58482485   3.92295293  0.0
 2.58530005   3.92285171  0.0
 2.58558187   3.92277719  0.0
 2.58604500   3.92263033  0.0
 2.58631826   3.92252882  0.0
 2.58676495   3.92233770  0.0
 2.58702707   3.92221014  0.0
 2.58745310   3.92197657  0.0
 2.58770160   3.92182418  0.0
 2.58810295   3.92155036  0.0
 2.58833549   3.92137457  0.0
 2.58870837   3.92106309  0.0
 2.58892275   3.92086556  0.0
 2.58926363   3.92051936  0.0
 2.58945783   3.92030196  0.0
 2.58976350   3.91992431  0.0
 2.58993568   3.91968908  0.0
 2.59020326   3.91928355  0.0
 2.59035180   3.91903272  0.0
 2.59057876   3.91860314  0.0
 2.59070225   3.91833907  0.0
 2.59088644   3.91788949  0.0
 2.59093906   3.91774085  0.0
 2.60549239   3.92186548  0.0
 2.60550566   3.92186922  0.0
 2.60552159   3.92187369  0.0
 2.60553488   3.92187739  0.0
 2.60585379   3.92196588  0.0
 2.60586708   3.92196955  0.0
 2.60588304   3.92197393  0.0
 2.60589634   3.92197756  0.0
 2.60616250   3.92204983  0.0
 2.60617581   3.92205342  0.0
 2.60619179   3.92205772  0.0
 2.60620512   3.92206127  0.0
 2.60652499   3.92214624  0.0
 2.60653832   3.92214976  0.0
 2.60655432   3.92215396  0.0
 2.60656767   3.92215745  0.0
 2.60708443   3.92229166  0.0
 2.60709778   3.92229511  0.0
 2.60711381   3.92229923  0.0
 2.60712717   3.92230264  0.0
 2.60744795   3.92238407  0.0
 2.60746133   3.92238744  0.0
 2.60747738   3.92239147  0.0
 2.60749076   3.92239481  0.0
 2.60775844   3.92246119  0.0
 2.60777183   3.92246449  0.0
 2.60778790   3.92246843  0.0
 2.60780130   3.92247169  0.0
 2.60812297   3.92254958  0.0
 2.60813637   3.92255280  0.0
 2.60815247   3.92255665  0.0
 2.60816588   3.92255984  0.0
 2.74947095   3.95595029  0.0
 2.74948558   3.95595372  0.0
 2.74950314   3.95595782  0.0
 2.74951778   3.95596121  0.0
 2.74986925   3.95604203  0.0
 2.74988390   3.95604538  0.0
 2.74990148   3.95604936  0.0
 2.74991614   3.95605267  0.0
 2.75020942   3.95611826  0.0
 2.75022409   3.95612151  0.0
 2.75024170   3.95612540  0.0
 2.75025638   3.95612861  0.0
 2.75060879   3.95620520  0.0
 2.75062348   3.95620837  0.0
 2.75064111   3.95621215  0.0
 2.75065581   3.95621527  0.0
 2.75122504   3.95633541  0.0
 2.75123975   3.95633849  0.0
 2.75125740   3.95634216  0.0
 2.75127212   3.95634520  0.0
 2.75162542   3.95641755  0.0
 2.75164015   3.95642054  0.0
 2.75165783   3.95642411  0.0
 2.75167256   3.95642706  0.0
 2.75196733   3.95648558  0.0
 2.75198208   3.95648848  0.0
 2.75199977   3.95649194  0.0
 2.75201452   3.95649480  0.0
 2.75236867   3.95656290  0.0
 2.75238343   3.95656571  0.0
 2.75240115   3.95656906  0.0
 2.75241592   3.95657184  0.0
 2.88684244   3.98158355  0.0
 2.88685742   3.98158632  0.0
 2.88687541   3.98158961  0.0
 2.88689040   3.98159233  0.0
 2.88725026   3.98165702  0.0
 2.88726526   3.98165969  0.0
 2.88728327   3.98166287  0.0
 2.88729827   3.98166550  0.0
 2.88759848   3.98171758  0.0
 2.88761350   3.98172016  0.0
 2.88763152   3.98172323  0.0
 2.88764654   3.98172576  0.0
 2.88800717   3.98178606  0.0
 2.88802220   3.98178855  0.0
 2.88804024   3.98179151  0.0
 2.88805528   3.98179396  0.0
 2.88863762   3.98188769  0.0
 2.88865267   3.98189008  0.0
 2.88867073   3.98189293  0.0
 2.88868578   3.98189529  0.0
 2.88904712   3.98195119  0.0
 2.88906217   3.98195349  0.0
 2.88908025   3.98195623  0.0
 2.88909532   3.98195849  0.0
 2.88939670   3.98200324  0.0
 2.88941178   3.98200546  0.0
 2.88942987   3.98200809  0.0
 2.88944495   3.98201025  0.0
 2.88980694   3.98206175  0.0
 2.88982203   3.98206387  0.0
 2.88984013   3.98206639  0.0
 2.88985523   3.98206847  0.0
 3.01746871   3.99942862  0.0
 3.01748441   3.99943073  0.0
 3.01750326   3.99943323  0.0
 3.01751898   3.99943529  0.0
 3.01789614   3.99948417  0.0
 3.01791186   3.99948618  0.0
 3.01793073   3.99948856  0.0
 3.01794645   3.99949053  0.0
 3.01826100   3.99952926  0.0
 3.01827674   3.99953117  0.0
 3.01829562   3.99953344  0.0
 3.01831135   3.99953530  0.0
 3.01868911   3.99957939  0.0
 3.01870485   3.99958120  0.0
 3.01872375   3.99958335  0.0
 3.01873950   3.99958511  0.0
 3.01934932   3.99965237  0.0
 3.01936507   3.99965408  0.0
 3.01938398   3.99965611  0.0
 3.01939974   3.99965777  0.0
 3.01977803   3.99969707  0.0
 3.01979379   3.99969868  0.0
 3.01981271   3.99970059  0.0
 3.01982848   3.99970215  0.0
 3.02014391   3.99973290  0.0
 3.02015969   3.99973441  0.0
 3.02017862   3.99973619  0.0
 3.02019440   3.99973766  0.0
 3.02057315   3.99977216  0.0
 3.02058894   3.99977357  0.0
 3.02060788   3.99977523  0.0
 3.02062367   3.99977660  0.0
 3.14135860   4.01000271  0.0
 3.14137680   4.01000422  0.0
 3.14139865   4.01000599  0.0
 3.14141686   4.01000743  0.0
 3.14185395   4.01004123  0.0
 3.14187217   4.01004261  0.0
 3.14189403   4.01004422  0.0
 3.14191225   4.01004553  0.0
 3.14227668   4.01007104  0.0
 3.14229490   4.01007228  0.0
 3.14231678   4.01007373  0.0
 3.14233500   4.01007491  0.0
 3.14277255   4.01010232  0.0
 3.14279078   4.01010343  0.0
 3.14281266   4.01010472  0.0
 3.14283090   4.01010576  0.0
 3.14353701   4.01014483  0.0
 3.14355525   4.01014581  0.0
 3.14357714   4.01014694  0.0
 3.14359538   4.01014785  0.0
 3.14403328   4.01016887  0.0
 3.14405152   4.01016971  0.0
 3.14407342   4.01017068  0.0
 3.14409167   4.01017146  0.0
 3.14445669   4.01018630  0.0
 3.14447494   4.01018701  0.0
 3.14449685   4.01018782  0.0
 3.14451510   4.01018847  0.0
 3.14495326   4.01020308  0.0
 3.14497152   4.01020366  0.0
 3.14499343   4.01020431  0.0
 3.14501169   4.01020482  0.0
 3.20170806   4.01168173  0.0
 3.18522783   4.01701874  0.0
 3.06789989   4.05489649  0.0
 3.06785300   4.05491167  0.0
 3.06778920   4.05493239  0.0
 3.06774345   4.05494729  0.0
 2.94350545   4.09548192  0.0
 2.94349925   4.09548395  0.0
 2.94344648   4.09550123  0.0
 2.94337208   4.09552568  0.0
 2.94336681   4.09552741  0.0
 2.94331485   4.09554454  0.0
 2.81226582   4.13884315  0.0
 2.81226011   4.13884504  0.0
 2.81221152   4.13886116  0.0
 2.81214093   4.13888463  0.0
 2.81209031   4.13890151  0.0
 2.67423384   4.18497598  0.0
 2.67419581   4.18498873  0.0
 2.67414404   4.18500611  0.0
 2.67410693   4.18501860  0.0
 2.59079810   4.21309621  0.0
 2.59066556   4.21278195  0.0
 2.59053567   4.21251239  0.0
 2.59029705   4.21207448  0.0
 2.59014096   4.21181919  0.0
 2.58985990   4.21140723  0.0
 2.58967915   4.21116876  0.0
 2.58935846   4.21078684  0.0
 2.58915485   4.21056757  0.0
 2.58879771   4.21021950  0.0
 2.58857327   4.21002160  0.0
 2.58818323   4.20971084  0.0
 2.58794020   4.20953628  0.0
 2.58752114   4.20926592  0.0
 2.58726192   4.20911644  0.0
 2.58681801   4.20888917  0.0
 2.58654520   4.20876626  0.0
 2.58608086   4.20858433  0.0
 2.58579716   4.20848921  0.0
 2.58531700   4.20835445  0.0
 2.58502524   4.20828806  0.0
 2.58453405   4.20820180  0.0
 2.58423712   4.20816481  0.0
 2.58373978   4.20812791  0.0
 2.58344064   4.20812068  0.0
 2.58294210   4.20813351  0.0
 2.58264373   4.20815612  0.0
 2.58214895   4.20821854  0.0
 2.58185432   4.20827076  0.0
 2.58136821   4.20838216  0.0
 2.58108025   4.20846347  0.0
 2.58084197   4.20853721  0.0
 2.52699511   4.22668524  0.0
 2.52691671   4.22671173  0.0
 2.52687569   4.22672562  0.0
 2.52679722   4.22675227  0.0
 2.37516271   4.27837617  0.0
 2.21677442   4.33241684  0.0
 2.05155097   4.38869628  0.0
 1.87949689   4.44706242  0.0
 1.70503892   4.50586510  0.0
 1.53062179   4.56391258  0.0
 1.35629131   4.62093767  0.0
 1.18212216   4.67667703  0.0
 1.00799782   4.73087298  0.0
 0.84400000   4.78018301  0.0
 0.84400000   3.18249546  0.0
;;

