# exterior:
# ---------
-0.83600000   2.53814654  0.0
-0.98107662   2.52537958  0.0
-1.15472946   2.52373815  0.0
-1.32838991   2.53711918  0.0
-1.49631873   2.56513120  0.0
-1.65517789   2.60535076  0.0
-1.80490566   2.65530563  0.0
-1.94552953   2.71307350  0.0
-2.07701830   2.77746911  0.0
-2.19931010   2.84756701  0.0
-2.31252297   2.92224321  0.0
-2.41645529   3.00090226  0.0
-2.51131264   3.08275172  0.0
-2.59696490   3.16693956  0.0
-2.67347745   3.25254123  0.0
-2.74084849   3.33875795  0.0
-2.79898076   3.42447544  0.0
-2.84794671   3.51072037  0.0
-2.88778900   3.59745348  0.0
-2.91849090   3.68431724  0.0
-2.94009359   3.77879341  0.0
-2.95268233   3.87214477  0.0
-2.95433834   3.89383220  0.0
-2.95548790   3.93031136  0.0
-2.94745837   4.03155458  0.0
-2.93036696   4.13466630  0.0
-2.90429893   4.22385251  0.0
-2.86907517   4.30751702  0.0
-2.82471214   4.39102963  0.0
-2.77124689   4.47289950  0.0
-2.70864943   4.55294640  0.0
-2.63685478   4.63083646  0.0
-2.55592843   4.70568359  0.0
-2.46578337   4.77692223  0.0
-2.36654473   4.84413918  0.0
-2.25800881   4.90674254  0.0
-2.14035748   4.96433114  0.0
-2.01353924   5.01642628  0.0
-1.87748800   5.06224584  0.0
-1.73220676   5.10118303  0.0
-1.57782551   5.13218315  0.0
-1.41420365   5.15458415  0.0
-1.24195304   5.16740508  0.0
-1.06783591   5.17102191  0.0
-0.89362977   5.16674351  0.0
-0.83600000   5.16308598  0.0
-0.83600000   5.13302563  0.0
-0.89494862   5.13676685  0.0
-1.06789270   5.14101426  0.0
-1.24052710   5.13742823  0.0
-1.41105263   5.12473570  0.0
-1.57283298   5.10258682  0.0
-1.72536360   5.07195831  0.0
-1.86880874   5.03351321  0.0
-2.00304104   4.98830624  0.0
-2.12805004   4.93695431  0.0
-2.24390326   4.88024586  0.0
-2.35061745   4.81869327  0.0
-2.44804713   4.75270158  0.0
-2.53641373   4.68286840  0.0
-2.61560676   4.60962437  0.0
-2.68576651   4.53350802  0.0
-2.74682752   4.45542586  0.0
-2.79885351   4.37575988  0.0
-2.84194883   4.29463372  0.0
-2.87598452   4.21379117  0.0
-2.90106574   4.12798111  0.0
-2.91765329   4.02790919  0.0
-2.92545045   3.92959571  0.0
-2.92437436   3.89544751  0.0
-2.92283548   3.87529410  0.0
-2.91054475   3.78415266  0.0
-2.88963047   3.69268711  0.0
-2.85995835   3.60873690  0.0
-2.82122273   3.52441292  0.0
-2.77348182   3.44032567  0.0
-2.71658718   3.35643310  0.0
-2.65044919   3.27179435  0.0
-2.57524376   3.18765507  0.0
-2.49097720   3.10482924  0.0
-2.39758443   3.02424353  0.0
-2.29519340   2.94675097  0.0
-2.18357598   2.87312714  0.0
-2.06294650   2.80398209  0.0
-1.93321908   2.74044908  0.0
-1.79444658   2.68344175  0.0
-1.64673750   2.63416040  0.0
-1.49015867   2.59451816  0.0
-1.32476242   2.56692860  0.0
-1.15371698   2.55374906  0.0
-0.98253557   2.55536713  0.0
-0.83600000   2.56826248  0.0
-0.83600000   2.53814654  0.0
;;

