# exterior:
# ---------
-0.83900000   5.13020999  0.0
-0.83900000   2.57101007  0.0
-0.98268147   2.55836588  0.0
-1.15361573   2.55675015  0.0
-1.32439968   2.56990954  0.0
-1.48954267   2.59745685  0.0
-1.64589346   2.63704136  0.0
-1.79340067   2.68625536  0.0
-1.93198804   2.74318664  0.0
-2.06153932   2.80663339  0.0
-2.18200257   2.87568316  0.0
-2.29346044   2.94920174  0.0
-2.39569735   3.02657766  0.0
-2.48894365   3.10703699  0.0
-2.57307165   3.18972663  0.0
-2.64814637   3.27371966  0.0
-2.71416105   3.35820061  0.0
-2.77093192   3.44191069  0.0
-2.81855033   3.52578217  0.0
-2.85717529   3.60986525  0.0
-2.88674442   3.69352410  0.0
-2.90758986   3.78468858  0.0
-2.91985079   3.87560904  0.0
-2.92137796   3.89560904  0.0
-2.92244671   3.92952414  0.0
-2.91467278   4.02754465  0.0
-2.89813562   4.12731259  0.0
-2.87315307   4.21278504  0.0
-2.83923620   4.29334539  0.0
-2.79626765   4.37423290  0.0
-2.74438558   4.45367850  0.0
-2.68347822   4.53156419  0.0
-2.61348196   4.60750317  0.0
-2.53446226   4.68058688  0.0
-2.44627351   4.75027952  0.0
-2.34902472   4.81614868  0.0
-2.24249270   4.87759619  0.0
-2.12681930   4.93421663  0.0
-2.00199122   4.98549424  0.0
-1.86794081   5.03063995  0.0
-1.72467928   5.06903584  0.0
-1.57233373   5.09962718  0.0
-1.41073752   5.12175086  0.0
-1.24038451   5.13443054  0.0
-1.06789838   5.13801349  0.0
-0.89508051   5.13376919  0.0
-0.83900000   5.13020999  0.0
;;

# interior:
# ---------
-0.84400000   5.12551726  0.0
-0.89530032   5.12877308  0.0
-1.06790784   5.13301222  0.0
-1.24014685   5.12943440  0.0
-1.41021235   5.11677612  0.0
-1.57150164   5.09469446  0.0
-1.72353875   5.06416505  0.0
-1.86649427   5.02585118  0.0
-2.00024152   4.98080756  0.0
-2.12476806   4.92965382  0.0
-2.24014178   4.87318008  0.0
-2.34637017   4.81190769  0.0
-2.44331747   4.74624274  0.0
-2.53120981   4.67678434  0.0
-2.60994062   4.60396782  0.0
-2.67966440   4.52832446  0.0
-2.74031569   4.45076623  0.0
-2.79195788   4.37168795  0.0
-2.83471514   4.29119817  0.0
-2.86843401   4.21110815  0.0
-2.89325208   4.12619839  0.0
-2.90970526   4.02693708  0.0
-2.91744047   3.92940487  0.0
-2.91638396   3.89587826  0.0
-2.91487631   3.87613393  0.0
-2.90266506   3.78558179  0.0
-2.88193435   3.69491908  0.0
-2.85253685   3.61174582  0.0
-2.81409634   3.52806426  0.0
-2.76668210   3.44455240  0.0
-2.71011750   3.36114647  0.0
-2.64430832   3.27692851  0.0
-2.56945146   3.19317921  0.0
-2.48555441   3.11071658  0.0
-2.39255221   3.03046787  0.0
-2.29057218   2.95328637  0.0
-2.17938022   2.87994318  0.0
-2.05919402   2.81105222  0.0
-1.92993630   2.74774924  0.0
-1.79165749   2.69094472  0.0
-1.64448673   2.64184297  0.0
-1.48851599   2.60235468  0.0
-1.32379509   2.57487778  0.0
-1.15344698   2.56175197  0.0
-0.98292463   2.56336381  0.0
-0.84400000   2.57558938  0.0
-0.84400000   5.12551726  0.0
;;

