# exterior:
# ---------
-0.74700000   2.58861036  0.0
-0.74700000   5.11936107  0.0
-0.72243770   5.11780220  0.0
-0.54929939   5.10112457  0.0
-0.37606363   5.07907225  0.0
-0.20277368   5.05189576  0.0
-0.02929065   5.02004826  0.0
 0.14429517   4.98385363  0.0
 0.31790337   4.94364243  0.0
 0.49170610   4.89958894  0.0
 0.66566119   4.85234647  0.0
 0.74700000   4.82898521  0.0
 0.74700000   3.11342031  0.0
 0.74487367   3.11239302  0.0
 0.57068164   3.03014330  0.0
 0.39684848   2.95105769  0.0
 0.22324006   2.87656294  0.0
 0.04989046   2.80754809  0.0
-0.12310304   2.74505370  0.0
-0.29589075   2.68997155  0.0
-0.46835284   2.64299875  0.0
-0.64030882   2.60537612  0.0
-0.74700000   2.58861036  0.0
;;

# interior:
# ---------
-0.74200000   2.59445743  0.0
-0.64123208   2.61029239  0.0
-0.46954493   2.64785620  0.0
-0.29730770   2.69476776  0.0
-0.12471235   2.74978860  0.0
 0.04811587   2.81222327  0.0
 0.22132918   2.88118387  0.0
 0.39482716   2.95563122  0.0
 0.56857883   3.03467975  0.0
 0.74200000   3.11656550  0.0
 0.74200000   4.82521912  0.0
 0.66431578   4.84753075  0.0
 0.49043655   4.89475262  0.0
 0.31672488   4.93878302  0.0
 0.14322062   4.97897015  0.0
-0.03025249   5.01514128  0.0
-0.20361256   5.04696621  0.0
-0.37676680   5.07412142  0.0
-0.54985492   5.09615494  0.0
-0.72283585   5.11281741  0.0
-0.74200000   5.11403368  0.0
-0.74200000   2.59445743  0.0
;;

