# exterior:
# ---------
 3.58029700   3.91168741  0.0
 3.56188959   3.91638130  0.0
 3.56176875   3.91640955  0.0
 3.46841700   3.93627218  0.0
 3.46816086   3.93631555  0.0
 3.36799607   3.94898518  0.0
 3.36774258   3.94900672  0.0
 3.26069924   3.95369069  0.0
 3.26048299   3.95369260  0.0
 3.14656110   3.95072500  0.0
 3.14638020   3.95071499  0.0
 3.02564527   3.94048888  0.0
 3.02548903   3.94047165  0.0
 2.89787555   3.92311150  0.0
 2.89772636   3.92308748  0.0
 2.76329984   3.89807576  0.0
 2.76315400   3.89804498  0.0
 2.62184893   3.86465454  0.0
 2.62171654   3.86462015  0.0
 2.47359843   3.82264134  0.0
 2.47347683   3.82260417  0.0
 2.31848017   3.77172255  0.0
 2.31837721   3.77168674  0.0
 2.15650200   3.71216435  0.0
 2.15641505   3.71213089  0.0
 1.98772680   3.64428218  0.0
 1.98765757   3.64425336  0.0
 1.81340097   3.56921820  0.0
 1.81334893   3.56919523  0.0
 1.63863376   3.49013121  0.0
 1.63859573   3.49011369  0.0
 1.46394607   3.40821964  0.0
 1.46392127   3.40820787  0.0
 1.28920610   3.32438783  0.0
 1.28919167   3.32438086  0.0
 1.11447650   3.23944714  0.0
 0.93982917   3.15438355  0.0
 0.76513089   3.06998207  0.0
 0.59044809   2.98750061  0.0
 0.41584895   2.90806652  0.0
 0.24120226   2.83312626  0.0
 0.06657159   2.76360138  0.0
-0.10797560   2.70054572  0.0
-0.28257150   2.64488714  0.0
-0.45714726   2.59733864  0.0
-0.63163025   2.55916313  0.0
-0.80614993   2.53173861  0.0
-0.98063893   2.51638331  0.0
-1.15503321   2.51473487  0.0
-1.32947816   2.52817636  0.0
-1.49816675   2.55631511  0.0
-1.65771001   2.59670787  0.0
-1.80804339   2.64686480  0.0
-1.94922266   2.70486082  0.0
-2.08123983   2.76951522  0.0
-2.20403033   2.83989897  0.0
-2.31772185   2.91489088  0.0
-2.42211654   2.99389988  0.0
-2.51741327   3.07612846  0.0
-2.60348124   3.16072491  0.0
-2.68038593   3.24676530  0.0
-2.74812688   3.33345540  0.0
-2.80663044   3.41972037  0.0
-2.85596390   3.50661261  0.0
-2.89613820   3.59406845  0.0
-2.92714903   3.68180628  0.0
-2.94895824   3.77718564  0.0
-2.96163639   3.87119996  0.0
-2.96332754   3.89334760  0.0
-2.96449913   3.93052605  0.0
-2.95639990   4.03264819  0.0
-2.93915733   4.13667186  0.0
-2.91279326   4.22687091  0.0
-2.87721308   4.31138201  0.0
-2.83246972   4.39561055  0.0
-2.77857270   4.47814160  0.0
-2.71551431   4.55877791  0.0
-2.64322919   4.63720008  0.0
-2.56178284   4.71252815  0.0
-2.47110424   4.78418843  0.0
-2.37132291   4.85177296  0.0
-2.26224048   4.91469155  0.0
-2.14404971   4.97254419  0.0
-2.01668870   5.02486229  0.0
-1.88009177   5.07086562  0.0
-1.73425971   5.10995045  0.0
-1.57932327   5.14106205  0.0
-1.41514896   5.16353869  0.0
-1.24238082   5.17639813  0.0
-1.06781887   5.18002421  0.0
-0.89323411   5.17573650  0.0
-0.71869503   5.16465923  0.0
-0.54407743   5.14783911  0.0
-0.36945380   5.12561012  0.0
-0.19488827   5.09823358  0.0
-0.02024934   5.06617388  0.0
 0.15439595   5.02975834  0.0
 0.32898117   4.98932084  0.0
 0.50363988   4.94505039  0.0
 0.67830802   4.89761427  0.0
 0.85291761   4.84746477  0.0
 1.02760003   4.79494215  0.0
 1.20228907   4.74057043  0.0
 1.37691748   4.68468410  0.0
 1.55161564   4.62753874  0.0
 1.72631763   4.56939645  0.0
 1.90095882   4.51053202  0.0
 2.07311440   4.45213145  0.0
 2.23839355   4.39583303  0.0
 2.39679599   4.34178754  0.0
 2.54838808   4.29017809  0.0
 2.54839708   4.29017504  0.0
 2.69310867   4.24140285  0.0
 2.69311610   4.24140036  0.0
 2.83094914   4.19533373  0.0
 2.83095926   4.19533036  0.0
 2.96197926   4.15204135  0.0
 2.96199025   4.15203774  0.0
 3.08619721   4.11151326  0.0
 3.08620636   4.11151029  0.0
 3.20353342   4.07363284  0.0
 3.31397901   4.03786577  0.0
 3.41761106   4.00407726  0.0
 3.51436750   3.97239723  0.0
 3.51438094   3.97239286  0.0
 3.53750597   3.96493782  0.0
 3.53751172   3.96493598  0.0
 3.56017818   3.95767747  0.0
 3.58029700   3.95123944  0.0
 3.58029700   3.91168741  0.0
;;

# interior:
# ---------
 3.57129700   3.92327041  0.0
 3.57129700   3.94466987  0.0
 3.55743340   3.94910623  0.0
 3.53475859   3.95636741  0.0
 3.53474450   3.95637194  0.0
 3.51161947   3.96382698  0.0
 3.51159995   3.96383330  0.0
 3.51158651   3.96383766  0.0
 3.51156700   3.96384403  0.0
 3.41481589   3.99552232  0.0
 3.31119767   4.02930631  0.0
 3.20076451   4.06506937  0.0
 3.08344135   4.10294555  0.0
 3.08342807   4.10294985  0.0
 3.08341892   4.10295282  0.0
 3.08340564   4.10295714  0.0
 2.95919868   4.14348163  0.0
 2.95918272   4.14348685  0.0
 2.95917173   4.14349046  0.0
 2.95915578   4.14349571  0.0
 2.82813578   4.18678472  0.0
 2.82812108   4.18678959  0.0
 2.82811096   4.18679296  0.0
 2.82809627   4.18679785  0.0
 2.69026323   4.23286448  0.0
 2.69025246   4.23286809  0.0
 2.69024503   4.23287058  0.0
 2.69023426   4.23287420  0.0
 2.54552267   4.28164640  0.0
 2.54550960   4.28165082  0.0
 2.54550059   4.28165387  0.0
 2.54548752   4.28165831  0.0
 2.39388977   4.33326968  0.0
 2.23548949   4.38731444  0.0
 2.07021782   4.44361031  0.0
 1.89807587   4.50200625  0.0
 1.72345930   4.56086239  0.0
 1.54879557   4.61899194  0.0
 1.37414681   4.67612115  0.0
 1.19958009   4.73198773  0.0
 1.02496690   4.78633584  0.0
 0.85037956   4.83882988  0.0
 0.67588628   4.88894597  0.0
 0.50135469   4.93634501  0.0
 0.32685989   4.98057391  0.0
 0.15246176   5.02096808  0.0
-0.02198066   5.05734131  0.0
-0.19639824   5.08936038  0.0
-0.37071951   5.11669861  0.0
-0.54507738   5.13889377  0.0
-0.71941171   5.15568661  0.0
-0.89362977   5.16674351  0.0
-1.06783591   5.17102191  0.0
-1.24195304   5.16740508  0.0
-1.41420365   5.15458415  0.0
-1.57782551   5.13218315  0.0
-1.73220676   5.10118303  0.0
-1.87748800   5.06224584  0.0
-2.01353924   5.01642628  0.0
-2.14035748   4.96433114  0.0
-2.25800881   4.90674254  0.0
-2.36654473   4.84413918  0.0
-2.46578337   4.77692223  0.0
-2.55592843   4.70568359  0.0
-2.63685478   4.63083646  0.0
-2.70864943   4.55294640  0.0
-2.77124689   4.47289950  0.0
-2.82471214   4.39102963  0.0
-2.86907517   4.30751702  0.0
-2.90429893   4.22385251  0.0
-2.93036696   4.13466630  0.0
-2.94745837   4.03155458  0.0
-2.95548790   3.93031136  0.0
-2.95433834   3.89383220  0.0
-2.95268233   3.87214477  0.0
-2.94009359   3.77879341  0.0
-2.91849090   3.68431724  0.0
-2.88778900   3.59745348  0.0
-2.84794671   3.51072037  0.0
-2.79898076   3.42447544  0.0
-2.74084849   3.33875795  0.0
-2.67347745   3.25254123  0.0
-2.59696490   3.16693956  0.0
-2.51131264   3.08275172  0.0
-2.41645529   3.00090226  0.0
-2.31252297   2.92224321  0.0
-2.19931010   2.84756701  0.0
-2.07701830   2.77746911  0.0
-1.94552953   2.71307350  0.0
-1.80490566   2.65530563  0.0
-1.65517789   2.60535076  0.0
-1.49631873   2.56513120  0.0
-1.32838991   2.53711918  0.0
-1.15472946   2.52373815  0.0
-0.98107662   2.52537958  0.0
-0.80724425   2.54067709  0.0
-0.63329210   2.56801242  0.0
-0.45929301   2.60608207  0.0
-0.28512200   2.65352032  0.0
-0.11087234   2.70906852  0.0
 0.06337733   2.77201671  0.0
 0.23776269   2.84144392  0.0
 0.41221056   2.91629887  0.0
 0.58666302   2.99566623  0.0
 0.76125184   3.07810332  0.0
 0.93590111   3.16248111  0.0
 1.11054166   3.24754141  0.0
 1.28525683   3.33247512  0.0
 1.28527776   3.33248526  0.0
 1.28529219   3.33249223  0.0
 1.28531315   3.33250232  0.0
 1.46002832   3.41632236  0.0
 1.46006429   3.41633952  0.0
 1.46008909   3.41635128  0.0
 1.46012513   3.41636828  0.0
 1.63477479   3.49826233  0.0
 1.63482991   3.49828795  0.0
 1.63486794   3.49830547  0.0
 1.63492323   3.49833072  0.0
 1.80963840   3.57739474  0.0
 1.80971379   3.57742844  0.0
 1.80976583   3.57745141  0.0
 1.80984152   3.57748442  0.0
 1.98409812   3.65251957  0.0
 1.98419837   3.65256202  0.0
 1.98426760   3.65259085  0.0
 1.98436836   3.65263208  0.0
 2.15305661   3.72048079  0.0
 2.15318245   3.72053031  0.0
 2.15326940   3.72056377  0.0
 2.15339597   3.72061140  0.0
 2.31527118   3.78013378  0.0
 2.31542019   3.78018709  0.0
 2.31552315   3.78022291  0.0
 2.31567308   3.78027359  0.0
 2.47066974   3.83115521  0.0
 2.47084569   3.83121098  0.0
 2.47096729   3.83124815  0.0
 2.47114436   3.83130030  0.0
 2.61926247   3.87327911  0.0
 2.61945410   3.87333114  0.0
 2.61958649   3.87336553  0.0
 2.61977923   3.87341332  0.0
 2.76108430   3.90680377  0.0
 2.76129546   3.90685100  0.0
 2.76144130   3.90688177  0.0
 2.76165353   3.90692391  0.0
 2.89608005   3.93193563  0.0
 2.89629620   3.93197313  0.0
 2.89644540   3.93199714  0.0
 2.89666240   3.93202936  0.0
 3.02427588   3.94938951  0.0
 3.02450235   3.94941740  0.0
 3.02465859   3.94943463  0.0
 3.02488570   3.94945677  0.0
 3.14562063   3.95968288  0.0
 3.14588302   3.95970125  0.0
 3.14606392   3.95971125  0.0
 3.14632674   3.95972195  0.0
 3.26024863   3.96268955  0.0
 3.26056258   3.96269225  0.0
 3.26077883   3.96269034  0.0
 3.26109268   3.96268208  0.0
 3.36813602   3.95799812  0.0
 3.36850464   3.95797440  0.0
 3.36875813   3.95795286  0.0
 3.36912547   3.95791404  0.0
 3.46929026   3.94524440  0.0
 3.46966339   3.94518924  0.0
 3.46991953   3.94514587  0.0
 3.47029002   3.94507512  0.0
 3.56364177   3.92521249  0.0
 3.56381759   3.92517324  0.0
 3.56393843   3.92514499  0.0
 3.56411342   3.92510222  0.0
 3.57129700   3.92327041  0.0
;;

