# exterior:
# ---------
 3.58339700   3.90769770  0.0
 3.56112360   3.91337742  0.0
 3.46777185   3.93324005  0.0
 3.36760706   3.94590969  0.0
 3.26056372   3.95059365  0.0
 3.14664183   3.94762605  0.0
 3.02590690   3.93739994  0.0
 2.89829342   3.92003979  0.0
 2.76386690   3.89502807  0.0
 2.62256183   3.86163762  0.0
 2.47444372   3.81965881  0.0
 2.31944706   3.76877720  0.0
 2.15757185   3.70925481  0.0
 1.98888360   3.64140611  0.0
 1.81462700   3.56637095  0.0
 1.63991183   3.48730693  0.0
 1.46526217   3.40541288  0.0
 1.29054700   3.32159284  0.0
 1.11583183   3.23665912  0.0
 0.94118217   3.15159439  0.0
 0.76646700   3.06718475  0.0
 0.59175183   2.98468801  0.0
 0.41710217   2.90523093  0.0
 0.24238700   2.83026128  0.0
 0.06767183   2.76070277  0.0
-0.10697783   2.69761009  0.0
-0.28169300   2.64191348  0.0
-0.45640817   2.59432702  0.0
-0.63105783   2.55611504  0.0
-0.80577300   2.52865980  0.0
-0.98048817   2.51328460  0.0
-1.15513783   2.51163375  0.0
-1.32985300   2.52509605  0.0
-1.49880329   2.55327845  0.0
-1.65858218   2.59373088  0.0
-1.80912416   2.64395740  0.0
-1.95049474   2.70203201  0.0
-2.08269392   2.76677554  0.0
-2.20565619   2.83725775  0.0
-2.31951257   2.91235842  0.0
-2.42406653   2.99148795  0.0
-2.51951460   3.07384712  0.0
-2.60572576   3.15858430  0.0
-2.68276552   3.24477581  0.0
-2.75063388   3.33162897  0.0
-2.80926533   3.41808252  0.0
-2.85872538   3.50519771  0.0
-2.89901403   3.59290250  0.0
-2.93013128   3.68094139  0.0
-2.95201162   3.77663185  0.0
-2.96472056   3.87087453  0.0
-2.96642382   3.89318069  0.0
-2.96760300   3.93060000  0.0
-2.95947976   4.03302488  0.0
-2.94218512   4.13736266  0.0
-2.91571908   4.22791058  0.0
-2.88001613   4.31271328  0.0
-2.83514178   4.39718842  0.0
-2.78109603   4.47994721  0.0
-2.71787888   4.56078655  0.0
-2.64542482   4.63939200  0.0
-2.56379936   4.71488572  0.0
-2.47293699   4.78669123  0.0
-2.37296873   4.85440237  0.0
-2.26369805   4.91742954  0.0
-2.14532148   4.97537313  0.0
-2.01777351   5.02776803  0.0
-1.88098863   5.07383466  0.0
-1.73496684   5.11297034  0.0
-1.57983916   5.14412034  0.0
-1.41547457   5.16662303  0.0
-1.24252817   5.17949574  0.0
-1.06781300   5.18312500  0.0
-0.89309783   5.17883409  0.0
-0.71844817   5.16774980  0.0
-0.54373300   5.15092028  0.0
-0.36901783   5.12867964  0.0
-0.19436817   5.10128990  0.0
-0.01965300   5.06921621  0.0
 0.15506217   5.03278610  0.0
 0.32971183   4.99233367  0.0
 0.50442700   4.94804891  0.0
 0.67914217   4.90060002  0.0
 0.85379183   4.85043901  0.0
 1.02850700   4.79790654  0.0
 1.20322217   4.74352669  0.0
 1.37787183   4.68763356  0.0
 1.55258700   4.63048264  0.0
 1.72730217   4.57233596  0.0
 1.90195183   4.51346867  0.0
 2.07411211   4.45506651  0.0
 2.23939384   4.39876722  0.0
 2.39779702   4.34472147  0.0
 2.54938716   4.29311269  0.0
 2.69409875   4.24434049  0.0
 2.83193179   4.19827386  0.0
 2.96295179   4.15498485  0.0
 3.08715875   4.11446037  0.0
 3.20448716   4.07658248  0.0
 3.31493702   4.04081402  0.0
 3.41857384   4.00702397  0.0
 3.51533211   3.97534333  0.0
 3.53845714   3.96788829  0.0
 3.56112360   3.96062978  0.0
 3.58339700   3.95350230  0.0
 3.58339700   3.90769770  0.0
;;

# interior:
# ---------
 3.58279700   3.90846990  0.0
 3.58279700   3.95306432  0.0
 3.56094061   3.96005837  0.0
 3.53827415   3.96731688  0.0
 3.53827304   3.96731723  0.0
 3.51514801   3.97477227  0.0
 3.51514541   3.97477312  0.0
 3.41838750   4.00645364  0.0
 3.31475160   4.04024339  0.0
 3.20430257   4.07601159  0.0
 3.08697442   4.11388938  0.0
 3.08697265   4.11388996  0.0
 2.96276569   4.15441444  0.0
 2.96276356   4.15441514  0.0
 2.83174356   4.19770415  0.0
 2.83174160   4.19770480  0.0
 2.69390856   4.24377143  0.0
 2.69390712   4.24377192  0.0
 2.54919553   4.29254411  0.0
 2.54919379   4.29254470  0.0
 2.39760327   4.34415361  0.0
 2.23920024   4.39819931  0.0
 2.07391900   4.45449843  0.0
 1.90175963   4.51290029  0.0
 1.72711161   4.57176702  0.0
 1.55239900   4.62991285  0.0
 1.37768712   4.68706270  0.0
 1.20304157   4.74295451  0.0
 1.02833146   4.79733279  0.0
 0.85362263   4.84986335  0.0
 0.67898072   4.90002213  0.0
 0.50427465   4.94746855  0.0
 0.32957041   4.99175054  0.0
 0.15493322   5.03220008  0.0
-0.01976842   5.06862737  0.0
-0.19446883   5.10069836  0.0
-0.36910221   5.12808553  0.0
-0.54379966   5.15032392  0.0
-0.71849595   5.16715162  0.0
-0.89312421   5.17823456  0.0
-1.06781414   5.18252484  0.0
-1.24249965   5.17889620  0.0
-1.41541155   5.16602606  0.0
-1.57973931   5.14352842  0.0
-1.73482998   5.11238584  0.0
-1.88081504   5.07326001  0.0
-2.01756355   5.02720563  0.0
-2.14507533   4.97482560  0.0
-2.26341594   4.91689960  0.0
-2.37265018   4.85389345  0.0
-2.47258227   4.78620682  0.0
-2.56340907   4.71442942  0.0
-2.64499986   4.63896775  0.0
-2.71742122   4.56039778  0.0
-2.78060764   4.47959773  0.0
-2.83462461   4.39688303  0.0
-2.87947360   4.31245561  0.0
-2.91515279   4.22770936  0.0
-2.94159910   4.13722896  0.0
-2.95888366   4.03295198  0.0
-2.96700225   3.93058569  0.0
-2.96582454   3.89321299  0.0
-2.96412362   3.87093752  0.0
-2.95142064   3.77673903  0.0
-2.92955407   3.68110879  0.0
-2.89845742   3.59312817  0.0
-2.85819090   3.50547156  0.0
-2.80875535   3.41839952  0.0
-2.75014865   3.33198247  0.0
-2.68230495   3.24516087  0.0
-2.60529134   3.15899861  0.0
-2.51910789   3.07428867  0.0
-2.42368911   2.99195477  0.0
-2.31916598   2.91284857  0.0
-2.20534151   2.83776896  0.0
-2.08241248   2.76730580  0.0
-1.95024853   2.70257952  0.0
-1.80891498   2.64452012  0.0
-1.65841337   2.59430707  0.0
-1.49868009   2.55386619  0.0
-1.32978045   2.52569224  0.0
-1.15511758   2.51223397  0.0
-0.98051735   2.51388435  0.0
-0.80584595   2.52925569  0.0
-0.63116862   2.55670499  0.0
-0.45655122   2.59490991  0.0
-0.28186303   2.64248903  0.0
-0.10717095   2.69817827  0.0
 0.06745888   2.76126379  0.0
 0.24215770   2.83081580  0.0
 0.41685961   2.90577975  0.0
 0.59149949   2.98523238  0.0
 0.76620840   3.06772617  0.0
 0.94092030   3.15213422  0.0
 1.11556951   3.23719874  0.0
 1.29028468   3.32213245  0.0
 1.29028747   3.32213380  0.0
 1.46500264   3.40595385  0.0
 1.46500744   3.40595612  0.0
 1.63965710   3.48785018  0.0
 1.63966446   3.48785357  0.0
 1.81437963   3.56691758  0.0
 1.81438970   3.56692203  0.0
 1.98864630   3.64195719  0.0
 1.98865970   3.64196277  0.0
 2.15734795   3.70981147  0.0
 2.15736478   3.70981795  0.0
 2.31923999   3.76934033  0.0
 2.31925992   3.76934727  0.0
 2.47425658   3.82022888  0.0
 2.47428012   3.82023608  0.0
 2.62239823   3.86221489  0.0
 2.62242385   3.86222154  0.0
 2.76372892   3.89561199  0.0
 2.76375715   3.89561795  0.0
 2.89818367   3.92062966  0.0
 2.89821254   3.92063431  0.0
 3.02582602   3.93799446  0.0
 3.02585626   3.93799780  0.0
 3.14659119   3.94822391  0.0
 3.14662621   3.94822585  0.0
 3.26054810   3.95119345  0.0
 3.26058995   3.95119308  0.0
 3.36763329   3.94650911  0.0
 3.36768235   3.94650494  0.0
 3.46784714   3.93383531  0.0
 3.46789672   3.93382692  0.0
 3.56124847   3.91396428  0.0
 3.56127186   3.91395882  0.0
 3.58279700   3.90846990  0.0
;;

