# exterior:
# ---------
-0.75000000   2.58510212  0.0
-0.75000000   5.12255750  0.0
-0.72219880   5.12079307  0.0
-0.54896607   5.10410635  0.0
-0.37564173   5.08204275  0.0
-0.20227036   5.05485349  0.0
-0.02871355   5.02299245  0.0
 0.14493990   4.98678372  0.0
 0.31861047   4.94655807  0.0
 0.49246783   4.90249074  0.0
 0.66646843   4.85523590  0.0
 0.75000000   4.83124486  0.0
 0.75000000   3.11153792  0.0
 0.74616668   3.10968594  0.0
 0.57194333   3.02742142  0.0
 0.39806128   2.94831357  0.0
 0.22438658   2.87379039  0.0
 0.05095521   2.80474298  0.0
-0.12213746   2.74221277  0.0
-0.29504059   2.68709382  0.0
-0.46763759   2.64008427  0.0
-0.63975487   2.60242635  0.0
-0.75000000   2.58510212  0.0
;;

# interior:
# ---------
-0.74700000   2.58861036  0.0
-0.64030882   2.60537612  0.0
-0.46835284   2.64299875  0.0
-0.29589075   2.68997155  0.0
-0.12310304   2.74505370  0.0
 0.04989046   2.80754809  0.0
 0.22324006   2.87656294  0.0
 0.39684848   2.95105769  0.0
 0.57068164   3.03014330  0.0
 0.74487367   3.11239302  0.0
 0.74700000   3.11342031  0.0
 0.74700000   4.82898521  0.0
 0.66566119   4.85234647  0.0
 0.49170610   4.89958894  0.0
 0.31790337   4.94364243  0.0
 0.14429517   4.98385363  0.0
-0.02929065   5.02004826  0.0
-0.20277368   5.05189576  0.0
-0.37606363   5.07907225  0.0
-0.54929939   5.10112457  0.0
-0.72243770   5.11780220  0.0
-0.74700000   5.11936107  0.0
-0.74700000   2.58861036  0.0
;;

