# exterior:
# ---------
 0.83600000   4.84295982  0.0
 0.85037956   4.83882988  0.0
 1.02496690   4.78633584  0.0
 1.19958009   4.73198773  0.0
 1.37414681   4.67612115  0.0
 1.54879557   4.61899194  0.0
 1.72345930   4.56086239  0.0
 1.89807587   4.50200625  0.0
 2.07021782   4.44361031  0.0
 2.23548949   4.38731444  0.0
 2.39388977   4.33326968  0.0
 2.54548752   4.28165831  0.0
 2.54552267   4.28164640  0.0
 2.58339700   4.26888160  0.0
 2.58339700   4.21611823  0.0
 2.52955372   4.23426505  0.0
 2.52948108   4.23428959  0.0
 2.52944593   4.23430150  0.0
 2.52937332   4.23432616  0.0
 2.37774412   4.28594825  0.0
 2.21935581   4.33998892  0.0
 2.05412571   4.39627063  0.0
 1.88205951   4.45464088  0.0
 1.70757966   4.51345093  0.0
 1.53312852   4.57150974  0.0
 1.35875414   4.62854918  0.0
 1.18453015   4.68430609  0.0
 1.01033838   4.73852303  0.0
 0.83627926   4.79085824  0.0
 0.83600000   4.79093845  0.0
 0.83600000   4.84295982  0.0
;;

