# exterior:
# ---------
 3.57129700   3.92327041  0.0
 3.56411342   3.92510222  0.0
 3.56364177   3.92521249  0.0
 3.47029002   3.94507512  0.0
 3.46929026   3.94524440  0.0
 3.36912547   3.95791404  0.0
 3.36813602   3.95799812  0.0
 3.26109268   3.96268208  0.0
 3.26024863   3.96268955  0.0
 3.14632674   3.95972195  0.0
 3.14562063   3.95968288  0.0
 3.02488570   3.94945677  0.0
 3.02427588   3.94938951  0.0
 2.89666240   3.93202936  0.0
 2.89608005   3.93193563  0.0
 2.76165353   3.90692391  0.0
 2.76108430   3.90680377  0.0
 2.61977923   3.87341332  0.0
 2.61926247   3.87327911  0.0
 2.58339700   3.86311432  0.0
 2.58339700   3.87610665  0.0
 2.61585403   3.88530544  0.0
 2.61612019   3.88537771  0.0
 2.61663695   3.88551192  0.0
 2.61690464   3.88557830  0.0
 2.75820971   3.91896875  0.0
 2.75850299   3.91903434  0.0
 2.75907222   3.91915448  0.0
 2.75936699   3.91921300  0.0
 2.89379351   3.94422472  0.0
 2.89409372   3.94427680  0.0
 2.89467607   3.94437053  0.0
 2.89497745   3.94441527  0.0
 3.02259093   3.96177542  0.0
 3.02290548   3.96181416  0.0
 3.02351531   3.96188142  0.0
 3.02383074   3.96191217  0.0
 3.14456567   3.97213828  0.0
 3.14493010   3.97216379  0.0
 3.14563621   3.97220286  0.0
 3.14600123   3.97221771  0.0
 3.25992312   3.97518531  0.0
 3.26035917   3.97518906  0.0
 3.26120322   3.97518160  0.0
 3.26163913   3.97517013  0.0
 3.36868247   3.97048617  0.0
 3.36919444   3.97045323  0.0
 3.37018388   3.97036915  0.0
 3.37069407   3.97031523  0.0
 3.47085886   3.95764559  0.0
 3.47137710   3.95756898  0.0
 3.47237686   3.95739969  0.0
 3.47289144   3.95730143  0.0
 3.52651157   3.94589257  0.0
 3.50778411   3.95192992  0.0
 3.50775699   3.95193870  0.0
 3.50770452   3.95195575  0.0
 3.50767743   3.95196458  0.0
 3.41093371   3.98364045  0.0
 3.30733471   4.01741818  0.0
 3.19691880   4.05317565  0.0
 3.07960106   4.09105008  0.0
 3.07958261   4.09105606  0.0
 3.07954690   4.09106764  0.0
 3.07952846   4.09107365  0.0
 2.95532150   4.13159813  0.0
 2.95529934   4.13160539  0.0
 2.95525643   4.13161947  0.0
 2.95523428   4.13162677  0.0
 2.82421428   4.17491578  0.0
 2.82419387   4.17492254  0.0
 2.82415436   4.17493567  0.0
 2.82413396   4.17494247  0.0
 2.68630092   4.22100910  0.0
 2.68628595   4.22101411  0.0
 2.68625699   4.22102384  0.0
 2.68624203   4.22102887  0.0
 2.58339700   4.25569076  0.0
 2.58339700   4.26888160  0.0
 2.69023426   4.23287420  0.0
 2.69026323   4.23286448  0.0
 2.82809627   4.18679785  0.0
 2.82813578   4.18678472  0.0
 2.95915578   4.14349571  0.0
 2.95919868   4.14348163  0.0
 3.08340564   4.10295714  0.0
 3.08344135   4.10294555  0.0
 3.20076451   4.06506937  0.0
 3.31119767   4.02930631  0.0
 3.41481589   3.99552232  0.0
 3.51156700   3.96384403  0.0
 3.51161947   3.96382698  0.0
 3.53474450   3.95637194  0.0
 3.53476694   3.95636473  0.0
 3.55743340   3.94910623  0.0
 3.57129700   3.94466987  0.0
 3.57129700   3.92327041  0.0
;;

