# exterior:
# ---------
 2.69687500   0.02728577  0.0
 2.69508621   0.02712619  0.0
 2.69488169   0.02710416  0.0
 2.55493279   0.00941831  0.0
 2.55473328   0.00938944  0.0
 2.40857363  -0.01445393  0.0
 2.40839178  -0.01448668  0.0
 2.25608053  -0.04452305  0.0
 2.25592613  -0.04455577  0.0
 2.09858713  -0.08021730  0.0
 2.09847035  -0.08024509  0.0
 1.94071730  -0.11957393  0.0
 1.94063820  -0.11959426  0.0
 1.90103912  -0.13008222  0.0
 1.90103912  -0.06801346  0.0
 1.92527664  -0.06159407  0.0
 1.92569996  -0.06148360  0.0
 1.92577905  -0.06146327  0.0
 1.92620317  -0.06135589  0.0
 2.08395622  -0.02202705  0.0
 2.08458107  -0.02187483  0.0
 2.08469785  -0.02184704  0.0
 2.08532429  -0.02170152  0.0
 2.24266329   0.01396002  0.0
 2.24348915   0.01414109  0.0
 2.24364354   0.01417381  0.0
 2.24447187   0.01434323  0.0
 2.39678312   0.04437960  0.0
 2.39775588   0.04456311  0.0
 2.39793773   0.04459586  0.0
 2.39891338   0.04476330  0.0
 2.54507303   0.06860666  0.0
 2.54614047   0.06877095  0.0
 2.54633998   0.06879982  0.0
 2.54741021   0.06894486  0.0
 2.68735911   0.08663071  0.0
 2.68845365   0.08675883  0.0
 2.68865817   0.08678087  0.0
 2.68975488   0.08688887  0.0
 2.69687500   0.08752404  0.0
 2.69687500   0.02728577  0.0
;;

