# exterior:
# ---------
 2.69687500   0.02226591  0.0
 2.69553049   0.02214597  0.0
 2.69550857   0.02214361  0.0
 2.55555967   0.00445776  0.0
 2.55553830   0.00445467  0.0
 2.40937865  -0.01938870  0.0
 2.40935916  -0.01939221  0.0
 2.25704791  -0.04942858  0.0
 2.25703137  -0.04943208  0.0
 2.09969237  -0.08509362  0.0
 2.09967986  -0.08509659  0.0
 1.94192681  -0.12442543  0.0
 1.94191833  -0.12442761  0.0
 1.90103912  -0.13525462  0.0
 1.90103912  -0.13008222  0.0
 1.94063820  -0.11959426  0.0
 1.94067348  -0.11958505  0.0
 1.94068196  -0.11958287  0.0
 1.94071730  -0.11957393  0.0
 2.09847035  -0.08024509  0.0
 2.09852242  -0.08023241  0.0
 2.09853493  -0.08022943  0.0
 2.09858713  -0.08021730  0.0
 2.25592613  -0.04455577  0.0
 2.25599496  -0.04454068  0.0
 2.25601150  -0.04453717  0.0
 2.25608053  -0.04452305  0.0
 2.40839178  -0.01448668  0.0
 2.40847284  -0.01447139  0.0
 2.40849232  -0.01446788  0.0
 2.40857363  -0.01445393  0.0
 2.55473328   0.00938944  0.0
 2.55482223   0.00940313  0.0
 2.55484361   0.00940622  0.0
 2.55493279   0.00941831  0.0
 2.69488169   0.02710416  0.0
 2.69497290   0.02711483  0.0
 2.69499482   0.02711719  0.0
 2.69508621   0.02712619  0.0
 2.69687500   0.02728577  0.0
 2.69687500   0.02226591  0.0
;;

