# exterior:
# ---------
 3.44758308   0.02150326  0.0
 3.40544766   0.02601335  0.0
 3.40543311   0.02601473  0.0
 3.30257126   0.03449684  0.0
 3.30255397   0.03449801  0.0
 3.19354052   0.04032428  0.0
 3.19352051   0.04032502  0.0
 3.07829631   0.04263187  0.0
 3.07827492   0.04263192  0.0
 2.95689912   0.04073320  0.0
 2.95687725   0.04073246  0.0
 2.82929070   0.03407809  0.0
 2.82926864   0.03407653  0.0
 2.69687500   0.02226591  0.0
 2.69687500   0.02728577  0.0
 2.82882436   0.03905675  0.0
 2.82891623   0.03906409  0.0
 2.82893829   0.03906565  0.0
 2.82903027   0.03907130  0.0
 2.95661682   0.04572567  0.0
 2.95670791   0.04572959  0.0
 2.95672977   0.04573033  0.0
 2.95682091   0.04573259  0.0
 3.07819671   0.04763130  0.0
 3.07828585   0.04763190  0.0
 3.07830725   0.04763186  0.0
 3.07839639   0.04763087  0.0
 3.19362059   0.04532402  0.0
 3.19370400   0.04532165  0.0
 3.19372401   0.04532092  0.0
 3.19380737   0.04531716  0.0
 3.30282082   0.03949088  0.0
 3.30289289   0.03948651  0.0
 3.30291017   0.03948534  0.0
 3.30298217   0.03947992  0.0
 3.40584402   0.03099781  0.0
 3.40590467   0.03099244  0.0
 3.40591922   0.03099106  0.0
 3.40597981   0.03098495  0.0
 3.44758308   0.02653182  0.0
 3.44758308   0.02150326  0.0
;;

