# exterior:
# ---------
-0.75000000   0.74562910  0.0
-0.66044200   0.76022298  0.0
-0.50271000   0.78024259  0.0
-0.34497802   0.79460820  0.0
-0.18730543   0.80340262  0.0
-0.02957416   0.80650757  0.0
 0.12815759   0.80384617  0.0
 0.28583156   0.79574365  0.0
 0.44356627   0.78256065  0.0
 0.60130245   0.76471109  0.0
 0.75000000   0.74376180  0.0
 0.75000000   0.73871242  0.0
 0.60067246   0.75975046  0.0
 0.44307684   0.77758412  0.0
 0.28549495   0.79075435  0.0
 0.12798706   0.79884834  0.0
-0.02956713   0.80150674  0.0
-0.18711694   0.79840536  0.0
-0.34461193   0.78962085  0.0
-0.50216830   0.77527123  0.0
-0.65972491   0.75527388  0.0
-0.75000000   0.74056315  0.0
-0.75000000   0.74562910  0.0
;;

