# exterior:
# ---------
 2.69687500   0.02166353  0.0
 2.69558380   0.02154834  0.0
 2.55563490   0.00386250  0.0
 2.40947525  -0.01998087  0.0
 2.25716400  -0.05001724  0.0
 2.09982500  -0.08567877  0.0
 1.94207195  -0.12500761  0.0
 1.90103912  -0.13587531  0.0
 1.90103912  -0.13525462  0.0
 1.94191833  -0.12442761  0.0
 1.94192681  -0.12442543  0.0
 2.09967986  -0.08509659  0.0
 2.09969237  -0.08509362  0.0
 2.25703137  -0.04943208  0.0
 2.25704791  -0.04942858  0.0
 2.40935916  -0.01939221  0.0
 2.40937865  -0.01938870  0.0
 2.55553830   0.00445467  0.0
 2.55555967   0.00445776  0.0
 2.69550857   0.02214361  0.0
 2.69553049   0.02214597  0.0
 2.69687500   0.02226591  0.0
 2.69687500   0.02166353  0.0
;;

