# exterior:
# ---------
 1.81503912  -0.15803204  0.0
 1.78422443  -0.16619342  0.0
 1.78421973  -0.16619469  0.0
 1.62646668  -0.20935053  0.0
 1.62646565  -0.20935081  0.0
 1.46871385  -0.25280797  0.0
 1.31101788  -0.29551915  0.0
 1.15327699  -0.33672732  0.0
 0.99553222  -0.37582933  0.0
 0.83784860  -0.41226336  0.0
 0.83600000  -0.41265318  0.0
 0.83600000  -0.40754322  0.0
 0.83676984  -0.40738088  0.0
 0.99436783  -0.37096664  0.0
 1.15204355  -0.33188174  0.0
 1.30973239  -0.29068717  0.0
 1.46739631  -0.24798467  0.0
 1.62514201  -0.20452920  0.0
 1.62514733  -0.20452774  0.0
 1.78290038  -0.16137190  0.0
 1.78291998  -0.16136658  0.0
 1.78292468  -0.16136531  0.0
 1.78294430  -0.16136007  0.0
 1.81503912  -0.15285964  0.0
 1.81503912  -0.15803204  0.0
;;

