# exterior:
# ---------
 3.69627500  -0.01185758  0.0
 3.67686066  -0.00868847  0.0
 3.67685327  -0.00868731  0.0
 3.59256452   0.00399445  0.0
 3.59255204   0.00399619  0.0
 3.50211169   0.01566649  0.0
 3.50209876   0.01566801  0.0
 3.40544766   0.02601335  0.0
 3.40543311   0.02601473  0.0
 3.30257126   0.03449684  0.0
 3.30255397   0.03449801  0.0
 3.19354052   0.04032428  0.0
 3.19352051   0.04032502  0.0
 3.07829631   0.04263187  0.0
 3.07827492   0.04263192  0.0
 2.95689912   0.04073320  0.0
 2.95687725   0.04073246  0.0
 2.82929070   0.03407809  0.0
 2.82926864   0.03407653  0.0
 2.69553049   0.02214597  0.0
 2.69550857   0.02214361  0.0
 2.55555967   0.00445776  0.0
 2.55553830   0.00445467  0.0
 2.40937865  -0.01938870  0.0
 2.40935916  -0.01939221  0.0
 2.25704791  -0.04942858  0.0
 2.25703137  -0.04943208  0.0
 2.09969237  -0.08509362  0.0
 2.09967986  -0.08509659  0.0
 1.94192681  -0.12442543  0.0
 1.94191833  -0.12442761  0.0
 1.78422443  -0.16619342  0.0
 1.78421973  -0.16619469  0.0
 1.62646668  -0.20935053  0.0
 1.62646565  -0.20935081  0.0
 1.46871385  -0.25280797  0.0
 1.31101788  -0.29551915  0.0
 1.15327699  -0.33672732  0.0
 0.99553222  -0.37582933  0.0
 0.83784860  -0.41226336  0.0
 0.68010778  -0.44552674  0.0
 0.52236880  -0.47511093  0.0
 0.36469037  -0.50057842  0.0
 0.20695340  -0.52170465  0.0
 0.04921640  -0.53850154  0.0
-0.10846111  -0.55103412  0.0
-0.26619681  -0.55913086  0.0
-0.42393133  -0.56250793  0.0
-0.58160584  -0.56085785  0.0
-0.73933899  -0.55403280  0.0
-0.89186682  -0.54228715  0.0
-1.03611371  -0.52633069  0.0
-1.17202030  -0.50665440  0.0
-1.29964589  -0.48370781  0.0
-1.41899051  -0.45803512  0.0
-1.52999469  -0.43012144  0.0
-1.63277680  -0.40035721  0.0
-1.72715907  -0.36931041  0.0
-1.81331772  -0.33727145  0.0
-1.89113285  -0.30444246  0.0
-1.96066252  -0.27076550  0.0
-2.02190661  -0.23626545  0.0
-2.07480767  -0.20114387  0.0
-2.11942635  -0.16610491  0.0
-2.15575810  -0.13200624  0.0
-2.18379774  -0.09852986  0.0
-2.20349539  -0.06443052  0.0
-2.21493677  -0.02858478  0.0
-2.21646292  -0.01884089  0.0
-2.21752293  -0.00001982  0.0
-2.21020362   0.05963257  0.0
-2.19463306   0.10092996  0.0
-2.17078628   0.14018270  0.0
-2.13859572   0.18001629  0.0
-2.09811961   0.22007288  0.0
-2.04935418   0.26081713  0.0
-1.99230198   0.30289978  0.0
-1.92690801   0.34592617  0.0
-1.85323175   0.38929819  0.0
-1.77121391   0.43269610  0.0
-1.68097307   0.47568172  0.0
-1.58233198   0.51799449  0.0
-1.47546837   0.55919642  0.0
-1.36032324   0.59892060  0.0
-1.23683762   0.63681791  0.0
-1.10501183   0.67244458  0.0
-0.96496439   0.70526820  0.0
-0.81657725   0.73478003  0.0
-0.66044200   0.76022298  0.0
-0.50271000   0.78024259  0.0
-0.34497802   0.79460820  0.0
-0.18730543   0.80340262  0.0
-0.02957416   0.80650757  0.0
 0.12815759   0.80384617  0.0
 0.28583156   0.79574365  0.0
 0.44356627   0.78256065  0.0
 0.60130245   0.76471109  0.0
 0.75898153   0.74249643  0.0
 0.91671667   0.71662619  0.0
 1.07446572   0.68783969  0.0
 1.23215122   0.65650961  0.0
 1.38989710   0.62304406  0.0
 1.54764411   0.58767371  0.0
 1.70533325   0.55080663  0.0
 1.86308243   0.51272680  0.0
 2.02083246   0.47362939  0.0
 2.17852377   0.43382801  0.0
 2.33396729   0.39383147  0.0
 2.48320027   0.35469257  0.0
 2.62622291   0.31659460  0.0
 2.76309438   0.27965587  0.0
 2.89375560   0.24405970  0.0
 3.01820604   0.20995413  0.0
 3.13650447   0.17721504  0.0
 3.24865117   0.14582461  0.0
 3.35458666   0.11583617  0.0
 3.45431032   0.08711387  0.0
 3.54788109   0.05948624  0.0
 3.63523816   0.03282961  0.0
 3.65610891   0.02607175  0.0
 3.67656731   0.01910052  0.0
 3.69627500   0.01213907  0.0
 3.69627500  -0.01185758  0.0
;;

# interior:
# ---------
 3.69127500  -0.00597522  0.0
 3.69127500   0.00860247  0.0
 3.67492824   0.01437673  0.0
 3.65453234   0.02132666  0.0
 3.63373828   0.02805969  0.0
 3.54644347   0.05469732  0.0
 3.45291045   0.08231380  0.0
 3.35321378   0.11102833  0.0
 3.24729636   0.14101166  0.0
 3.13516379   0.17239813  0.0
 3.01687847   0.20513359  0.0
 2.89243771   0.23923651  0.0
 2.76178585   0.27483012  0.0
 2.62492801   0.31176518  0.0
 2.48192255   0.34985857  0.0
 2.33271009   0.38899210  0.0
 2.17728898   0.42898287  0.0
 2.01961923   0.46877881  0.0
 1.86189437   0.50786997  0.0
 1.70417746   0.54594202  0.0
 1.54652797   0.58279983  0.0
 1.38883127   0.61815890  0.0
 1.23114516   0.65161176  0.0
 1.07352968   0.68292794  0.0
 0.91586318   0.71169937  0.0
 0.75822805   0.73755321  0.0
 0.60067246   0.75975046  0.0
 0.44307684   0.77758412  0.0
 0.28549495   0.79075435  0.0
 0.12798706   0.79884834  0.0
-0.02956713   0.80150674  0.0
-0.18711694   0.79840536  0.0
-0.34461193   0.78962085  0.0
-0.50216830   0.77527123  0.0
-0.65972491   0.75527388  0.0
-0.81568724   0.72985912  0.0
-0.96390595   0.70038078  0.0
-1.10378877   0.66759575  0.0
-1.23545150   0.63201314  0.0
-1.35877398   0.59416590  0.0
-1.47375314   0.55449897  0.0
-1.58044642   0.51336272  0.0
-1.67891162   0.47112540  0.0
-1.76896857   0.42822737  0.0
-1.85079300   0.38493180  0.0
-1.92426397   0.34168063  0.0
-1.98944179   0.29879646  0.0
-2.04626442   0.25688315  0.0
-2.09475219   0.21637088  0.0
-2.13488133   0.17665767  0.0
-2.16668692   0.13730044  0.0
-2.19011851   0.09873111  0.0
-2.20531379   0.05842910  0.0
-2.21250571  -0.00018502  0.0
-2.21148478  -0.01831217  0.0
-2.21005653  -0.02743096  0.0
-2.19889610  -0.06239647  0.0
-2.17968559  -0.09565251  0.0
-2.15211765  -0.12856573  0.0
-2.11616514  -0.16230848  0.0
-2.07187621  -0.19708849  0.0
-2.01929334  -0.23199881  0.0
-1.95834350  -0.26633310  0.0
-1.88906991  -0.29988602  0.0
-1.81147374  -0.33262265  0.0
-1.72550593  -0.36459064  0.0
-1.63129974  -0.39557951  0.0
-1.52868920  -0.42529406  0.0
-1.41785473  -0.45316506  0.0
-1.29867745  -0.47880176  0.0
-1.17121946  -0.50171821  0.0
-1.03548045  -0.52137024  0.0
-0.89139987  -0.53730831  0.0
-0.73903888  -0.54904111  0.0
-0.58147157  -0.55585898  0.0
-0.42395869  -0.55750737  0.0
-0.26637852  -0.55413361  0.0
-0.10878741  -0.54604429  0.0
 0.04875352  -0.53352256  0.0
 0.20635670  -0.51673992  0.0
 0.36395975  -0.49563163  0.0
 0.52150919  -0.47018497  0.0
 0.67913098  -0.44062276  0.0
 0.83676984  -0.40738088  0.0
 0.99436783  -0.37096664  0.0
 1.15204355  -0.33188174  0.0
 1.30973239  -0.29068717  0.0
 1.46739631  -0.24798467  0.0
 1.62514201  -0.20452920  0.0
 1.62514733  -0.20452774  0.0
 1.78290038  -0.16137190  0.0
 1.78291998  -0.16136658  0.0
 1.78292468  -0.16136531  0.0
 1.78294430  -0.16136007  0.0
 1.94063820  -0.11959426  0.0
 1.94067348  -0.11958505  0.0
 1.94068196  -0.11958287  0.0
 1.94071730  -0.11957393  0.0
 2.09847035  -0.08024509  0.0
 2.09852242  -0.08023241  0.0
 2.09853493  -0.08022943  0.0
 2.09858713  -0.08021730  0.0
 2.25592613  -0.04455577  0.0
 2.25599496  -0.04454068  0.0
 2.25601150  -0.04453717  0.0
 2.25608053  -0.04452305  0.0
 2.40839178  -0.01448668  0.0
 2.40847284  -0.01447139  0.0
 2.40849232  -0.01446788  0.0
 2.40857363  -0.01445393  0.0
 2.55473328   0.00938944  0.0
 2.55482223   0.00940313  0.0
 2.55484361   0.00940622  0.0
 2.55493279   0.00941831  0.0
 2.69488169   0.02710416  0.0
 2.69497290   0.02711483  0.0
 2.69499482   0.02711719  0.0
 2.69508621   0.02712619  0.0
 2.82882436   0.03905675  0.0
 2.82891623   0.03906409  0.0
 2.82893829   0.03906565  0.0
 2.82903027   0.03907130  0.0
 2.95661682   0.04572567  0.0
 2.95670791   0.04572959  0.0
 2.95672977   0.04573033  0.0
 2.95682091   0.04573259  0.0
 3.07819671   0.04763130  0.0
 3.07828585   0.04763190  0.0
 3.07830725   0.04763186  0.0
 3.07839639   0.04763087  0.0
 3.19362059   0.04532402  0.0
 3.19370400   0.04532165  0.0
 3.19372401   0.04532092  0.0
 3.19380737   0.04531716  0.0
 3.30282082   0.03949088  0.0
 3.30289289   0.03948651  0.0
 3.30291017   0.03948534  0.0
 3.30298217   0.03947992  0.0
 3.40584402   0.03099781  0.0
 3.40590467   0.03099244  0.0
 3.40591922   0.03099106  0.0
 3.40597981   0.03098495  0.0
 3.50263091   0.02063961  0.0
 3.50268481   0.02063355  0.0
 3.50269774   0.02063202  0.0
 3.50275157   0.02062537  0.0
 3.59319192   0.00895508  0.0
 3.59324397   0.00894808  0.0
 3.59325645   0.00894634  0.0
 3.59330843   0.00893880  0.0
 3.67759718  -0.00374296  0.0
 3.67762800  -0.00374770  0.0
 3.67763539  -0.00374886  0.0
 3.67766618  -0.00375378  0.0
 3.69127500  -0.00597522  0.0
;;

