# exterior:
# ---------
 0.75000000  -0.43078831  0.0
 0.68010778  -0.44552674  0.0
 0.52236880  -0.47511093  0.0
 0.36469037  -0.50057842  0.0
 0.20695340  -0.52170465  0.0
 0.04921640  -0.53850154  0.0
-0.10846111  -0.55103412  0.0
-0.26619681  -0.55913086  0.0
-0.42393133  -0.56250793  0.0
-0.58160584  -0.56085785  0.0
-0.73933899  -0.55403280  0.0
-0.75000000  -0.55321183  0.0
-0.75000000  -0.54819703  0.0
-0.73903888  -0.54904111  0.0
-0.58147157  -0.55585898  0.0
-0.42395869  -0.55750737  0.0
-0.26637852  -0.55413361  0.0
-0.10878741  -0.54604429  0.0
 0.04875352  -0.53352256  0.0
 0.20635670  -0.51673992  0.0
 0.36395975  -0.49563163  0.0
 0.52150919  -0.47018497  0.0
 0.67913098  -0.44062276  0.0
 0.75000000  -0.42567835  0.0
 0.75000000  -0.43078831  0.0
;;

