# exterior:
# ---------
 3.44758308   0.04463464  0.0
 3.40789555   0.04888271  0.0
 3.40783498   0.04888901  0.0
 3.40773805   0.04889879  0.0
 3.40767744   0.04890471  0.0
 3.40754166   0.04891758  0.0
 3.40748102   0.04892314  0.0
 3.40738397   0.04893173  0.0
 3.40732330   0.04893692  0.0
 3.30446145   0.05741903  0.0
 3.30438947   0.05742471  0.0
 3.30427428   0.05743337  0.0
 3.30420226   0.05743852  0.0
 3.30404091   0.05744949  0.0
 3.30396886   0.05745412  0.0
 3.30385355   0.05746112  0.0
 3.30378147   0.05746523  0.0
 3.19476802   0.06329151  0.0
 3.19468467   0.06329561  0.0
 3.19455130   0.06330162  0.0
 3.19446793   0.06330503  0.0
 3.19428116   0.06331189  0.0
 3.19419776   0.06331461  0.0
 3.19406431   0.06331839  0.0
 3.19398089   0.06332041  0.0
 3.07875669   0.06562726  0.0
 3.07866755   0.06562865  0.0
 3.07852492   0.06563023  0.0
 3.07843578   0.06563082  0.0
 3.07823609   0.06563126  0.0
 3.07814694   0.06563106  0.0
 3.07800431   0.06563010  0.0
 3.07791516   0.06562910  0.0
 2.95653936   0.06373039  0.0
 2.95644822   0.06372855  0.0
 2.95630240   0.06372494  0.0
 2.95621127   0.06372226  0.0
 2.95600719   0.06371535  0.0
 2.95591609   0.06371184  0.0
 2.95577036   0.06370558  0.0
 2.95567929   0.06370124  0.0
 2.82809274   0.05704687  0.0
 2.82800073   0.05704164  0.0
 2.82785355   0.05703261  0.0
 2.82776159   0.05702653  0.0
 2.82755568   0.05701198  0.0
 2.82746378   0.05700506  0.0
 2.82731679   0.05699332  0.0
 2.82722496   0.05698555  0.0
 2.69687500   0.04535725  0.0
 2.70187500   0.05082315  0.0
 2.82678068   0.06196577  0.0
 2.82680364   0.06196777  0.0
 2.82689547   0.06197553  0.0
 2.82691843   0.06197742  0.0
 2.82706542   0.06198917  0.0
 2.82708839   0.06199095  0.0
 2.82718029   0.06199787  0.0
 2.82720327   0.06199955  0.0
 2.82740918   0.06201410  0.0
 2.82743217   0.06201567  0.0
 2.82752413   0.06202174  0.0
 2.82754712   0.06202321  0.0
 2.82769430   0.06203224  0.0
 2.82771730   0.06203360  0.0
 2.82780931   0.06203883  0.0
 2.82783232   0.06204008  0.0
 2.95541887   0.06869445  0.0
 2.95544163   0.06869559  0.0
 2.95553270   0.06869992  0.0
 2.95555546   0.06870095  0.0
 2.95570119   0.06870722  0.0
 2.95572397   0.06870815  0.0
 2.95581507   0.06871165  0.0
 2.95583784   0.06871248  0.0
 2.95604193   0.06871939  0.0
 2.95606471   0.06872011  0.0
 2.95615583   0.06872279  0.0
 2.95617862   0.06872340  0.0
 2.95632444   0.06872701  0.0
 2.95634722   0.06872753  0.0
 2.95643837   0.06872937  0.0
 2.95646116   0.06872978  0.0
 3.07783696   0.07062849  0.0
 3.07785924   0.07062879  0.0
 3.07794839   0.07062979  0.0
 3.07797067   0.07062999  0.0
 3.07811331   0.07063095  0.0
 3.07813559   0.07063105  0.0
 3.07822474   0.07063125  0.0
 3.07824703   0.07063125  0.0
 3.07844671   0.07063081  0.0
 3.07846900   0.07063071  0.0
 3.07855815   0.07063012  0.0
 3.07858044   0.07062992  0.0
 3.07872306   0.07062834  0.0
 3.07874535   0.07062804  0.0
 3.07883449   0.07062666  0.0
 3.07885677   0.07062626  0.0
 3.19408097   0.06831941  0.0
 3.19410183   0.06831895  0.0
 3.19418525   0.06831693  0.0
 3.19420610   0.06831638  0.0
 3.19433955   0.06831260  0.0
 3.19436040   0.06831196  0.0
 3.19444380   0.06830925  0.0
 3.19446465   0.06830853  0.0
 3.19465142   0.06830167  0.0
 3.19467227   0.06830086  0.0
 3.19475564   0.06829745  0.0
 3.19477648   0.06829655  0.0
 3.19490985   0.06829054  0.0
 3.19493069   0.06828956  0.0
 3.19501403   0.06828545  0.0
 3.19503486   0.06828438  0.0
 3.30404831   0.06245811  0.0
 3.30406633   0.06245711  0.0
 3.30413842   0.06245300  0.0
 3.30415644   0.06245194  0.0
 3.30427175   0.06244494  0.0
 3.30428976   0.06244381  0.0
 3.30436181   0.06243918  0.0
 3.30437982   0.06243799  0.0
 3.30454118   0.06242702  0.0
 3.30455918   0.06242577  0.0
 3.30463120   0.06242061  0.0
 3.30464920   0.06241929  0.0
 3.30476440   0.06241063  0.0
 3.30478239   0.06240925  0.0
 3.30485437   0.06240357  0.0
 3.30487236   0.06240212  0.0
 3.40773421   0.05392001  0.0
 3.40774938   0.05391874  0.0
 3.40781005   0.05391355  0.0
 3.40782522   0.05391223  0.0
 3.40792227   0.05390363  0.0
 3.40793743   0.05390226  0.0
 3.40799806   0.05389670  0.0
 3.40801322   0.05389529  0.0
 3.40814901   0.05388243  0.0
 3.40816416   0.05388097  0.0
 3.40822477   0.05387504  0.0
 3.40823991   0.05387354  0.0
 3.40833685   0.05386376  0.0
 3.40835199   0.05386221  0.0
 3.40841256   0.05385591  0.0
 3.40842770   0.05385431  0.0
 3.44758308   0.04966320  0.0
 3.44758308   0.04463464  0.0
;;

