# exterior:
# ---------
-0.74500000   0.63296658  0.0
-0.64437930   0.64936318  0.0
-0.49057590   0.66888416  0.0
-0.33677762   0.68289151  0.0
-0.18308328   0.69146403  0.0
-0.02941670   0.69448897  0.0
 0.12433778   0.69189468  0.0
 0.27829164   0.68398333  0.0
 0.43260304   0.67108643  0.0
 0.58719058   0.65359318  0.0
 0.74210345   0.63176824  0.0
 0.74500000   0.63129318  0.0
 0.74500000   0.63127757  0.0
 0.74000000   0.62701521  0.0
 0.74000000   0.62701521  0.0
 0.58656059   0.64863256  0.0
 0.43211361   0.66610991  0.0
 0.27795504   0.67899403  0.0
 0.12416725   0.68689685  0.0
-0.02940967   0.68948814  0.0
-0.18289479   0.68646678  0.0
-0.33641153   0.67790416  0.0
-0.49003420   0.66391280  0.0
-0.64366221   0.64441408  0.0
-0.74000000   0.62871540  0.0
-0.74000000   0.62871540  0.0
-0.74500000   0.63296658  0.0
-0.74500000   0.63296658  0.0
;;

