# exterior:
# ---------
-0.74500000   0.63296658  0.0
-0.64437930   0.64936318  0.0
-0.49057590   0.66888416  0.0
-0.33677762   0.68289151  0.0
-0.18308328   0.69146403  0.0
-0.02941670   0.69448897  0.0
 0.12433778   0.69189468  0.0
 0.27829164   0.68398333  0.0
 0.43260304   0.67108643  0.0
 0.58719058   0.65359318  0.0
 0.74210345   0.63176824  0.0
 0.74500000   0.63129318  0.0
 0.74500000  -0.31737957  0.0
 0.65822732  -0.33567764  0.0
 0.50311368  -0.36476945  0.0
 0.34832437  -0.38977030  0.0
 0.19358734  -0.41049474  0.0
 0.03884780  -0.42697244  0.0
-0.11577032  -0.43926185  0.0
-0.27026715  -0.44719234  0.0
-0.42454415  -0.45049539  0.0
-0.57859818  -0.44888319  0.0
-0.73261662  -0.44221888  0.0
-0.74500000  -0.44126528  0.0
-0.74500000   0.63296658  0.0
;;

# interior:
# ---------
-0.74000000   0.62871540  0.0
-0.74000000  -0.43663551  0.0
-0.73231651  -0.43722719  0.0
-0.57846391  -0.44388432  0.0
-0.42457151  -0.44549483  0.0
-0.27044886  -0.44219509  0.0
-0.11609663  -0.43427202  0.0
 0.03838491  -0.42199346  0.0
 0.19299064  -0.40553001  0.0
 0.34759374  -0.38482351  0.0
 0.50225408  -0.35984349  0.0
 0.65725052  -0.33077367  0.0
 0.74000000  -0.31332398  0.0
 0.74000000   0.62701521  0.0
 0.58656059   0.64863256  0.0
 0.43211361   0.66610991  0.0
 0.27795504   0.67899403  0.0
 0.12416725   0.68689685  0.0
-0.02940967   0.68948814  0.0
-0.18289479   0.68646678  0.0
-0.33641153   0.67790416  0.0
-0.49003420   0.66391280  0.0
-0.64366221   0.64441408  0.0
-0.74000000   0.62871540  0.0
;;

