# exterior:
# ---------
 2.70187500   0.26717592  0.0
 2.75576665   0.25263170  0.0
 2.88637542   0.21704983  0.0
 3.01077163   0.18295912  0.0
 3.12899668   0.15024033  0.0
 3.24106422   0.11887206  0.0
 3.34689856   0.08891226  0.0
 3.44647104   0.06023349  0.0
 3.44758308   0.05990515  0.0
 3.44758308   0.05469176  0.0
 3.44507117   0.05543343  0.0
 3.34552569   0.08410442  0.0
 3.23970941   0.11405911  0.0
 3.12765601   0.14542342  0.0
 3.00944406   0.17813858  0.0
 2.88505753   0.21222663  0.0
 2.75445813   0.24780596  0.0
 2.70687500   0.26064764  0.0
 2.70187500   0.26717592  0.0
;;

