# exterior:
# ---------
 0.84100000   0.65810930  0.0
 0.90476787   0.64765069  0.0
 1.06136106   0.61907512  0.0
 1.21806637   0.58793978  0.0
 1.37497543   0.55465176  0.0
 1.53201817   0.51943933  0.0
 1.68915214   0.48270204  0.0
 1.81003912   0.45352055  0.0
 1.80503912   0.44958391  0.0
 1.80503912   0.44958391  0.0
 1.68799635   0.47783743  0.0
 1.53090203   0.51456544  0.0
 1.37390960   0.54976660  0.0
 1.21706031   0.58304194  0.0
 1.06042501   0.61416336  0.0
 0.90391439   0.64272386  0.0
 0.84600000   0.65222244  0.0
 0.84100000   0.65810930  0.0
;;

