# exterior:
# ---------
 0.83600000  -0.34597795  0.0
 0.83600000   0.66399615  0.0
 0.90562136   0.65257751  0.0
 1.06229710   0.62398687  0.0
 1.21907243   0.59283763  0.0
 1.37604126   0.55953693  0.0
 1.53313431   0.52431321  0.0
 1.69030793   0.48756666  0.0
 1.81503912   0.45745719  0.0
 1.81503912  -0.09079088  0.0
 1.76758274  -0.10335988  0.0
 1.76734729  -0.10342275  0.0
 1.76730336  -0.10343458  0.0
 1.76706817  -0.10349841  0.0
 1.60931512  -0.14665425  0.0
 1.60925407  -0.14667098  0.0
 1.45158591  -0.19010508  0.0
 1.29430659  -0.23270340  0.0
 1.13724225  -0.27373483  0.0
 0.98039516  -0.31261433  0.0
 0.83600000  -0.34597795  0.0
;;

# interior:
# ---------
 0.84100000  -0.33969093  0.0
 0.97923077  -0.30775163  0.0
 1.13600881  -0.26888926  0.0
 1.29302110  -0.22787142  0.0
 1.45026838  -0.18528178  0.0
 1.60792614  -0.14185054  0.0
 1.60793223  -0.14184887  0.0
 1.60799329  -0.14183213  0.0
 1.76574882  -0.09867562  0.0
 1.76575861  -0.09867295  0.0
 1.76599381  -0.09860912  0.0
 1.76600361  -0.09860647  0.0
 1.76604754  -0.09859464  0.0
 1.76605734  -0.09859201  0.0
 1.76629279  -0.09852914  0.0
 1.76630261  -0.09852653  0.0
 1.81003912  -0.08694275  0.0
 1.81003912   0.45352055  0.0
 1.68915214   0.48270204  0.0
 1.53201817   0.51943933  0.0
 1.37497543   0.55465176  0.0
 1.21806637   0.58793978  0.0
 1.06136106   0.61907512  0.0
 0.90476787   0.64765069  0.0
 0.84100000   0.65810930  0.0
 0.84100000  -0.33969093  0.0
;;

