# exterior:
# ---------
 1.90603912   0.42996234  0.0
 2.00384719   0.40572120  0.0
 2.16123666   0.36599600  0.0
 2.31636651   0.32608017  0.0
 2.46531210   0.28701664  0.0
 2.60809432   0.24898271  0.0
 2.69557222   0.22537427  0.0
 2.69604362   0.22527116  0.0
 2.69652277   0.22521398  0.0
 2.69687500   0.22520615  0.0
 2.69687500   0.22020491  0.0
 2.69641162   0.22021522  0.0
 2.69593027   0.22024921  0.0
 2.69545112   0.22030639  0.0
 2.69497529   0.22038663  0.0
 2.69450389   0.22048973  0.0
 2.69426943   0.22054697  0.0
 2.60679942   0.24415329  0.0
 2.46403437   0.28218264  0.0
 2.31510931   0.32124079  0.0
 2.16000187   0.36115086  0.0
 2.00263396   0.40087061  0.0
 1.91103912   0.42357185  0.0
 1.90603912   0.42996234  0.0
;;

