# exterior:
# ---------
-0.83600000  -0.48139683  0.0
-0.88579648  -0.47756217  0.0
-1.02788132  -0.46184487  0.0
-1.16160938  -0.44248398  0.0
-1.28705624  -0.41992912  0.0
-1.40422540  -0.39472440  0.0
-1.51302336  -0.36736551  0.0
-1.61357504  -0.33824718  0.0
-1.70566816  -0.30795339  0.0
-1.78934591  -0.27683698  0.0
-1.86431467  -0.24520883  0.0
-1.93051529  -0.21314431  0.0
-1.98793407  -0.18079913  0.0
-2.03669863  -0.14842382  0.0
-2.07703057  -0.11675123  0.0
-2.10843231  -0.08727955  0.0
-2.13033980  -0.06112431  0.0
-2.14370473  -0.03798779  0.0
-2.15149366  -0.01358515  0.0
-2.15174703  -0.01196746  0.0
-2.15229897  -0.00216739  0.0
-2.14663581   0.04398741  0.0
-2.13594403   0.07234491  0.0
-2.11749462   0.10271338  0.0
-2.09030865   0.13635415  0.0
-2.05434310   0.17194691  0.0
-2.00918725   0.20967531  0.0
-1.95511949   0.24955658  0.0
-1.89253544   0.29073418  0.0
-1.82152797   0.33253512  0.0
-1.74202448   0.37460261  0.0
-1.65417411   0.41644955  0.0
-1.55781972   0.45778143  0.0
-1.45317035   0.49812964  0.0
-1.34018285   0.53710946  0.0
-1.21881814   0.57435587  0.0
-1.08911197   0.60940970  0.0
-0.95120465   0.64173173  0.0
-0.83600000   0.66464409  0.0
-0.84100000   0.65855175  0.0
-0.95014621   0.63684431  0.0
-1.08788891   0.60456086  0.0
-1.21743203   0.56955109  0.0
-1.33863359   0.53235475  0.0
-1.45145511   0.49343220  0.0
-1.55593416   0.45314965  0.0
-1.65211266   0.41189323  0.0
-1.73977914   0.37013388  0.0
-1.81908922   0.32816873  0.0
-1.88989139   0.28648864  0.0
-1.95225930   0.24545326  0.0
-2.00609749   0.20574132  0.0
-2.05097568   0.16824492  0.0
-2.08659426   0.13299552  0.0
-2.11339526   0.09983113  0.0
-2.13142949   0.07014606  0.0
-2.14174598   0.04278393  0.0
-2.14728175  -0.00233258  0.0
-2.14676888  -0.01143874  0.0
-2.14661342  -0.01243133  0.0
-2.13910545  -0.03595373  0.0
-2.12622765  -0.05824696  0.0
-2.10479187  -0.08383903  0.0
-2.07376935  -0.11295480  0.0
-2.03376716  -0.14436844  0.0
-1.98532080  -0.17653249  0.0
-1.92819627  -0.20871191  0.0
-1.86225173  -0.24065239  0.0
-1.78750193  -0.27218817  0.0
-1.70401501  -0.30323362  0.0
-1.61209798  -0.33346948  0.0
-1.51171788  -0.36253813  0.0
-1.40308963  -0.38985434  0.0
-1.28608781  -0.41502307  0.0
-1.16080854  -0.43754780  0.0
-1.02724806  -0.45688442  0.0
-0.88532953  -0.47258332  0.0
-0.84100000  -0.47599699  0.0
-0.83600000  -0.48139683  0.0
;;

