# exterior:
# ---------
 0.75000000  -0.42567835  0.0
 0.67913098  -0.44062276  0.0
 0.52150919  -0.47018497  0.0
 0.36395975  -0.49563163  0.0
 0.20635670  -0.51673992  0.0
 0.04875352  -0.53352256  0.0
-0.10878741  -0.54604429  0.0
-0.26637852  -0.55413361  0.0
-0.42395869  -0.55750737  0.0
-0.58147157  -0.55585898  0.0
-0.73903888  -0.54904111  0.0
-0.75000000  -0.54819703  0.0
-0.75000000  -0.44589505  0.0
-0.73291672  -0.44721057  0.0
-0.57873245  -0.45388206  0.0
-0.42451679  -0.45549595  0.0
-0.27008544  -0.45218960  0.0
-0.11544402  -0.44425169  0.0
 0.03931068  -0.43195142  0.0
 0.19418404  -0.41545947  0.0
 0.34905499  -0.39471709  0.0
 0.50397329  -0.36969541  0.0
 0.65920413  -0.34058162  0.0
 0.75000000  -0.32143517  0.0
 0.75000000  -0.42567835  0.0
;;

