# exterior:
# ---------
 3.44758308   0.03457752  0.0
 3.40683125   0.03893951  0.0
 3.40673431   0.03894929  0.0
 3.40659853   0.03896215  0.0
 3.40650148   0.03897075  0.0
 3.30363963   0.04745286  0.0
 3.30352443   0.04746152  0.0
 3.30336308   0.04747248  0.0
 3.30324777   0.04747948  0.0
 3.19423432   0.05330576  0.0
 3.19410095   0.05331177  0.0
 3.19391418   0.05331863  0.0
 3.19378072   0.05332242  0.0
 3.07855652   0.05562927  0.0
 3.07841390   0.05563085  0.0
 3.07821421   0.05563129  0.0
 3.07807158   0.05563033  0.0
 2.95669578   0.05373161  0.0
 2.95654996   0.05372800  0.0
 2.95634587   0.05372108  0.0
 2.95620014   0.05371482  0.0
 2.82861359   0.04706044  0.0
 2.82846642   0.04705140  0.0
 2.82826050   0.04703685  0.0
 2.82811352   0.04702511  0.0
 2.69687500   0.03531754  0.0
 2.69687500   0.04535725  0.0
 2.82722496   0.05698555  0.0
 2.82731679   0.05699332  0.0
 2.82746378   0.05700506  0.0
 2.82755568   0.05701198  0.0
 2.82776159   0.05702653  0.0
 2.82785355   0.05703261  0.0
 2.82800073   0.05704164  0.0
 2.82809274   0.05704687  0.0
 2.95567929   0.06370124  0.0
 2.95577036   0.06370558  0.0
 2.95591609   0.06371184  0.0
 2.95600719   0.06371535  0.0
 2.95621127   0.06372226  0.0
 2.95630240   0.06372494  0.0
 2.95644822   0.06372855  0.0
 2.95653936   0.06373039  0.0
 3.07791516   0.06562910  0.0
 3.07800431   0.06563010  0.0
 3.07814694   0.06563106  0.0
 3.07823609   0.06563126  0.0
 3.07843578   0.06563082  0.0
 3.07852492   0.06563023  0.0
 3.07866755   0.06562865  0.0
 3.07875669   0.06562726  0.0
 3.19398089   0.06332041  0.0
 3.19406431   0.06331839  0.0
 3.19419776   0.06331461  0.0
 3.19428116   0.06331189  0.0
 3.19446793   0.06330503  0.0
 3.19455130   0.06330162  0.0
 3.19468467   0.06329561  0.0
 3.19476802   0.06329151  0.0
 3.30378147   0.05746523  0.0
 3.30385355   0.05746112  0.0
 3.30396886   0.05745412  0.0
 3.30404091   0.05744949  0.0
 3.30420226   0.05743852  0.0
 3.30427428   0.05743337  0.0
 3.30438947   0.05742471  0.0
 3.30446145   0.05741903  0.0
 3.40732330   0.04893692  0.0
 3.40738397   0.04893173  0.0
 3.40748102   0.04892314  0.0
 3.40754166   0.04891758  0.0
 3.40767744   0.04890471  0.0
 3.40773805   0.04889879  0.0
 3.40783498   0.04888901  0.0
 3.40789555   0.04888271  0.0
 3.44758308   0.04463464  0.0
 3.44758308   0.03457752  0.0
;;

