# exterior:
# ---------
 3.68068228  -0.00424612  0.0
 3.67766618  -0.00375378  0.0
 3.67759718  -0.00374296  0.0
 3.59330843   0.00893880  0.0
 3.59319192   0.00895508  0.0
 3.56200941   0.01297882  0.0
 3.56200941   0.02104515  0.0
 3.59421574   0.01688929  0.0
 3.59429902   0.01687810  0.0
 3.59441552   0.01686182  0.0
 3.59449868   0.01684976  0.0
 3.67878743   0.00416800  0.0
 3.67883674   0.00416042  0.0
 3.67890574   0.00414960  0.0
 3.67895500   0.00414172  0.0
 3.68068228   0.00385976  0.0
 3.68068228  -0.00424612  0.0
;;

