# exterior:
# ---------
 3.44758308   0.06511646  0.0
 3.34827143   0.09372010  0.0
 3.24241903   0.12368502  0.0
 3.13033736   0.15505725  0.0
 3.01209921   0.18777965  0.0
 2.88769331   0.22187302  0.0
 2.75707517   0.25745744  0.0
 2.69687500   0.27370421  0.0
 2.69687500   0.28406198  0.0
 2.75969222   0.26710893  0.0
 2.89032909   0.23151940  0.0
 3.01475435   0.19742073  0.0
 3.13301871   0.16469107  0.0
 3.24512866   0.13331093  0.0
 3.35101718   0.10333578  0.0
 3.44758308   0.07552297  0.0
 3.44758308   0.06511646  0.0
;;

