# exterior:
# ---------
 3.56200941   0.02104515  0.0
 3.50377539   0.02855959  0.0
 3.50368926   0.02857023  0.0
 3.50356859   0.02858447  0.0
 3.50348235   0.02859417  0.0
 3.44758308   0.03457752  0.0
 3.44758308   0.04463464  0.0
 3.50454665   0.03853738  0.0
 3.50460057   0.03853146  0.0
 3.50468681   0.03852175  0.0
 3.50474070   0.03851554  0.0
 3.50486137   0.03850130  0.0
 3.50491522   0.03849479  0.0
 3.50500135   0.03848415  0.0
 3.50505517   0.03847736  0.0
 3.56200936   0.03112807  0.0
 3.56200941   0.03112806  0.0
 3.56200941   0.02104515  0.0
;;

