# exterior:
# ---------
 0.83600000   0.56930718  0.0
 0.87748715   0.56332639  0.0
 0.88097123   0.56277422  0.0
 1.12824543   0.51845882  0.0
 1.13463112   0.51721440  0.0
 1.37903769   0.46614250  0.0
 1.38753985   0.46422989  0.0
 1.62986796   0.40751789  0.0
 1.63962734   0.40511674  0.0
 1.88073082   0.34373308  0.0
 1.89084655   0.34110789  0.0
 2.13160784   0.27623177  0.0
 2.13687500   0.27479124  0.0
 2.13687500   0.21254039  0.0
 2.12521122   0.21577772  0.0
 2.11588823   0.21832748  0.0
 1.87550492   0.28310175  0.0
 1.86579318   0.28562210  0.0
 1.62505806   0.34691198  0.0
 1.61586400   0.34917404  0.0
 1.37411928   0.40574951  0.0
 1.36631646   0.40750480  0.0
 1.12275590   0.45839991  0.0
 1.11721432   0.45947983  0.0
 0.87098211   0.50360849  0.0
 0.86851021   0.50400025  0.0
 0.83600000   0.50868692  0.0
 0.83600000   0.56930718  0.0
;;

