# exterior:
# ---------
 3.13687500   0.00000000  0.0
 2.88592500   0.02918549  0.0
 2.88313945   0.02929088  0.0
 2.63497500   0.02467842  0.0
 2.62922323   0.02433713  0.0
 2.38402500   0.00486843  0.0
 2.37595445   0.00407543  0.0
 2.13307500  -0.02462321  0.0
 2.12351380  -0.02586291  0.0
 1.88212500  -0.06046389  0.0
 1.87197156  -0.06202480  0.0
 1.63117500  -0.09993331  0.0
 1.62136286  -0.10151429  0.0
 1.38022500  -0.14071770  0.0
 1.37165757  -0.14214812  0.0
 1.12927500  -0.18122605  0.0
 1.12281053  -0.18222985  0.0
 0.87832500  -0.21966657  0.0
 0.87474645  -0.22016847  0.0
 0.62737500  -0.25436794  0.0
 0.38057571  -0.28299631  0.0
 0.37642500  -0.28343297  0.0
 0.13416289  -0.30346882  0.0
 0.12547500  -0.30398577  0.0
-0.11214956  -0.31214667  0.0
-0.12547500  -0.31230226  0.0
-0.35859249  -0.31072127  0.0
-0.37642500  -0.31031473  0.0
-0.60531148  -0.30178243  0.0
-0.62737500  -0.30060297  0.0
-0.85251228  -0.28504407  0.0
-0.87832500  -0.28284073  0.0
-1.10050609  -0.25975333  0.0
-1.12927500  -0.25619485  0.0
-1.34982994  -0.22358641  0.0
-1.38022500  -0.21822110  0.0
-1.47534509  -0.19975118  0.0
-1.50570000  -0.19320139  0.0
-1.60192427  -0.16942136  0.0
-1.63117500  -0.16104967  0.0
-1.73068169  -0.12712625  0.0
-1.75665000  -0.11652110  0.0
-1.79696261  -0.09645012  0.0
-1.81938750  -0.08210582  0.0
-1.82476787  -0.07804043  0.0
-1.83944342  -0.06549795  0.0
-1.84448250  -0.06061446  0.0
-1.85703000  -0.04665662  0.0
-1.88212500   0.00000000  0.0
-1.87461658   0.08142324  0.0
-1.86419713   0.10039004  0.0
-1.85703000   0.11110058  0.0
-1.84448250   0.12732199  0.0
-1.84181239   0.13044883  0.0
-1.81938750   0.15407326  0.0
-1.78261831   0.18626513  0.0
-1.75665000   0.20638630  0.0
-1.66042573   0.26984653  0.0
-1.63117500   0.28651463  0.0
-1.53605491   0.33451635  0.0
-1.50570000   0.34833366  0.0
-1.41062006   0.38804398  0.0
-1.38022500   0.39975833  0.0
-1.15804391   0.47360288  0.0
-1.12927500   0.48188423  0.0
-0.90413772   0.53820243  0.0
-0.87832500   0.54377352  0.0
-0.64943852   0.58626939  0.0
-0.62737500   0.58968733  0.0
-0.39425751   0.61976118  0.0
-0.37642500   0.62161319  0.0
-0.13880044   0.63969665  0.0
-0.12547500   0.64033908  0.0
 0.11678711   0.64395276  0.0
 0.12547500   0.64379215  0.0
 0.37227429   0.63112921  0.0
 0.37642500   0.63081301  0.0
 0.62737500   0.60504045  0.0
 0.87832500   0.56886350  0.0
 0.88190355   0.56829635  0.0
 1.12927500   0.52396352  0.0
 1.13573947   0.52270375  0.0
 1.38022500   0.47161535  0.0
 1.38879243   0.46968806  0.0
 1.63117500   0.41296332  0.0
 1.64098715   0.41054918  0.0
 1.88212500   0.34915677  0.0
 1.89227844   0.34652180  0.0
 2.13307500   0.28163617  0.0
 2.14263619   0.27902127  0.0
 2.38402500   0.21202264  0.0
 2.39209555   0.20977914  0.0
 2.63497500   0.14174660  0.0
 2.64072677   0.14012044  0.0
 2.88592500   0.07195740  0.0
 2.88871055   0.07113931  0.0
 3.13687500   0.01003800  0.0
 3.13687500   0.00000000  0.0
;;

# interior:
# ---------
 3.13627500   0.00067382  0.0
 3.13627500   0.00956781  0.0
 2.88856710   0.07055671  0.0
 2.88854147   0.07056362  0.0
 2.88576010   0.07138049  0.0
 2.64056607   0.13954236  0.0
 2.64056354   0.13954307  0.0
 2.63481246   0.14116903  0.0
 2.39193429   0.20920122  0.0
 2.38386442   0.21144452  0.0
 2.14247682   0.27844282  0.0
 2.13291780   0.28105712  0.0
 1.89212502   0.34594174  0.0
 1.88197562   0.34857566  0.0
 1.64084145   0.40996713  0.0
 1.63103496   0.41237988  0.0
 1.38865823   0.46910325  0.0
 1.38009779   0.47102898  0.0
 1.13562072   0.52211561  0.0
 1.12916469   0.52337373  0.0
 0.88180366   0.56770469  0.0
 0.87823523   0.56827024  0.0
 0.62730152   0.60444484  0.0
 0.37637155   0.63021535  0.0
 0.37223612   0.63053038  0.0
 0.12545408   0.64319243  0.0
 0.11678604   0.64335267  0.0
-0.12545607   0.63973929  0.0
-0.13876323   0.63909774  0.0
-0.37637124   0.62101554  0.0
-0.39418812   0.61916516  0.0
-0.62729068   0.58909324  0.0
-0.64933781   0.58567783  0.0
-0.87820692   0.54318519  0.0
-0.90400159   0.53761799  0.0
-1.12911916   0.48130472  0.0
-1.15786623   0.47302966  0.0
-1.38002238   0.39919340  0.0
-1.41039652   0.38748712  0.0
-1.50546004   0.34778365  0.0
-1.53579536   0.33397526  0.0
-1.63089113   0.28598582  0.0
-1.66011171   0.26933490  0.0
-1.75630058   0.20589801  0.0
-1.78223660   0.18580185  0.0
-1.81897141   0.15364009  0.0
-1.84136636   0.13004720  0.0
-1.84401679   0.12694340  0.0
-1.85654280   0.11074978  0.0
-1.86368389   0.10007816  0.0
-1.87403058   0.08124379  0.0
-1.88151093   0.00012497  0.0
-1.85653568  -0.04630902  0.0
-1.84405010  -0.06019798  0.0
-1.83903934  -0.06505403  0.0
-1.82439176  -0.07757260  0.0
-1.81904447  -0.08161300  0.0
-1.79666639  -0.09592735  0.0
-1.75640253  -0.11597406  0.0
-1.73047128  -0.12656407  0.0
-1.63099554  -0.16047694  0.0
-1.60176970  -0.16884151  0.0
-1.50556472  -0.19261677  0.0
-1.47522461  -0.19916337  0.0
-1.38011566  -0.21763113  0.0
-1.34973389  -0.22299409  0.0
-1.12919428  -0.25560027  0.0
-1.10043825  -0.25915714  0.0
-0.87826847  -0.28224337  0.0
-0.85246608  -0.28444583  0.0
-0.62733830  -0.30000407  0.0
-0.60528428  -0.30118303  0.0
-0.37640699  -0.30971499  0.0
-0.35858362  -0.31012132  0.0
-0.12547647  -0.31170223  0.0
-0.11216336  -0.31154679  0.0
 0.12544688  -0.30338639  0.0
 0.13412034  -0.30287029  0.0
 0.37636888  -0.28283556  0.0
 0.38050976  -0.28239994  0.0
 0.62729934  -0.25377269  0.0
 0.87466370  -0.21957421  0.0
 0.87823792  -0.21907291  0.0
 1.12271909  -0.18163686  0.0
 1.12918122  -0.18063342  0.0
 1.37156041  -0.14155603  0.0
 1.38012619  -0.14012589  0.0
 1.38012872  -0.14012548  0.0
 1.62126657  -0.10092207  0.0
 1.62126741  -0.10092193  0.0
 1.63107956  -0.09934095  0.0
 1.63108169  -0.09934061  0.0
 1.87187825  -0.06143210  0.0
 1.87188039  -0.06143177  0.0
 1.88203383  -0.05987086  0.0
 1.88203987  -0.05986996  0.0
 2.12342867  -0.02526898  0.0
 2.12343666  -0.02526789  0.0
 2.13299785  -0.02402819  0.0
 2.13300459  -0.02402736  0.0
 2.37588404   0.00467128  0.0
 2.37589578   0.00467255  0.0
 2.38396633   0.00546555  0.0
 2.38397751   0.00546655  0.0
 2.62917574   0.02493525  0.0
 2.62918769   0.02493608  0.0
 2.63493946   0.02527737  0.0
 2.63496385   0.02527832  0.0
 2.88312831   0.02989078  0.0
 2.88316214   0.02989045  0.0
 2.88594769   0.02978506  0.0
 2.88599431   0.02978147  0.0
 3.13627500   0.00067382  0.0
;;

