# exterior:
# ---------
 0.84100000  -0.15356246  0.0
 0.84100000   0.50291443  0.0
 0.86776214   0.49905640  0.0
 0.87014969   0.49867801  0.0
 1.11629506   0.45456492  0.0
 1.12176630   0.45349871  0.0
 1.36525635   0.40261832  0.0
 1.37300089   0.40087614  0.0
 1.61469701   0.34431205  0.0
 1.62384395   0.34206158  0.0
 1.86454838   0.28077952  0.0
 1.87422645   0.27826791  0.0
 2.11457827   0.21350212  0.0
 2.12388310   0.21095733  0.0
 2.13553778   0.20772252  0.0
 2.13601029   0.20761573  0.0
 2.13649091   0.20755516  0.0
 2.13697514   0.20754139  0.0
 2.13745843   0.20757454  0.0
 2.13793624   0.20765431  0.0
 2.13840409   0.20777994  0.0
 2.13885759   0.20795025  0.0
 2.13929248   0.20816365  0.0
 2.13970467   0.20841814  0.0
 2.14009031   0.20871132  0.0
 2.14044576   0.20904044  0.0
 2.14076770   0.20940241  0.0
 2.14105309   0.20979384  0.0
 2.14129927   0.21021105  0.0
 2.14150392   0.21065012  0.0
 2.14166512   0.21110694  0.0
 2.14178135   0.21157722  0.0
 2.14185153   0.21205653  0.0
 2.14187500   0.21254039  0.0
 2.14187500   0.25370257  0.0
 2.37744113   0.18832005  0.0
 2.38548361   0.18608436  0.0
 2.62831103   0.11806639  0.0
 2.63403677   0.11644759  0.0
 2.63404997   0.11644387  0.0
 2.63406105   0.11644075  0.0
 2.63407425   0.11643704  0.0
 2.63410054   0.11642967  0.0
 2.63411374   0.11642598  0.0
 2.63412483   0.11642289  0.0
 2.63413803   0.11641921  0.0
 2.86056117   0.05347549  0.0
 2.63451786   0.04927418  0.0
 2.63449243   0.04927364  0.0
 2.63439076   0.04927123  0.0
 2.63436534   0.04927056  0.0
 2.63428401   0.04926823  0.0
 2.63425859   0.04926743  0.0
 2.63415694   0.04926399  0.0
 2.63413153   0.04926306  0.0
 2.63390389   0.04925420  0.0
 2.63387849   0.04925314  0.0
 2.63377688   0.04924867  0.0
 2.63375148   0.04924749  0.0
 2.63367021   0.04924349  0.0
 2.63364482   0.04924218  0.0
 2.63354326   0.04923667  0.0
 2.63351788   0.04923523  0.0
 2.62776610   0.04889394  0.0
 2.62775365   0.04889318  0.0
 2.62770383   0.04889010  0.0
 2.62769137   0.04888932  0.0
 2.62765152   0.04888675  0.0
 2.62763907   0.04888594  0.0
 2.62758927   0.04888261  0.0
 2.62757682   0.04888176  0.0
 2.62746527   0.04887402  0.0
 2.62745283   0.04887314  0.0
 2.62740304   0.04886956  0.0
 2.62739059   0.04886865  0.0
 2.62735077   0.04886569  0.0
 2.62733833   0.04886475  0.0
 2.62728856   0.04886092  0.0
 2.62727612   0.04885995  0.0
 2.38207789   0.02939125  0.0
 2.38206624   0.02939031  0.0
 2.38201961   0.02938650  0.0
 2.38200796   0.02938553  0.0
 2.38197067   0.02938240  0.0
 2.38195902   0.02938140  0.0
 2.38191242   0.02937737  0.0
 2.38190077   0.02937635  0.0
 2.38179640   0.02936708  0.0
 2.38178475   0.02936604  0.0
 2.38173817   0.02936179  0.0
 2.38172652   0.02936071  0.0
 2.38168927   0.02935723  0.0
 2.38167762   0.02935612  0.0
 2.38163106   0.02935166  0.0
 2.38161942   0.02935053  0.0
 2.37354887   0.02855753  0.0
 2.37353664   0.02855631  0.0
 2.37348771   0.02855138  0.0
 2.37347548   0.02855013  0.0
 2.37343634   0.02854609  0.0
 2.37342412   0.02854482  0.0
 2.37337521   0.02853965  0.0
 2.37336299   0.02853834  0.0
 2.37325348   0.02852649  0.0
 2.37324125   0.02852515  0.0
 2.37319238   0.02851974  0.0
 2.37318016   0.02851838  0.0
 2.37314107   0.02851395  0.0
 2.37312885   0.02851255  0.0
 2.37308000   0.02850690  0.0
 2.37306779   0.02850548  0.0
 2.14187500   0.00118773  0.0
 2.14187500   0.04188215  0.0
 2.14185036   0.04237793  0.0
 2.14177668   0.04286882  0.0
 2.14165469   0.04334998  0.0
 2.14148560   0.04381668  0.0
 2.14127106   0.04426431  0.0
 2.14101319   0.04468846  0.0
 2.14071454   0.04508496  0.0
 2.14037804   0.04544988  0.0
 2.14000702   0.04577965  0.0
 2.13960513   0.04607099  0.0
 2.13917633   0.04632106  0.0
 2.13872485   0.04652737  0.0
 2.13825514   0.04668790  0.0
 2.13777182   0.04680107  0.0
 2.13727967   0.04686575  0.0
 2.13678352   0.04688132  0.0
 2.13628828   0.04684761  0.0
 2.12479053   0.04548904  0.0
 2.12477648   0.04548736  0.0
 2.12443920   0.04544653  0.0
 2.12442515   0.04544481  0.0
 2.12436221   0.04543701  0.0
 2.12434816   0.04543525  0.0
 2.12401112   0.04539252  0.0
 2.12399708   0.04539072  0.0
 2.11443588   0.04415103  0.0
 2.11441924   0.04414884  0.0
 2.11401980   0.04409569  0.0
 2.11400316   0.04409344  0.0
 2.11392863   0.04408327  0.0
 2.11391200   0.04408097  0.0
 2.11351292   0.04402514  0.0
 2.11349630   0.04402278  0.0
 1.87210749   0.00942180  0.0
 1.87209492   0.00941998  0.0
 1.87179312   0.00937593  0.0
 1.87178055   0.00937408  0.0
 1.87172424   0.00936572  0.0
 1.87171167   0.00936384  0.0
 1.87141010   0.00931826  0.0
 1.87139754   0.00931634  0.0
 1.86123964   0.00775475  0.0
 1.86112815   0.00773750  0.0
 1.86110372   0.00773370  0.0
 1.86099226   0.00771625  0.0
 1.62019124  -0.03019296  0.0
 1.62008000  -0.03021057  0.0
 1.62005561  -0.03021446  0.0
 1.61994440  -0.03023228  0.0
 1.61013023  -0.03181359  0.0
 1.61008053  -0.03182162  0.0
 1.61007557  -0.03182242  0.0
 1.36889583  -0.07103263  0.0
 1.36889056  -0.07103349  0.0
 1.36876423  -0.07105416  0.0
 1.36875897  -0.07105503  0.0
 1.36873539  -0.07105891  0.0
 1.36873013  -0.07105978  0.0
 1.36860385  -0.07108073  0.0
 1.36859859  -0.07108160  0.0
 1.36022561  -0.07247955  0.0
 1.11823979  -0.11149352  0.0
 1.11205104  -0.11245451  0.0
 0.86807865  -0.14981265  0.0
 0.86500922  -0.15024315  0.0
 0.84100000  -0.15356246  0.0
;;

# interior:
# ---------
 0.84600000  -0.14782364  0.0
 0.86431962  -0.14529093  0.0
 0.86735299  -0.14486549  0.0
 1.11128904  -0.10751291  0.0
 1.11745826  -0.10655495  0.0
 1.35941598  -0.06754552  0.0
 1.36777782  -0.06614943  0.0
 1.36778571  -0.06614812  0.0
 1.36791462  -0.06612673  0.0
 1.36792252  -0.06612543  0.0
 1.36794873  -0.06612111  0.0
 1.36795662  -0.06611982  0.0
 1.36808558  -0.06609871  0.0
 1.36809348  -0.06609742  0.0
 1.60927570  -0.02688682  0.0
 1.60928314  -0.02688561  0.0
 1.60933487  -0.02687726  0.0
 1.61915339  -0.02529524  0.0
 1.61926874  -0.02527677  0.0
 1.61929789  -0.02527212  0.0
 1.61941367  -0.02525379  0.0
 1.86021905   0.01265611  0.0
 1.86033465   0.01267420  0.0
 1.86036387   0.01267874  0.0
 1.86047991   0.01269669  0.0
 1.87063780   0.01425829  0.0
 1.87064408   0.01425925  0.0
 1.87065665   0.01426116  0.0
 1.87066293   0.01426212  0.0
 1.87096450   0.01430769  0.0
 1.87097078   0.01430864  0.0
 1.87098335   0.01431052  0.0
 1.87098963   0.01431146  0.0
 1.87104595   0.01431982  0.0
 1.87105223   0.01432075  0.0
 1.87106480   0.01432261  0.0
 1.87107109   0.01432353  0.0
 1.87137288   0.01436757  0.0
 1.87137917   0.01436848  0.0
 1.87139175   0.01437030  0.0
 1.87139804   0.01437121  0.0
 2.11278684   0.04897219  0.0
 2.11279516   0.04897338  0.0
 2.11281178   0.04897573  0.0
 2.11282009   0.04897690  0.0
 2.11321917   0.04903274  0.0
 2.11322748   0.04903390  0.0
 2.11324411   0.04903619  0.0
 2.11325243   0.04903734  0.0
 2.11332696   0.04904751  0.0
 2.11333528   0.04904864  0.0
 2.11335192   0.04905088  0.0
 2.11336024   0.04905199  0.0
 2.11375968   0.04910515  0.0
 2.11376800   0.04910625  0.0
 2.11378465   0.04910844  0.0
 2.11379297   0.04910952  0.0
 2.12335417   0.05034922  0.0
 2.12336119   0.05035012  0.0
 2.12337523   0.05035192  0.0
 2.12338225   0.05035282  0.0
 2.12371929   0.05039555  0.0
 2.12372631   0.05039643  0.0
 2.12374036   0.05039819  0.0
 2.12374738   0.05039907  0.0
 2.12381032   0.05040687  0.0
 2.12381735   0.05040773  0.0
 2.12383140   0.05040945  0.0
 2.12383842   0.05041031  0.0
 2.12417570   0.05045113  0.0
 2.12418273   0.05045198  0.0
 2.12419679   0.05045366  0.0
 2.12420382   0.05045449  0.0
 2.13570156   0.05181307  0.0
 2.13594877   0.05183607  0.0
 2.13644401   0.05186978  0.0
 2.13694031   0.05187886  0.0
 2.13743645   0.05186329  0.0
 2.13793121   0.05182312  0.0
 2.13842337   0.05175843  0.0
 2.13891171   0.05166940  0.0
 2.13939502   0.05155624  0.0
 2.13987212   0.05141922  0.0
 2.14034184   0.05125869  0.0
 2.14080300   0.05107504  0.0
 2.14125448   0.05086873  0.0
 2.14169517   0.05064026  0.0
 2.14212397   0.05039019  0.0
 2.14253982   0.05011915  0.0
 2.14294171   0.04982780  0.0
 2.14332865   0.04951686  0.0
 2.14369967   0.04918710  0.0
 2.14405386   0.04883933  0.0
 2.14439036   0.04847440  0.0
 2.14470833   0.04809322  0.0
 2.14500698   0.04769673  0.0
 2.14528558   0.04728590  0.0
 2.14554345   0.04686175  0.0
 2.14577994   0.04642532  0.0
 2.14599448   0.04597769  0.0
 2.14618654   0.04551996  0.0
 2.14635564   0.04505326  0.0
 2.14650136   0.04457874  0.0
 2.14662335   0.04409758  0.0
 2.14672130   0.04361095  0.0
 2.14679498   0.04312006  0.0
 2.14684420   0.04262612  0.0
 2.14686884   0.04213035  0.0
 2.14687500   0.04188215  0.0
 2.14687500   0.00681331  0.0
 2.37248107   0.03347093  0.0
 2.37248718   0.03347165  0.0
 2.37249939   0.03347308  0.0
 2.37250550   0.03347379  0.0
 2.37255435   0.03347944  0.0
 2.37256045   0.03348014  0.0
 2.37257267   0.03348154  0.0
 2.37257877   0.03348223  0.0
 2.37261787   0.03348666  0.0
 2.37262397   0.03348734  0.0
 2.37263619   0.03348871  0.0
 2.37264230   0.03348939  0.0
 2.37269118   0.03349480  0.0
 2.37269729   0.03349548  0.0
 2.37270951   0.03349681  0.0
 2.37271562   0.03349748  0.0
 2.37282513   0.03350933  0.0
 2.37283125   0.03350998  0.0
 2.37284347   0.03351129  0.0
 2.37284958   0.03351194  0.0
 2.37289849   0.03351711  0.0
 2.37290460   0.03351775  0.0
 2.37291683   0.03351903  0.0
 2.37292294   0.03351967  0.0
 2.37296207   0.03352371  0.0
 2.37296819   0.03352433  0.0
 2.37298042   0.03352558  0.0
 2.37298653   0.03352620  0.0
 2.37303546   0.03353113  0.0
 2.37304158   0.03353174  0.0
 2.37305381   0.03353296  0.0
 2.37305993   0.03353356  0.0
 2.38113048   0.03432657  0.0
 2.38113630   0.03432713  0.0
 2.38114794   0.03432826  0.0
 2.38115376   0.03432883  0.0
 2.38120032   0.03433329  0.0
 2.38120614   0.03433385  0.0
 2.38121779   0.03433495  0.0
 2.38122361   0.03433550  0.0
 2.38126087   0.03433898  0.0
 2.38126669   0.03433952  0.0
 2.38127833   0.03434060  0.0
 2.38128416   0.03434113  0.0
 2.38133074   0.03434538  0.0
 2.38133656   0.03434591  0.0
 2.38134821   0.03434696  0.0
 2.38135403   0.03434748  0.0
 2.38145840   0.03435675  0.0
 2.38146423   0.03435726  0.0
 2.38147587   0.03435828  0.0
 2.38148170   0.03435879  0.0
 2.38152830   0.03436282  0.0
 2.38153413   0.03436332  0.0
 2.38154578   0.03436431  0.0
 2.38155161   0.03436481  0.0
 2.38158890   0.03436794  0.0
 2.38159472   0.03436843  0.0
 2.38160638   0.03436939  0.0
 2.38161220   0.03436987  0.0
 2.38165883   0.03437369  0.0
 2.38166465   0.03437416  0.0
 2.38167631   0.03437510  0.0
 2.38168214   0.03437556  0.0
 2.62688036   0.05384427  0.0
 2.62688658   0.05384476  0.0
 2.62689903   0.05384573  0.0
 2.62690525   0.05384621  0.0
 2.62695501   0.05385004  0.0
 2.62696124   0.05385051  0.0
 2.62697368   0.05385145  0.0
 2.62697990   0.05385192  0.0
 2.62701972   0.05385488  0.0
 2.62702595   0.05385534  0.0
 2.62703839   0.05385625  0.0
 2.62704462   0.05385670  0.0
 2.62709440   0.05386028  0.0
 2.62710063   0.05386072  0.0
 2.62711307   0.05386160  0.0
 2.62711930   0.05386204  0.0
 2.62723084   0.05386977  0.0
 2.62723706   0.05387020  0.0
 2.62724951   0.05387105  0.0
 2.62725574   0.05387147  0.0
 2.62730554   0.05387480  0.0
 2.62731177   0.05387521  0.0
 2.62732422   0.05387603  0.0
 2.62733045   0.05387643  0.0
 2.62737030   0.05387900  0.0
 2.62737653   0.05387939  0.0
 2.62738898   0.05388018  0.0
 2.62739521   0.05388057  0.0
 2.62744503   0.05388365  0.0
 2.62745126   0.05388403  0.0
 2.62746371   0.05388479  0.0
 2.62746994   0.05388516  0.0
 2.63322171   0.05422645  0.0
 2.63323441   0.05422719  0.0
 2.63325979   0.05422863  0.0
 2.63327249   0.05422933  0.0
 2.63337404   0.05423484  0.0
 2.63338674   0.05423551  0.0
 2.63341213   0.05423683  0.0
 2.63342483   0.05423747  0.0
 2.63350610   0.05424146  0.0
 2.63351880   0.05424207  0.0
 2.63354420   0.05424325  0.0
 2.63355690   0.05424383  0.0
 2.63365850   0.05424830  0.0
 2.63367121   0.05424885  0.0
 2.63369661   0.05424990  0.0
 2.63370932   0.05425041  0.0
 2.63393695   0.05425928  0.0
 2.63394966   0.05425975  0.0
 2.63397507   0.05426068  0.0
 2.63398777   0.05426113  0.0
 2.63408942   0.05426457  0.0
 2.63410213   0.05426498  0.0
 2.63412754   0.05426578  0.0
 2.63414025   0.05426616  0.0
 2.63422158   0.05426850  0.0
 2.63423429   0.05426885  0.0
 2.63425971   0.05426951  0.0
 2.63427242   0.05426983  0.0
 2.63437410   0.05427224  0.0
 2.63438681   0.05427252  0.0
 2.63441223   0.05427306  0.0
 2.63442494   0.05427331  0.0
 2.82620100   0.05783772  0.0
 2.63279648   0.11160255  0.0
 2.63278068   0.11160695  0.0
 2.63276690   0.11161079  0.0
 2.63275093   0.11161526  0.0
 2.63272213   0.11162333  0.0
 2.63270635   0.11162777  0.0
 2.63269258   0.11163165  0.0
 2.63267648   0.11163619  0.0
 2.62695657   0.11325333  0.0
 2.38413972   0.18126835  0.0
 2.37610295   0.18350245  0.0
 2.14687500   0.24712577  0.0
 2.14687500   0.21254039  0.0
 2.14686913   0.21229817  0.0
 2.14684566   0.21181432  0.0
 2.14679878   0.21133217  0.0
 2.14672860   0.21085285  0.0
 2.14663529   0.21037750  0.0
 2.14651905   0.20990723  0.0
 2.14638017   0.20944313  0.0
 2.14621898   0.20898632  0.0
 2.14603584   0.20853784  0.0
 2.14583119   0.20809877  0.0
 2.14560551   0.20767012  0.0
 2.14535933   0.20725291  0.0
 2.14509323   0.20684812  0.0
 2.14480784   0.20645669  0.0
 2.14450382   0.20607954  0.0
 2.14418188   0.20571757  0.0
 2.14384279   0.20537162  0.0
 2.14348733   0.20504250  0.0
 2.14311635   0.20473098  0.0
 2.14273072   0.20443780  0.0
 2.14233133   0.20416365  0.0
 2.14191914   0.20390917  0.0
 2.14149510   0.20367495  0.0
 2.14106021   0.20346155  0.0
 2.14061549   0.20326946  0.0
 2.14016200   0.20309915  0.0
 2.13970078   0.20295100  0.0
 2.13923293   0.20282537  0.0
 2.13875954   0.20272256  0.0
 2.13828173   0.20264279  0.0
 2.13780061   0.20258626  0.0
 2.13731732   0.20255311  0.0
 2.13683300   0.20254341  0.0
 2.13634877   0.20255718  0.0
 2.13586577   0.20259439  0.0
 2.13538515   0.20265496  0.0
 2.13490802   0.20273874  0.0
 2.13443552   0.20284553  0.0
 2.13420056   0.20290465  0.0
 2.12255498   0.20613694  0.0
 2.11326830   0.20867676  0.0
 1.87294798   0.27343406  0.0
 1.86330357   0.27593694  0.0
 1.62262984   0.33721118  0.0
 1.61353001   0.33945007  0.0
 1.37188251   0.39600278  0.0
 1.36419625   0.39773185  0.0
 1.12077670   0.44859750  0.0
 1.11537580   0.44965000  0.0
 0.86931726   0.49374754  0.0
 0.86701406   0.49411256  0.0
 0.84600000   0.49714195  0.0
 0.84600000  -0.14782364  0.0
;;

