# exterior:
# ---------
-0.75000000   0.49274101  0.0
-0.63708453   0.51370529  0.0
-0.61703126   0.51681182  0.0
-0.38574630   0.54664925  0.0
-0.36982986   0.54830227  0.0
-0.13423502   0.56623126  0.0
-0.12315339   0.56676552  0.0
 0.11665575   0.57034261  0.0
 0.12290845   0.57022702  0.0
 0.36759260   0.55767261  0.0
 0.36986899   0.55749919  0.0
 0.61836085   0.53197908  0.0
 0.75000000   0.51300198  0.0
 0.75000000  -0.16311481  0.0
 0.61809385  -0.18135102  0.0
 0.37248507  -0.20984130  0.0
 0.36954093  -0.21015103  0.0
 0.12894322  -0.23004922  0.0
 0.12202550  -0.23046085  0.0
-0.11384252  -0.23856142  0.0
-0.12565510  -0.23869934  0.0
-0.35750412  -0.23712696  0.0
-0.37421529  -0.23674598  0.0
-0.60197596  -0.22825565  0.0
-0.62287315  -0.22713854  0.0
-0.75000000  -0.21835299  0.0
-0.75000000   0.49274101  0.0
;;

# interior:
# ---------
-0.74500000   0.48858388  0.0
-0.74500000  -0.21368661  0.0
-0.62256731  -0.22214775  0.0
-0.60174937  -0.22326063  0.0
-0.37406518  -0.23174811  0.0
-0.35743018  -0.23212735  0.0
-0.12566733  -0.23369914  0.0
-0.11395754  -0.23356242  0.0
 0.12179116  -0.22546595  0.0
 0.12858862  -0.22506148  0.0
 0.36907326  -0.20517263  0.0
 0.37193543  -0.20487153  0.0
 0.61746334  -0.17639064  0.0
 0.74500000  -0.15875851  0.0
 0.74500000   0.50867109  0.0
 0.61774848   0.52701567  0.0
 0.36942361   0.55251864  0.0
 0.36727456   0.55268235  0.0
 0.12273409   0.56522939  0.0
 0.11664683   0.56534192  0.0
-0.12299567   0.56176732  0.0
-0.13392487   0.56124041  0.0
-0.36938182   0.54332191  0.0
-0.38516809   0.54168241  0.0
-0.61632856   0.51186103  0.0
-0.63624526   0.50877567  0.0
-0.74500000   0.48858388  0.0
;;

