# exterior:
# ---------
 0.75000000  -0.23176159  0.0
 0.62666883  -0.24881230  0.0
 0.37996012  -0.27743017  0.0
 0.37590121  -0.27785717  0.0
 0.13376574  -0.29788254  0.0
 0.12521254  -0.29839149  0.0
-0.11227837  -0.30654779  0.0
-0.12548870  -0.30670203  0.0
-0.35850968  -0.30512170  0.0
-0.37625687  -0.30471711  0.0
-0.60505769  -0.29618800  0.0
-0.62703247  -0.29501328  0.0
-0.75000000  -0.28651518  0.0
-0.75000000  -0.21835299  0.0
-0.62287315  -0.22713854  0.0
-0.60197596  -0.22825565  0.0
-0.37421529  -0.23674598  0.0
-0.35750412  -0.23712696  0.0
-0.12565510  -0.23869934  0.0
-0.11384252  -0.23856142  0.0
 0.12202550  -0.23046085  0.0
 0.12894322  -0.23004922  0.0
 0.36954093  -0.21015103  0.0
 0.37248507  -0.20984130  0.0
 0.61809385  -0.18135102  0.0
 0.75000000  -0.16311481  0.0
 0.75000000  -0.23176159  0.0
;;

