# exterior:
# ---------
 3.72936000  -4.70547775  0.0
 3.61524769  -4.71629284  0.0
 3.61472866  -4.71634659  0.0
 3.61462150  -4.71635863  0.0
 3.61410348  -4.71642140  0.0
 3.45599657  -4.73697630  0.0
 3.45553204  -4.73704039  0.0
 3.45543615  -4.73705438  0.0
 3.45497269  -4.73712572  0.0
 3.29758542  -4.76261249  0.0
 3.29715910  -4.76268468  0.0
 3.29707110  -4.76270024  0.0
 3.29664586  -4.76277857  0.0
 3.14006035  -4.79279072  0.0
 3.13968246  -4.79286567  0.0
 3.13960447  -4.79288166  0.0
 3.13922757  -4.79296145  0.0
 2.98346703  -4.82698431  0.0
 2.98314729  -4.82705599  0.0
 2.98308129  -4.82707116  0.0
 2.98276234  -4.82714632  0.0
 2.82776815  -4.86456687  0.0
 2.82750638  -4.86463131  0.0
 2.82745234  -4.86464487  0.0
 2.82719116  -4.86471167  0.0
 2.67289653  -4.90491116  0.0
 2.67268878  -4.90496608  0.0
 2.67264589  -4.90497759  0.0
 2.67243854  -4.90503399  0.0
 2.60615022  -4.92332251  0.0
 2.60915022  -4.91938275  0.0
 2.67164067  -4.90214204  0.0
 2.67165104  -4.90213920  0.0
 2.67185838  -4.90208279  0.0
 2.67186875  -4.90207999  0.0
 2.67191165  -4.90206849  0.0
 2.67192203  -4.90206572  0.0
 2.67212977  -4.90201080  0.0
 2.67214017  -4.90200808  0.0
 2.82643480  -4.86180858  0.0
 2.82644785  -4.86180521  0.0
 2.82670903  -4.86173842  0.0
 2.82672210  -4.86173511  0.0
 2.82677614  -4.86172155  0.0
 2.82678922  -4.86171829  0.0
 2.82705099  -4.86165385  0.0
 2.82706409  -4.86165065  0.0
 2.98205827  -4.82423011  0.0
 2.98207421  -4.82422631  0.0
 2.98239316  -4.82415115  0.0
 2.98240912  -4.82414743  0.0
 2.98247511  -4.82413226  0.0
 2.98249109  -4.82412863  0.0
 2.98281084  -4.82405696  0.0
 2.98282684  -4.82405342  0.0
 3.13858738  -4.79003056  0.0
 3.13860621  -4.79002651  0.0
 3.13898310  -4.78994671  0.0
 3.13900196  -4.78994278  0.0
 3.13907995  -4.78992679  0.0
 3.13909883  -4.78992299  0.0
 3.13947672  -4.78984804  0.0
 3.13949563  -4.78984435  0.0
 3.29608114  -4.75983220  0.0
 3.29610239  -4.75982821  0.0
 3.29652763  -4.75974988  0.0
 3.29654891  -4.75974604  0.0
 3.29663690  -4.75973048  0.0
 3.29665821  -4.75972679  0.0
 3.29708453  -4.75965460  0.0
 3.29710586  -4.75965107  0.0
 3.45449313  -4.73416430  0.0
 3.45451629  -4.73416064  0.0
 3.45497975  -4.73408931  0.0
 3.45500294  -4.73408583  0.0
 3.45509883  -4.73407183  0.0
 3.45512204  -4.73406854  0.0
 3.45558656  -4.73400445  0.0
 3.45560980  -4.73400134  0.0
 3.61371672  -4.71344644  0.0
 3.61374260  -4.71344318  0.0
 3.61426062  -4.71338041  0.0
 3.61428654  -4.71337739  0.0
 3.61439370  -4.71336535  0.0
 3.61441964  -4.71336255  0.0
 3.61493867  -4.71330880  0.0
 3.61496463  -4.71330622  0.0
 3.72636000  -4.70274863  0.0
 3.72936000  -4.70547775  0.0
;;

