# exterior:
# ---------
 0.83900000  -5.44019475  0.0
 0.83900000  -3.92067776  0.0
 0.99315431  -3.94308397  0.0
 1.15023903  -3.96788339  0.0
 1.30709513  -3.99435733  0.0
 1.46371972  -4.02237373  0.0
 1.62013266  -4.05174632  0.0
 1.77633757  -4.08234321  0.0
 1.93234835  -4.11406435  0.0
 2.08819404  -4.14675243  0.0
 2.24388934  -4.18027069  0.0
 2.39944451  -4.21453218  0.0
 2.51715022  -4.24096621  0.0
 2.51715022  -4.94477219  0.0
 2.36433640  -4.98878293  0.0
 2.36433041  -4.98878467  0.0
 2.36421059  -4.98881944  0.0
 2.36420460  -4.98882119  0.0
 2.36417985  -4.98882843  0.0
 2.36417386  -4.98883018  0.0
 2.36405419  -4.98886546  0.0
 2.36404821  -4.98886723  0.0
 2.21120283  -5.03426716  0.0
 2.21119877  -5.03426837  0.0
 2.21111750  -5.03429263  0.0
 2.21111344  -5.03429385  0.0
 2.21109665  -5.03429889  0.0
 2.21109259  -5.03430011  0.0
 2.21101139  -5.03432460  0.0
 2.21100733  -5.03432583  0.0
 2.05842113  -5.08058923  0.0
 2.05837314  -5.08060382  0.0
 2.05836142  -5.08060740  0.0
 2.05831345  -5.08062207  0.0
 1.90587433  -5.12737147  0.0
 1.75347311  -5.17424856  0.0
 1.60109304  -5.22089666  0.0
 1.44862546  -5.26701745  0.0
 1.29598549  -5.31233190  0.0
 1.14308857  -5.35656998  0.0
 0.98988260  -5.39952021  0.0
 0.83900000  -5.44019475  0.0
;;

# interior:
# ---------
 0.84400000  -5.43366837  0.0
 0.98855702  -5.39469907  0.0
 1.14171887  -5.35176120  0.0
 1.29457915  -5.30753372  0.0
 1.44719012  -5.26222789  0.0
 1.59963739  -5.21611324  0.0
 1.75200631  -5.16946855  0.0
 1.90440834  -5.12259121  0.0
 2.05685118  -5.07584067  0.0
 2.05690267  -5.07582492  0.0
 2.05691848  -5.07582010  0.0
 2.05697037  -5.07580433  0.0
 2.20955995  -5.02953990  0.0
 2.20956739  -5.02953765  0.0
 2.20965198  -5.02951214  0.0
 2.20965942  -5.02950990  0.0
 2.20967960  -5.02950385  0.0
 2.20968704  -5.02950162  0.0
 2.20977170  -5.02947635  0.0
 2.20977915  -5.02947413  0.0
 2.36262453  -4.98407420  0.0
 2.36262951  -4.98407272  0.0
 2.36263549  -4.98407095  0.0
 2.36264048  -4.98406948  0.0
 2.36276015  -4.98403421  0.0
 2.36276514  -4.98403274  0.0
 2.36277113  -4.98403098  0.0
 2.36277611  -4.98402952  0.0
 2.36280086  -4.98402228  0.0
 2.36280585  -4.98402082  0.0
 2.36281184  -4.98401908  0.0
 2.36281683  -4.98401763  0.0
 2.36293665  -4.98398285  0.0
 2.36294164  -4.98398140  0.0
 2.36294764  -4.98397967  0.0
 2.36295263  -4.98397823  0.0
 2.51215022  -4.94100897  0.0
 2.51215022  -4.24496786  0.0
 2.39835896  -4.21941293  0.0
 2.24282545  -4.18515620  0.0
 2.08715468  -4.15164323  0.0
 1.93133702  -4.11896102  0.0
 1.77535888  -4.08724652  0.0
 1.61919068  -4.05665682  0.0
 1.46281810  -4.02729182  0.0
 1.30623884  -3.99928352  0.0
 1.14943309  -3.97281808  0.0
 0.99240484  -3.94802757  0.0
 0.84400000  -3.92645705  0.0
 0.84400000  -5.43366837  0.0
;;

