# exterior:
# ---------
-0.83600000  -5.70569455  0.0
-0.88564205  -5.70344725  0.0
-1.04437724  -5.68860517  0.0
-1.20226524  -5.66647296  0.0
-1.35906540  -5.63762292  0.0
-1.51458420  -5.60250731  0.0
-1.66861264  -5.56134486  0.0
-1.82089878  -5.51414348  0.0
-1.97114479  -5.46080585  0.0
-2.11903256  -5.40124400  0.0
-2.26413200  -5.33518449  0.0
-2.40577541  -5.26201657  0.0
-2.54280012  -5.18054785  0.0
-2.67293907  -5.08852933  0.0
-2.79105457  -4.98164750  0.0
-2.88152876  -4.85140316  0.0
-2.89864000  -4.76750000  0.0
-2.88915380  -4.69510725  0.0
-2.80941319  -4.55845491  0.0
-2.69441586  -4.44831153  0.0
-2.56589234  -4.35406618  0.0
-2.42957043  -4.27144320  0.0
-2.28793618  -4.19827014  0.0
-2.14242235  -4.13313717  0.0
-1.99393780  -4.07508411  0.0
-1.84311092  -4.02341040  0.0
-1.69038991  -3.97762922  0.0
-1.53611489  -3.93739448  0.0
-1.38054593  -3.90249028  0.0
-1.22388711  -3.87286088  0.0
-1.06631157  -3.84857514  0.0
-0.90800598  -3.82961928  0.0
-0.83600000  -3.82326802  0.0
-0.83600000  -3.82387035  0.0
-0.90794394  -3.83021614  0.0
-1.06623018  -3.84916968  0.0
-1.22378563  -3.87345233  0.0
-1.38042447  -3.90307794  0.0
-1.53597347  -3.93797766  0.0
-1.69022801  -3.97820706  0.0
-1.84292747  -4.02398179  0.0
-1.99373124  -4.07564757  0.0
-2.14219041  -4.13369072  0.0
-2.28767571  -4.19881092  0.0
-2.42927690  -4.27196690  0.0
-2.56555880  -4.35456562  0.0
-2.69402929  -4.44877209  0.0
-2.80893738  -4.55883000  0.0
-2.88857460  -4.69530516  0.0
-2.89803205  -4.76747844  0.0
-2.88096553  -4.85116227  0.0
-2.79060102  -4.98124874  0.0
-2.67256323  -5.08806024  0.0
-2.54247310  -5.18004425  0.0
-2.40548415  -5.26149170  0.0
-2.26386985  -5.33464458  0.0
-2.11879606  -5.40069242  0.0
-1.97093226  -5.46024461  0.0
-1.82070952  -5.51357399  0.0
-1.66844631  -5.56076826  0.0
-1.51444062  -5.60192463  0.0
-1.35894499  -5.63703501  0.0
-1.20216926  -5.66588055  0.0
-1.04430763  -5.68800906  0.0
-0.88560053  -5.70284852  0.0
-0.83600000  -5.70509393  0.0
-0.83600000  -5.70569455  0.0
;;

