# exterior:
# ---------
 2.52015022  -4.98147552  0.0
 2.37432719  -5.02347290  0.0
 2.22148181  -5.06887283  0.0
 2.06889790  -5.11513554  0.0
 1.91646118  -5.16188420  0.0
 1.76406336  -5.20876026  0.0
 1.61160285  -5.25543298  0.0
 1.45898865  -5.30159813  0.0
 1.30613924  -5.34697475  0.0
 1.15297778  -5.39128937  0.0
 0.99945335  -5.43432888  0.0
 0.84550612  -5.47582957  0.0
 0.83600000  -5.47826757  0.0
 0.83600000  -5.47764815  0.0
 0.84535350  -5.47524930  0.0
 0.99929427  -5.43375035  0.0
 1.15281342  -5.39071232  0.0
 1.30597048  -5.34639897  0.0
 1.45881641  -5.30102338  0.0
 1.61142818  -5.25485897  0.0
 1.76388735  -5.20818666  0.0
 1.91628526  -5.16131057  0.0
 2.06872198  -5.11456190  0.0
 2.06872381  -5.11456135  0.0
 2.22130772  -5.06829864  0.0
 2.22131097  -5.06829767  0.0
 2.37415635  -5.02289774  0.0
 2.37416114  -5.02289634  0.0
 2.52015022  -4.98085113  0.0
 2.52015022  -4.98147552  0.0
;;

