# exterior:
# ---------
 4.72876000  -4.78327234  0.0
 4.57251342  -4.75543111  0.0
 4.57247960  -4.75542607  0.0
 4.41419072  -4.73644589  0.0
 4.41416036  -4.73644303  0.0
 4.25510438  -4.72552925  0.0
 4.25507765  -4.72552801  0.0
 4.09569164  -4.72171699  0.0
 4.09566677  -4.72171691  0.0
 3.93625803  -4.72451471  0.0
 3.93623436  -4.72451559  0.0
 3.77705966  -4.73360303  0.0
 3.77703725  -4.73360473  0.0
 3.61831417  -4.74864785  0.0
 3.61829343  -4.74865018  0.0
 3.46018651  -4.76920509  0.0
 3.46016795  -4.76920779  0.0
 3.30278069  -4.79469456  0.0
 3.30276366  -4.79469757  0.0
 3.14617814  -4.82470972  0.0
 3.14616304  -4.82471282  0.0
 2.99040250  -4.85873568  0.0
 2.99038973  -4.85873862  0.0
 2.83539554  -4.89615916  0.0
 2.83538508  -4.89616178  0.0
 2.68109045  -4.93636128  0.0
 2.68108215  -4.93636350  0.0
 2.52738476  -4.97876761  0.0
 2.52737829  -4.97876943  0.0
 2.37416114  -5.02289634  0.0
 2.37415635  -5.02289774  0.0
 2.22131097  -5.06829767  0.0
 2.22130772  -5.06829864  0.0
 2.06872381  -5.11456135  0.0
 2.06872198  -5.11456190  0.0
 1.91628526  -5.16131057  0.0
 1.76388735  -5.20818666  0.0
 1.61142818  -5.25485897  0.0
 1.45881641  -5.30102338  0.0
 1.30597048  -5.34639897  0.0
 1.15281342  -5.39071232  0.0
 0.99929427  -5.43375035  0.0
 0.84535350  -5.47524930  0.0
 0.69091697  -5.51485707  0.0
 0.53590977  -5.55215781  0.0
 0.38027468  -5.58673787  0.0
 0.22398895  -5.61823791  0.0
 0.06703327  -5.64618524  0.0
-0.09060527  -5.66996605  0.0
-0.24888545  -5.68897606  0.0
-0.40772010  -5.70253039  0.0
-0.56696201  -5.70980467  0.0
-0.72636339  -5.71005718  0.0
-0.88560053  -5.70284852  0.0
-1.04430763  -5.68800906  0.0
-1.20216926  -5.66588055  0.0
-1.35894499  -5.63703501  0.0
-1.51444062  -5.60192463  0.0
-1.66844631  -5.56076826  0.0
-1.82070952  -5.51357399  0.0
-1.97093226  -5.46024461  0.0
-2.11879606  -5.40069242  0.0
-2.26386985  -5.33464458  0.0
-2.40548415  -5.26149170  0.0
-2.54247310  -5.18004425  0.0
-2.67256323  -5.08806024  0.0
-2.79060102  -4.98124874  0.0
-2.88096553  -4.85116227  0.0
-2.89803205  -4.76747844  0.0
-2.88857460  -4.69530516  0.0
-2.80893738  -4.55883000  0.0
-2.69402929  -4.44877209  0.0
-2.56555880  -4.35456562  0.0
-2.42927690  -4.27196690  0.0
-2.28767571  -4.19881092  0.0
-2.14219041  -4.13369072  0.0
-1.99373124  -4.07564757  0.0
-1.84292747  -4.02398179  0.0
-1.69022801  -3.97820706  0.0
-1.53597347  -3.93797766  0.0
-1.38042447  -3.90307794  0.0
-1.22378563  -3.87345233  0.0
-1.06623018  -3.84916968  0.0
-0.90794394  -3.83021614  0.0
-0.74914047  -3.81620893  0.0
-0.59000024  -3.80672981  0.0
-0.43066374  -3.80143138  0.0
-0.27124421  -3.80006991  0.0
-0.11183733  -3.80247695  0.0
 0.04747274  -3.80852378  0.0
 0.20662290  -3.81798153  0.0
 0.36555343  -3.83060546  0.0
 0.52422531  -3.84614817  0.0
 0.68261450  -3.86435489  0.0
 0.84069882  -3.88505165  0.0
 0.99847559  -3.90798438  0.0
 1.15596120  -3.93284709  0.0
 1.31317476  -3.95938136  0.0
 1.47012127  -3.98745535  0.0
 1.62682072  -4.01688174  0.0
 1.78328632  -4.04752969  0.0
 1.93952881  -4.07929794  0.0
 2.09557345  -4.11202776  0.0
 2.25144302  -4.14558353  0.0
 2.40715189  -4.17987888  0.0
 2.56271865  -4.21481563  0.0
 2.71816778  -4.25027306  0.0
 2.87349844  -4.28624577  0.0
 3.02870890  -4.32273391  0.0
 3.18380815  -4.35969344  0.0
 3.33880804  -4.39706817  0.0
 3.49372129  -4.43480110  0.0
 3.64856533  -4.47281909  0.0
 3.80336107  -4.51103356  0.0
 3.95809837  -4.54948304  0.0
 4.11276278  -4.58822388  0.0
 4.26734316  -4.62729541  0.0
 4.42174758  -4.66704819  0.0
 4.57581177  -4.70808539  0.0
 4.72876000  -4.75146479  0.0
 4.72876000  -4.78327234  0.0
;;

# interior:
# ---------
 4.72626000  -4.78028750  0.0
 4.72626000  -4.75335434  0.0
 4.57514892  -4.71049600  0.0
 4.42111417  -4.66946664  0.0
 4.26672518  -4.62971783  0.0
 4.11215275  -4.59064831  0.0
 3.95749321  -4.55190869  0.0
 3.80276004  -4.51346023  0.0
 3.64796768  -4.47524661  0.0
 3.49312742  -4.43722954  0.0
 3.33821921  -4.39949784  0.0
 3.18322538  -4.36212457  0.0
 3.02813308  -4.32516670  0.0
 2.87293036  -4.28868037  0.0
 2.71760778  -4.25270954  0.0
 2.56216677  -4.21725396  0.0
 2.40660912  -4.18231925  0.0
 2.25091107  -4.14802628  0.0
 2.09505378  -4.11447316  0.0
 1.93902315  -4.08174628  0.0
 1.78279697  -4.04998135  0.0
 1.62634973  -4.01933699  0.0
 1.46967046  -3.98991439  0.0
 1.31274661  -3.96184446  0.0
 1.15555823  -3.93531443  0.0
 0.99810085  -3.91045618  0.0
 0.84035674  -3.88752820  0.0
 0.68230947  -3.86683629  0.0
 0.52396068  -3.84863422  0.0
 0.36533258  -3.83309580  0.0
 0.20644976  -3.82047565  0.0
 0.04735116  -3.81102097  0.0
-0.11190363  -3.80497623  0.0
-0.27125241  -3.80257007  0.0
-0.43061152  -3.80393102  0.0
-0.58988435  -3.80922734  0.0
-0.74895628  -3.81870239  0.0
-0.90768543  -3.83270305  0.0
-1.06589106  -3.85164693  0.0
-1.22336281  -3.87591668  0.0
-1.37991837  -3.90552654  0.0
-1.53538419  -3.94040760  0.0
-1.68955341  -3.98061475  0.0
-1.84216311  -4.02636257  0.0
-1.99287055  -4.07799535  0.0
-2.14122400  -4.13599717  0.0
-2.28659043  -4.20106415  0.0
-2.42805384  -4.27414895  0.0
-2.56416904  -4.35664664  0.0
-2.69241857  -4.45069108  0.0
-2.80695487  -4.56039289  0.0
-2.88616128  -4.69612978  0.0
-2.89549890  -4.76738862  0.0
-2.87861877  -4.85015856  0.0
-2.78871121  -4.97958721  0.0
-2.67099722  -5.08610572  0.0
-2.54111049  -5.17794590  0.0
-2.40427057  -5.25930474  0.0
-2.26277755  -5.33239497  0.0
-2.11781065  -5.39839415  0.0
-1.97004670  -5.45790612  0.0
-1.81992094  -5.51120107  0.0
-1.66775324  -5.55836574  0.0
-1.51384235  -5.59949678  0.0
-1.35844328  -5.63458535  0.0
-1.20176936  -5.66341216  0.0
-1.04401758  -5.68552527  0.0
-0.88542753  -5.70035379  0.0
-0.72630881  -5.70755709  0.0
-0.56702106  -5.70730476  0.0
-0.40788349  -5.70003524  0.0
-0.24914086  -5.68648877  0.0
-0.09094086  -5.66748839  0.0
 0.06662761  -5.64371815  0.0
 0.22352279  -5.61578159  0.0
 0.37975653  -5.58429203  0.0
 0.53534615  -5.54972207  0.0
 0.69031396  -5.51243082  0.0
 0.84471758  -5.47283148  0.0
 0.99863148  -5.43133977  0.0
 1.15212857  -5.38830793  0.0
 1.30526731  -5.34399988  0.0
 1.45809874  -5.29862860  0.0
 1.61070035  -5.25246726  0.0
 1.76315395  -5.20579665  0.0
 1.91555226  -5.15892044  0.0
 2.06798899  -5.11217177  0.0
 2.06799279  -5.11217061  0.0
 2.06799462  -5.11217005  0.0
 2.06799843  -5.11216890  0.0
 2.22058234  -5.06590619  0.0
 2.22058911  -5.06590415  0.0
 2.22059236  -5.06590317  0.0
 2.22059913  -5.06590115  0.0
 2.37344451  -5.02050122  0.0
 2.37345448  -5.02049828  0.0
 2.37345927  -5.02049688  0.0
 2.37346926  -5.02049399  0.0
 2.52668640  -4.97636708  0.0
 2.52669989  -4.97636324  0.0
 2.52670636  -4.97636141  0.0
 2.52671987  -4.97635765  0.0
 2.68041726  -4.93395354  0.0
 2.68043454  -4.93394884  0.0
 2.68044284  -4.93394661  0.0
 2.68046015  -4.93394204  0.0
 2.83475478  -4.89374254  0.0
 2.83477655  -4.89373698  0.0
 2.83478701  -4.89373435  0.0
 2.83480882  -4.89372898  0.0
 2.98980301  -4.85630844  0.0
 2.98982959  -4.85630218  0.0
 2.98984236  -4.85629924  0.0
 2.98986900  -4.85629327  0.0
 3.14562955  -4.82227040  0.0
 3.14566095  -4.82226375  0.0
 3.14567605  -4.82226066  0.0
 3.14570754  -4.82225441  0.0
 3.30229306  -4.79224226  0.0
 3.30232849  -4.79223573  0.0
 3.30234552  -4.79223272  0.0
 3.30238105  -4.79222671  0.0
 3.45976832  -4.76673994  0.0
 3.45980694  -4.76673400  0.0
 3.45982550  -4.76673129  0.0
 3.45986421  -4.76672595  0.0
 3.61797112  -4.74617104  0.0
 3.61801429  -4.74616581  0.0
 3.61803503  -4.74616348  0.0
 3.61807828  -4.74615900  0.0
 3.77680137  -4.73111589  0.0
 3.77684803  -4.73111190  0.0
 3.77687044  -4.73111020  0.0
 3.77691717  -4.73110710  0.0
 3.93609186  -4.72201965  0.0
 3.93614116  -4.72201733  0.0
 3.93616483  -4.72201644  0.0
 3.93621416  -4.72201509  0.0
 4.09562290  -4.71921729  0.0
 4.09567472  -4.71921692  0.0
 4.09569959  -4.71921700  0.0
 4.09575140  -4.71921770  0.0
 4.25513741  -4.72302873  0.0
 4.25519313  -4.72303068  0.0
 4.25521986  -4.72303192  0.0
 4.25527552  -4.72303511  0.0
 4.41433149  -4.73394890  0.0
 4.41439482  -4.73395405  0.0
 4.41442518  -4.73395691  0.0
 4.41448836  -4.73396367  0.0
 4.57277724  -4.75294385  0.0
 4.57284785  -4.75295334  0.0
 4.57288167  -4.75295838  0.0
 4.57295198  -4.75296988  0.0
 4.72626000  -4.78028750  0.0
;;

