# exterior:
# ---------
-0.83600000  -5.70259137  0.0
-0.88542753  -5.70035379  0.0
-1.04401758  -5.68552527  0.0
-1.20176936  -5.66341216  0.0
-1.35844328  -5.63458535  0.0
-1.51384235  -5.59949678  0.0
-1.66775324  -5.55836574  0.0
-1.81992094  -5.51120107  0.0
-1.97004670  -5.45790612  0.0
-2.11781065  -5.39839415  0.0
-2.26277755  -5.33239497  0.0
-2.40427057  -5.25930474  0.0
-2.54111049  -5.17794590  0.0
-2.67099722  -5.08610572  0.0
-2.78871121  -4.97958721  0.0
-2.87861877  -4.85015856  0.0
-2.89549890  -4.76738862  0.0
-2.88616128  -4.69612978  0.0
-2.80695487  -4.56039289  0.0
-2.69241857  -4.45069108  0.0
-2.56416904  -4.35664664  0.0
-2.42805384  -4.27414895  0.0
-2.28659043  -4.20106415  0.0
-2.14122400  -4.13599717  0.0
-1.99287055  -4.07799535  0.0
-1.84216311  -4.02636257  0.0
-1.68955341  -3.98061475  0.0
-1.53538419  -3.94040760  0.0
-1.37991837  -3.90552654  0.0
-1.22336281  -3.87591668  0.0
-1.06589106  -3.85164693  0.0
-0.90768543  -3.83270305  0.0
-0.83600000  -3.82638005  0.0
-0.83600000  -3.85649653  0.0
-0.90458333  -3.86254590  0.0
-1.06182167  -3.88137396  0.0
-1.21828892  -3.90548889  0.0
-1.37384522  -3.93490977  0.0
-1.52831290  -3.96956688  0.0
-1.68145821  -4.00950699  0.0
-1.83299084  -4.05493193  0.0
-1.98254228  -4.10616867  0.0
-2.12962712  -4.16367449  0.0
-2.27356706  -4.22810297  0.0
-2.41337714  -4.30033361  0.0
-2.54749198  -4.38161891  0.0
-2.67308996  -4.47371898  0.0
-2.78316467  -4.57914753  0.0
-2.85720150  -4.70602523  0.0
-2.86510120  -4.76631079  0.0
-2.85045760  -4.83811408  0.0
-2.76603349  -4.95964890  0.0
-2.65220507  -5.06265139  0.0
-2.52475917  -5.15276571  0.0
-2.38970767  -5.23306124  0.0
-2.24967003  -5.30539967  0.0
-2.10598575  -5.37081491  0.0
-1.95942004  -5.42984429  0.0
-1.81045800  -5.48272612  0.0
-1.65943647  -5.52953553  0.0
-1.50666315  -5.57036256  0.0
-1.35242276  -5.60518951  0.0
-1.19697056  -5.63379153  0.0
-1.04053700  -5.65571986  0.0
-0.88335154  -5.67041705  0.0
-0.83600000  -5.67256065  0.0
-0.83600000  -5.70259137  0.0
;;

