# exterior:
# ---------
 4.11467273  -4.65665212  0.0
 4.09725735  -4.65623570  0.0
 4.09724180  -4.65623537  0.0
 4.09693094  -4.65622955  0.0
 4.09691540  -4.65622930  0.0
 4.09629364  -4.65622088  0.0
 4.09627809  -4.65622071  0.0
 4.09596719  -4.65621811  0.0
 4.09595164  -4.65621802  0.0
 4.09582314  -4.65621761  0.0
 4.09580760  -4.65621760  0.0
 4.09549668  -4.65621823  0.0
 4.09548114  -4.65621830  0.0
 4.09485933  -4.65622276  0.0
 4.09484379  -4.65622292  0.0
 4.09453290  -4.65622676  0.0
 4.09451735  -4.65622699  0.0
 4.07546945  -4.65656131  0.0
 4.07546945  -4.65156054  0.0
 4.11467273  -4.65665212  0.0
;;

