# exterior:
# ---------
 3.72936000  -4.52624060  0.0
 3.72936000  -4.55714126  0.0
 3.78833532  -4.57170051  0.0
 3.94296942  -4.61012435  0.0
 4.09751186  -4.64883464  0.0
 4.14299187  -4.66033010  0.0
 4.09718563  -4.65923485  0.0
 4.09687477  -4.65922902  0.0
 4.09625301  -4.65922060  0.0
 4.09594211  -4.65921800  0.0
 4.09581361  -4.65921760  0.0
 4.09550269  -4.65921822  0.0
 4.09488089  -4.65922269  0.0
 4.09457000  -4.65922653  0.0
 3.93516125  -4.66202433  0.0
 3.93486523  -4.66203099  0.0
 3.93427327  -4.66204722  0.0
 3.93397732  -4.66205680  0.0
 3.93385503  -4.66206136  0.0
 3.93355920  -4.66207386  0.0
 3.93296767  -4.66210178  0.0
 3.93267197  -4.66211720  0.0
 3.77349727  -4.67120464  0.0
 3.77321683  -4.67122197  0.0
 3.77265610  -4.67125925  0.0
 3.77237583  -4.67127921  0.0
 3.77226003  -4.67128800  0.0
 3.77197996  -4.67131058  0.0
 3.77142003  -4.67135836  0.0
 3.77114018  -4.67138356  0.0
 3.72936000  -4.67534331  0.0
 3.72936000  -4.70547775  0.0
 3.61524769  -4.71629284  0.0
 3.61472866  -4.71634659  0.0
 3.61462150  -4.71635863  0.0
 3.61410348  -4.71642140  0.0
 3.45599657  -4.73697630  0.0
 3.45553204  -4.73704039  0.0
 3.45543615  -4.73705438  0.0
 3.45497269  -4.73712572  0.0
 3.29758542  -4.76261249  0.0
 3.29715910  -4.76268468  0.0
 3.29707110  -4.76270024  0.0
 3.29664586  -4.76277857  0.0
 3.14006035  -4.79279072  0.0
 3.13968246  -4.79286567  0.0
 3.13960447  -4.79288166  0.0
 3.13922757  -4.79296145  0.0
 2.98346703  -4.82698431  0.0
 2.98314729  -4.82705599  0.0
 2.98308129  -4.82707116  0.0
 2.98276234  -4.82714632  0.0
 2.82776815  -4.86456687  0.0
 2.82750638  -4.86463131  0.0
 2.82745234  -4.86464487  0.0
 2.82719116  -4.86471167  0.0
 2.67289653  -4.90491116  0.0
 2.67268878  -4.90496608  0.0
 2.67264589  -4.90497759  0.0
 2.67243854  -4.90503399  0.0
 2.60615022  -4.92332251  0.0
 2.60615022  -4.25805697  0.0
 2.71088773  -4.28194724  0.0
 2.86611335  -4.31789562  0.0
 3.02122325  -4.35436013  0.0
 3.17623215  -4.39129813  0.0
 3.33115323  -4.42865385  0.0
 3.48600094  -4.46637081  0.0
 3.64079591  -4.50437676  0.0
 3.72936000  -4.52624060  0.0
;;

# interior:
# ---------
 3.72636000  -4.52859006  0.0
 3.64007874  -4.50728978  0.0
 3.48528830  -4.46928494  0.0
 3.33044663  -4.43156945  0.0
 3.17553283  -4.39421548  0.0
 3.02053226  -4.35727947  0.0
 2.86543165  -4.32081715  0.0
 2.71021573  -4.28487102  0.0
 2.60915022  -4.26181831  0.0
 2.60915022  -4.91938275  0.0
 2.67164067  -4.90214204  0.0
 2.67165104  -4.90213920  0.0
 2.67185838  -4.90208279  0.0
 2.67186875  -4.90207999  0.0
 2.67191165  -4.90206849  0.0
 2.67192203  -4.90206572  0.0
 2.67212977  -4.90201080  0.0
 2.67214017  -4.90200808  0.0
 2.82643480  -4.86180858  0.0
 2.82644785  -4.86180521  0.0
 2.82670903  -4.86173842  0.0
 2.82672210  -4.86173511  0.0
 2.82677614  -4.86172155  0.0
 2.82678922  -4.86171829  0.0
 2.82705099  -4.86165385  0.0
 2.82706409  -4.86165065  0.0
 2.98205827  -4.82423011  0.0
 2.98207421  -4.82422631  0.0
 2.98239316  -4.82415115  0.0
 2.98240912  -4.82414743  0.0
 2.98247511  -4.82413226  0.0
 2.98249109  -4.82412863  0.0
 2.98281084  -4.82405696  0.0
 2.98282684  -4.82405342  0.0
 3.13858738  -4.79003056  0.0
 3.13860621  -4.79002651  0.0
 3.13898310  -4.78994671  0.0
 3.13900196  -4.78994278  0.0
 3.13907995  -4.78992679  0.0
 3.13909883  -4.78992299  0.0
 3.13947672  -4.78984804  0.0
 3.13949563  -4.78984435  0.0
 3.29608114  -4.75983220  0.0
 3.29610239  -4.75982821  0.0
 3.29652763  -4.75974988  0.0
 3.29654891  -4.75974604  0.0
 3.29663690  -4.75973048  0.0
 3.29665821  -4.75972679  0.0
 3.29708453  -4.75965460  0.0
 3.29710586  -4.75965107  0.0
 3.45449313  -4.73416430  0.0
 3.45451629  -4.73416064  0.0
 3.45497975  -4.73408931  0.0
 3.45500294  -4.73408583  0.0
 3.45509883  -4.73407183  0.0
 3.45512204  -4.73406854  0.0
 3.45558656  -4.73400445  0.0
 3.45560980  -4.73400134  0.0
 3.61371672  -4.71344644  0.0
 3.61374260  -4.71344318  0.0
 3.61426062  -4.71338041  0.0
 3.61428654  -4.71337739  0.0
 3.61439370  -4.71336535  0.0
 3.61441964  -4.71336255  0.0
 3.61493867  -4.71330880  0.0
 3.61496463  -4.71330622  0.0
 3.72636000  -4.70274863  0.0
 3.72636000  -4.67534331  0.0
 3.72637452  -4.67504853  0.0
 3.72641793  -4.67475660  0.0
 3.72648982  -4.67447034  0.0
 3.72658949  -4.67419254  0.0
 3.72671597  -4.67392588  0.0
 3.72686805  -4.67367293  0.0
 3.72704424  -4.67343615  0.0
 3.72724285  -4.67321783  0.0
 3.72746195  -4.67302008  0.0
 3.72769942  -4.67284482  0.0
 3.72795296  -4.67269374  0.0
 3.72822012  -4.67256830  0.0
 3.72849831  -4.67246973  0.0
 3.72878484  -4.67239896  0.0
 3.72907694  -4.67235669  0.0
 3.77085712  -4.66839694  0.0
 3.77087111  -4.66839565  0.0
 3.77115096  -4.66837045  0.0
 3.77116496  -4.66836922  0.0
 3.77172488  -4.66832144  0.0
 3.77173888  -4.66832028  0.0
 3.77201896  -4.66829770  0.0
 3.77203296  -4.66829660  0.0
 3.77214876  -4.66828781  0.0
 3.77216278  -4.66828678  0.0
 3.77244305  -4.66826683  0.0
 3.77245707  -4.66826586  0.0
 3.77301779  -4.66822858  0.0
 3.77303181  -4.66822768  0.0
 3.77331226  -4.66821035  0.0
 3.77332628  -4.66820952  0.0
 3.93250098  -4.65912207  0.0
 3.93251576  -4.65912127  0.0
 3.93281145  -4.65910585  0.0
 3.93282624  -4.65910511  0.0
 3.93341777  -4.65907720  0.0
 3.93343256  -4.65907654  0.0
 3.93372839  -4.65906404  0.0
 3.93374319  -4.65906345  0.0
 3.93386548  -4.65905889  0.0
 3.93388028  -4.65905837  0.0
 3.93417622  -4.65904879  0.0
 3.93419102  -4.65904835  0.0
 3.93478298  -4.65903211  0.0
 3.93479778  -4.65903175  0.0
 3.93509381  -4.65902509  0.0
 3.93510861  -4.65902479  0.0
 4.09451735  -4.65622699  0.0
 4.09453290  -4.65622676  0.0
 4.09484379  -4.65622292  0.0
 4.09485933  -4.65622276  0.0
 4.09548114  -4.65621830  0.0
 4.09549668  -4.65621823  0.0
 4.09580760  -4.65621760  0.0
 4.09582314  -4.65621761  0.0
 4.09595164  -4.65621802  0.0
 4.09596719  -4.65621811  0.0
 4.09627809  -4.65622071  0.0
 4.09629364  -4.65622088  0.0
 4.09691540  -4.65622930  0.0
 4.09693094  -4.65622955  0.0
 4.09724180  -4.65623537  0.0
 4.09725735  -4.65623570  0.0
 4.11635757  -4.65669240  0.0
 4.09677982  -4.65174396  0.0
 3.94224323  -4.61303513  0.0
 3.78761408  -4.57461252  0.0
 3.72864098  -4.56005382  0.0
 3.72836819  -4.55997257  0.0
 3.72810433  -4.55986583  0.0
 3.72785178  -4.55973457  0.0
 3.72761280  -4.55957996  0.0
 3.72738955  -4.55940341  0.0
 3.72718403  -4.55920649  0.0
 3.72699811  -4.55899098  0.0
 3.72683344  -4.55875882  0.0
 3.72669152  -4.55851209  0.0
 3.72657361  -4.55825303  0.0
 3.72648079  -4.55798397  0.0
 3.72641389  -4.55770731  0.0
 3.72637350  -4.55742556  0.0
 3.72636000  -4.55714126  0.0
 3.72636000  -4.52859006  0.0
;;

