# exterior:
# ---------
-0.83900000  -5.66942177  0.0
-0.88314394  -5.66742337  0.0
-1.04018894  -5.65273932  0.0
-1.19649068  -5.63082947  0.0
-1.35182071  -5.60224993  0.0
-1.50594523  -5.56744914  0.0
-1.65860480  -5.52665251  0.0
-1.80951171  -5.47987862  0.0
-1.95835737  -5.42703811  0.0
-2.10480326  -5.36805698  0.0
-2.24835928  -5.30270014  0.0
-2.38825138  -5.23043689  0.0
-2.52312404  -5.15024769  0.0
-2.65032585  -5.06030596  0.0
-2.76376572  -4.95765507  0.0
-2.84764149  -4.83690963  0.0
-2.86206143  -4.76620300  0.0
-2.85430552  -4.70701477  0.0
-2.78078565  -4.58102299  0.0
-2.67115710  -4.47602177  0.0
-2.54582428  -4.38411613  0.0
-2.41190947  -4.30295207  0.0
-2.27226472  -4.23080686  0.0
-2.12846744  -4.16644223  0.0
-1.98150945  -4.10898600  0.0
-1.83207361  -4.05778887  0.0
-1.68064869  -4.01239622  0.0
-1.52760577  -3.97248280  0.0
-1.37323791  -3.93784809  0.0
-1.21778153  -3.90844611  0.0
-1.06141473  -3.88434666  0.0
-0.90427312  -3.86553019  0.0
-0.83900000  -3.85977279  0.0
-0.84400000  -3.86523323  0.0
-0.90375610  -3.87050399  0.0
-1.06073650  -3.88930117  0.0
-1.21693588  -3.91337482  0.0
-1.37222572  -3.94274529  0.0
-1.52642722  -3.97734268  0.0
-1.67929949  -4.01721159  0.0
-1.83054490  -4.06255043  0.0
-1.97978807  -4.11368155  0.0
-2.12653462  -4.17105512  0.0
-2.27009416  -4.23531333  0.0
-2.40946335  -4.30731618  0.0
-2.54304477  -4.38827818  0.0
-2.66793567  -4.47985975  0.0
-2.77682062  -4.58414876  0.0
-2.84947889  -4.70866401  0.0
-2.85699514  -4.76602337  0.0
-2.84294796  -4.83490222  0.0
-2.75998610  -4.95433202  0.0
-2.64719382  -5.05639690  0.0
-2.52039882  -5.14605099  0.0
-2.38582423  -5.22606297  0.0
-2.24617469  -5.29820093  0.0
-2.10283245  -5.36346044  0.0
-1.95658626  -5.42236114  0.0
-1.80793455  -5.47513280  0.0
-1.65721867  -5.52184747  0.0
-1.50474869  -5.56259344  0.0
-1.35081729  -5.59735062  0.0
-1.19569088  -5.62589270  0.0
-1.03960885  -5.64777175  0.0
-0.88279794  -5.66243391  0.0
-0.84400000  -5.66419030  0.0
-0.83900000  -5.66942177  0.0
;;

