# exterior:
# ---------
-0.74700000  -3.87878606  0.0
-0.74700000  -3.87876279  0.0
-0.74453570  -3.87854542  0.0
-0.58710305  -3.86916802  0.0
-0.42935809  -3.86392251  0.0
-0.27144919  -3.86257394  0.0
-0.11349465  -3.86495904  0.0
 0.04443330  -3.87095342  0.0
 0.20229425  -3.88033456  0.0
 0.36003204  -3.89286375  0.0
 0.51760966  -3.90829927  0.0
 0.67498866  -3.92638986  0.0
 0.74700000  -3.93581776  0.0
 0.74200000  -3.94020581  0.0
 0.67437859  -3.93135266  0.0
 0.51708041  -3.91327136  0.0
 0.35959033  -3.89784441  0.0
 0.20194796  -3.88532280  0.0
 0.04419014  -3.87594779  0.0
-0.11362724  -3.86995761  0.0
-0.27146559  -3.86757426  0.0
-0.42925364  -3.86892180  0.0
-0.58687128  -3.87416307  0.0
-0.74200000  -3.88340325  0.0
-0.74700000  -3.87878606  0.0
;;

