# exterior:
# ---------
 0.75000000  -5.49712335  0.0
 0.69031396  -5.51243082  0.0
 0.53534615  -5.54972207  0.0
 0.37975653  -5.58429203  0.0
 0.22352279  -5.61578159  0.0
 0.06662761  -5.64371815  0.0
-0.09094086  -5.66748839  0.0
-0.24914086  -5.68648877  0.0
-0.40788349  -5.70003524  0.0
-0.56702106  -5.70730476  0.0
-0.72630881  -5.70755709  0.0
-0.75000000  -5.70648459  0.0
-0.75000000  -5.64942621  0.0
-0.72506440  -5.65055505  0.0
-0.56836740  -5.65030682  0.0
-0.41160875  -5.64314598  0.0
-0.25496439  -5.62977856  0.0
-0.09859244  -5.61099774  0.0
 0.05737859  -5.58746848  0.0
 0.21289428  -5.55977755  0.0
 0.36794275  -5.52852688  0.0
 0.52249573  -5.49418725  0.0
 0.67656518  -5.45711218  0.0
 0.75000000  -5.43827862  0.0
 0.75000000  -5.49712335  0.0
;;

