# exterior:
# ---------
-0.75000000  -3.81879445  0.0
-0.74895628  -3.81870239  0.0
-0.58988435  -3.80922734  0.0
-0.43061152  -3.80393102  0.0
-0.27125241  -3.80257007  0.0
-0.11190363  -3.80497623  0.0
 0.04735116  -3.81102097  0.0
 0.20644976  -3.82047565  0.0
 0.36533258  -3.83309580  0.0
 0.52396068  -3.84863422  0.0
 0.68230947  -3.86683629  0.0
 0.75000000  -3.87569849  0.0
 0.75000000  -3.93318492  0.0
 0.67535470  -3.92341218  0.0
 0.51792721  -3.90531602  0.0
 0.36029707  -3.88987535  0.0
 0.20250203  -3.87734161  0.0
 0.04457919  -3.86795680  0.0
-0.11341510  -3.86195990  0.0
-0.27143935  -3.85957375  0.0
-0.42942076  -3.86092293  0.0
-0.58724212  -3.86617098  0.0
-0.74475673  -3.87555327  0.0
-0.75000000  -3.87601575  0.0
-0.75000000  -3.81879445  0.0
;;

