# exterior:
# ---------
 4.44863519  -4.74057608  0.0
 4.41419072  -4.73644589  0.0
 4.41416036  -4.73644303  0.0
 4.25510438  -4.72552925  0.0
 4.25507765  -4.72552801  0.0
 4.14299187  -4.72284797  0.0
 4.14299187  -4.72034725  0.0
 4.25513741  -4.72302873  0.0
 4.25519313  -4.72303068  0.0
 4.25521986  -4.72303192  0.0
 4.25527552  -4.72303511  0.0
 4.41433149  -4.73394890  0.0
 4.41439482  -4.73395405  0.0
 4.41442518  -4.73395691  0.0
 4.41448836  -4.73396367  0.0
 4.44863519  -4.73805817  0.0
 4.44863519  -4.74057608  0.0
;;

