# exterior:
# ---------
 4.07546945  -4.72207139  0.0
 3.93625803  -4.72451471  0.0
 3.93623436  -4.72451559  0.0
 3.77705966  -4.73360303  0.0
 3.77703725  -4.73360473  0.0
 3.72936000  -4.73812339  0.0
 3.72936000  -4.73561218  0.0
 3.77680137  -4.73111589  0.0
 3.77684803  -4.73111190  0.0
 3.77687044  -4.73111020  0.0
 3.77691717  -4.73110710  0.0
 3.93609186  -4.72201965  0.0
 3.93614116  -4.72201733  0.0
 3.93616483  -4.72201644  0.0
 3.93621416  -4.72201509  0.0
 4.07546945  -4.71957101  0.0
 4.07546945  -4.72207139  0.0
;;

