# exterior:
# ---------
 0.75000000  -5.49970426  0.0
 0.69091697  -5.51485707  0.0
 0.53590977  -5.55215781  0.0
 0.38027468  -5.58673787  0.0
 0.22398895  -5.61823791  0.0
 0.06703327  -5.64618524  0.0
-0.09060527  -5.66996605  0.0
-0.24888545  -5.68897606  0.0
-0.40772010  -5.70253039  0.0
-0.56696201  -5.70980467  0.0
-0.72636339  -5.71005718  0.0
-0.75000000  -5.70898715  0.0
-0.75000000  -5.70648459  0.0
-0.72630881  -5.70755709  0.0
-0.56702106  -5.70730476  0.0
-0.40788349  -5.70003524  0.0
-0.24914086  -5.68648877  0.0
-0.09094086  -5.66748839  0.0
 0.06662761  -5.64371815  0.0
 0.22352279  -5.61578159  0.0
 0.37975653  -5.58429203  0.0
 0.53534615  -5.54972207  0.0
 0.69031396  -5.51243082  0.0
 0.75000000  -5.49712335  0.0
 0.75000000  -5.49970426  0.0
;;

