# exterior:
# ---------
 0.74700000  -3.93581776  0.0
 0.74700000  -5.43595092  0.0
 0.67584156  -5.45420067  0.0
 0.52181939  -5.49126437  0.0
 0.36732097  -5.52559188  0.0
 0.21233488  -5.55682997  0.0
 0.05689180  -5.58450797  0.0
-0.09899516  -5.60802454  0.0
-0.25527089  -5.62679381  0.0
-0.41180482  -5.64015180  0.0
-0.56843826  -5.64730693  0.0
-0.72499891  -5.64755494  0.0
-0.74700000  -5.64655895  0.0
-0.74700000  -3.87876279  0.0
-0.74453570  -3.87854542  0.0
-0.58710305  -3.86916802  0.0
-0.42935809  -3.86392251  0.0
-0.27144919  -3.86257394  0.0
-0.11349465  -3.86495904  0.0
 0.04443330  -3.87095342  0.0
 0.20229425  -3.88033456  0.0
 0.36003204  -3.89286375  0.0
 0.51760966  -3.90829927  0.0
 0.67498866  -3.92638986  0.0
 0.74700000  -3.93581776  0.0
;;

# interior:
# ---------
-0.74200000  -3.88340325  0.0
-0.74200000  -5.64178018  0.0
-0.72488975  -5.64255476  0.0
-0.56855636  -5.64230711  0.0
-0.41213160  -5.63516152  0.0
-0.25578172  -5.62181923  0.0
-0.09966635  -5.60306922  0.0
 0.05608048  -5.57957379  0.0
 0.21140256  -5.55191734  0.0
 0.36628468  -5.52070020  0.0
 0.52069216  -5.48639289  0.0
 0.67463553  -5.44934816  0.0
 0.74200000  -5.43207144  0.0
 0.74200000  -3.94020581  0.0
 0.67437859  -3.93135266  0.0
 0.51708041  -3.91327136  0.0
 0.35959033  -3.89784441  0.0
 0.20194796  -3.88532280  0.0
 0.04419014  -3.87594779  0.0
-0.11362724  -3.86995761  0.0
-0.27146559  -3.86757426  0.0
-0.42925364  -3.86892180  0.0
-0.58687128  -3.87416307  0.0
-0.74200000  -3.88340325  0.0
;;

