# exterior:
# ---------
 4.07546945  -4.65956177  0.0
 3.93516125  -4.66202433  0.0
 3.93486523  -4.66203099  0.0
 3.93427327  -4.66204722  0.0
 3.93397732  -4.66205680  0.0
 3.93385503  -4.66206136  0.0
 3.93355920  -4.66207386  0.0
 3.93296767  -4.66210178  0.0
 3.93267197  -4.66211720  0.0
 3.77349727  -4.67120464  0.0
 3.77321683  -4.67122197  0.0
 3.77265610  -4.67125925  0.0
 3.77237583  -4.67127921  0.0
 3.77226003  -4.67128800  0.0
 3.77197996  -4.67131058  0.0
 3.77142003  -4.67135836  0.0
 3.77114018  -4.67138356  0.0
 3.72936000  -4.67534331  0.0
 3.72936000  -4.67232987  0.0
 3.77085712  -4.66839694  0.0
 3.77087111  -4.66839565  0.0
 3.77115096  -4.66837045  0.0
 3.77116496  -4.66836922  0.0
 3.77172488  -4.66832144  0.0
 3.77173888  -4.66832028  0.0
 3.77201896  -4.66829770  0.0
 3.77203296  -4.66829660  0.0
 3.77214876  -4.66828781  0.0
 3.77216278  -4.66828678  0.0
 3.77244305  -4.66826683  0.0
 3.77245707  -4.66826586  0.0
 3.77301779  -4.66822858  0.0
 3.77303181  -4.66822768  0.0
 3.77331226  -4.66821035  0.0
 3.77332628  -4.66820952  0.0
 3.93250098  -4.65912207  0.0
 3.93251576  -4.65912127  0.0
 3.93281145  -4.65910585  0.0
 3.93282624  -4.65910511  0.0
 3.93341777  -4.65907720  0.0
 3.93343256  -4.65907654  0.0
 3.93372839  -4.65906404  0.0
 3.93374319  -4.65906345  0.0
 3.93386548  -4.65905889  0.0
 3.93388028  -4.65905837  0.0
 3.93417622  -4.65904879  0.0
 3.93419102  -4.65904835  0.0
 3.93478298  -4.65903211  0.0
 3.93479778  -4.65903175  0.0
 3.93509381  -4.65902509  0.0
 3.93510861  -4.65902479  0.0
 4.07546945  -4.65656131  0.0
 4.07546945  -4.65956177  0.0
;;

