# exterior:
# ---------
 4.07546945  -4.65656131  0.0
 3.93510861  -4.65902479  0.0
 3.93509381  -4.65902509  0.0
 3.93479778  -4.65903175  0.0
 3.93478298  -4.65903211  0.0
 3.93419102  -4.65904835  0.0
 3.93417622  -4.65904879  0.0
 3.93388028  -4.65905837  0.0
 3.93386548  -4.65905889  0.0
 3.93374319  -4.65906345  0.0
 3.93372839  -4.65906404  0.0
 3.93343256  -4.65907654  0.0
 3.93341777  -4.65907720  0.0
 3.93282624  -4.65910511  0.0
 3.93281145  -4.65910585  0.0
 3.93251576  -4.65912127  0.0
 3.93250098  -4.65912207  0.0
 3.77332628  -4.66820952  0.0
 3.77331226  -4.66821035  0.0
 3.77303181  -4.66822768  0.0
 3.77301779  -4.66822858  0.0
 3.77245707  -4.66826586  0.0
 3.77244305  -4.66826683  0.0
 3.77216278  -4.66828678  0.0
 3.77214876  -4.66828781  0.0
 3.77203296  -4.66829660  0.0
 3.77201896  -4.66829770  0.0
 3.77173888  -4.66832028  0.0
 3.77172488  -4.66832144  0.0
 3.77116496  -4.66836922  0.0
 3.77115096  -4.66837045  0.0
 3.77087111  -4.66839565  0.0
 3.77085712  -4.66839694  0.0
 3.72936000  -4.67232987  0.0
 3.72936000  -4.66730746  0.0
 3.77038536  -4.66341925  0.0
 3.77039701  -4.66341816  0.0
 3.77041100  -4.66341686  0.0
 3.77042266  -4.66341580  0.0
 3.77070251  -4.66339060  0.0
 3.77071418  -4.66338956  0.0
 3.77072817  -4.66338833  0.0
 3.77073983  -4.66338733  0.0
 3.77129976  -4.66333955  0.0
 3.77131143  -4.66333856  0.0
 3.77132543  -4.66333740  0.0
 3.77133710  -4.66333645  0.0
 3.77161717  -4.66331387  0.0
 3.77162884  -4.66331294  0.0
 3.77164285  -4.66331184  0.0
 3.77165452  -4.66331095  0.0
 3.77177032  -4.66330216  0.0
 3.77178200  -4.66330128  0.0
 3.77179601  -4.66330025  0.0
 3.77180768  -4.66329941  0.0
 3.77208796  -4.66327945  0.0
 3.77209964  -4.66327863  0.0
 3.77211365  -4.66327767  0.0
 3.77212533  -4.66327688  0.0
 3.77268605  -4.66323959  0.0
 3.77269774  -4.66323883  0.0
 3.77271176  -4.66323793  0.0
 3.77272344  -4.66323720  0.0
 3.77300389  -4.66321987  0.0
 3.77301558  -4.66321916  0.0
 3.77302960  -4.66321833  0.0
 3.77304129  -4.66321764  0.0
 3.93221599  -4.65413020  0.0
 3.93222830  -4.65412951  0.0
 3.93224309  -4.65412871  0.0
 3.93225541  -4.65412805  0.0
 3.93255110  -4.65411263  0.0
 3.93256342  -4.65411200  0.0
 3.93257821  -4.65411127  0.0
 3.93259053  -4.65411067  0.0
 3.93318206  -4.65408276  0.0
 3.93319439  -4.65408219  0.0
 3.93320918  -4.65408153  0.0
 3.93322150  -4.65408099  0.0
 3.93351734  -4.65406849  0.0
 3.93352966  -4.65406799  0.0
 3.93354446  -4.65406740  0.0
 3.93355678  -4.65406692  0.0
 3.93367908  -4.65406236  0.0
 3.93369141  -4.65406192  0.0
 3.93370620  -4.65406140  0.0
 3.93371853  -4.65406099  0.0
 3.93401448  -4.65405141  0.0
 3.93402681  -4.65405103  0.0
 3.93404161  -4.65405058  0.0
 3.93405394  -4.65405023  0.0
 3.93464590  -4.65403399  0.0
 3.93465824  -4.65403367  0.0
 3.93467304  -4.65403330  0.0
 3.93468537  -4.65403301  0.0
 3.93498139  -4.65402635  0.0
 3.93499373  -4.65402609  0.0
 3.93500853  -4.65402579  0.0
 3.93502087  -4.65402556  0.0
 4.07546945  -4.65156054  0.0
 4.07546945  -4.65656131  0.0
;;

