# exterior:
# ---------
 2.60615022  -4.22728644  0.0
 2.71760778  -4.25270954  0.0
 2.87293036  -4.28868037  0.0
 3.02813308  -4.32516670  0.0
 3.18322538  -4.36212457  0.0
 3.33821921  -4.39949784  0.0
 3.49312742  -4.43722954  0.0
 3.64796768  -4.47524661  0.0
 3.72936000  -4.49533995  0.0
 3.72936000  -4.52624060  0.0
 3.64079591  -4.50437676  0.0
 3.48600094  -4.46637081  0.0
 3.33115323  -4.42865385  0.0
 3.17623215  -4.39129813  0.0
 3.02122325  -4.35436013  0.0
 2.86611335  -4.31789562  0.0
 2.71088773  -4.28194724  0.0
 2.60615022  -4.25805697  0.0
 2.60615022  -4.22728644  0.0
;;

