# exterior:
# ---------
 0.75000000  -5.50032368  0.0
 0.69106170  -5.51543937  0.0
 0.53604504  -5.55274238  0.0
 0.38039904  -5.58732487  0.0
 0.22410083  -5.61882743  0.0
 0.06713063  -5.64677734  0.0
-0.09052473  -5.67056069  0.0
-0.24882415  -5.68957301  0.0
-0.40768089  -5.70312922  0.0
-0.56694784  -5.71040465  0.0
-0.72637649  -5.71065720  0.0
-0.75000000  -5.70958777  0.0
-0.75000000  -5.70898715  0.0
-0.72636339  -5.71005718  0.0
-0.56696201  -5.70980467  0.0
-0.40772010  -5.70253039  0.0
-0.24888545  -5.68897606  0.0
-0.09060527  -5.66996605  0.0
 0.06703327  -5.64618524  0.0
 0.22398895  -5.61823791  0.0
 0.38027468  -5.58673787  0.0
 0.53590977  -5.55215781  0.0
 0.69091697  -5.51485707  0.0
 0.75000000  -5.49970426  0.0
 0.75000000  -5.50032368  0.0
;;

