# exterior:
# ---------
 3.72936000  -4.73561218  0.0
 3.61807828  -4.74615900  0.0
 3.61797112  -4.74617104  0.0
 3.45986421  -4.76672595  0.0
 3.45976832  -4.76673994  0.0
 3.30238105  -4.79222671  0.0
 3.30229306  -4.79224226  0.0
 3.14570754  -4.82225441  0.0
 3.14562955  -4.82227040  0.0
 2.98986900  -4.85629327  0.0
 2.98980301  -4.85630844  0.0
 2.83480882  -4.89372898  0.0
 2.83475478  -4.89374254  0.0
 2.68046015  -4.93394204  0.0
 2.68041726  -4.93395354  0.0
 2.60615022  -4.95444333  0.0
 2.60615022  -4.92332251  0.0
 2.67243854  -4.90503399  0.0
 2.67264589  -4.90497759  0.0
 2.67268878  -4.90496608  0.0
 2.67289653  -4.90491116  0.0
 2.82719116  -4.86471167  0.0
 2.82745234  -4.86464487  0.0
 2.82750638  -4.86463131  0.0
 2.82776815  -4.86456687  0.0
 2.98276234  -4.82714632  0.0
 2.98308129  -4.82707116  0.0
 2.98314729  -4.82705599  0.0
 2.98346703  -4.82698431  0.0
 3.13922757  -4.79296145  0.0
 3.13960447  -4.79288166  0.0
 3.13968246  -4.79286567  0.0
 3.14006035  -4.79279072  0.0
 3.29664586  -4.76277857  0.0
 3.29707110  -4.76270024  0.0
 3.29715910  -4.76268468  0.0
 3.29758542  -4.76261249  0.0
 3.45497269  -4.73712572  0.0
 3.45543615  -4.73705438  0.0
 3.45553204  -4.73704039  0.0
 3.45599657  -4.73697630  0.0
 3.61410348  -4.71642140  0.0
 3.61462150  -4.71635863  0.0
 3.61472866  -4.71634659  0.0
 3.61524769  -4.71629284  0.0
 3.72936000  -4.70547775  0.0
 3.72936000  -4.73561218  0.0
;;

