# exterior:
# ---------
 4.72626000  -4.78028750  0.0
 4.57295198  -4.75296988  0.0
 4.57277724  -4.75294385  0.0
 4.41448836  -4.73396367  0.0
 4.41433149  -4.73394890  0.0
 4.25527552  -4.72303511  0.0
 4.25513741  -4.72302873  0.0
 4.09575140  -4.71921770  0.0
 4.09562290  -4.71921729  0.0
 3.93621416  -4.72201509  0.0
 3.93609186  -4.72201965  0.0
 3.77691717  -4.73110710  0.0
 3.77680137  -4.73111589  0.0
 3.72936000  -4.73561218  0.0
 3.72936000  -4.70547775  0.0
 3.77397077  -4.70124972  0.0
 3.77453070  -4.70120194  0.0
 3.77464650  -4.70119315  0.0
 3.77520722  -4.70115587  0.0
 3.93438192  -4.69206842  0.0
 3.93497345  -4.69204051  0.0
 3.93509574  -4.69203595  0.0
 3.93568770  -4.69201971  0.0
 4.09509645  -4.68922191  0.0
 4.09571825  -4.68921744  0.0
 4.09584676  -4.68921785  0.0
 4.09646852  -4.68922627  0.0
 4.25585453  -4.69303730  0.0
 4.25652314  -4.69306075  0.0
 4.25666125  -4.69306713  0.0
 4.25732917  -4.69310549  0.0
 4.41638515  -4.70401927  0.0
 4.41714506  -4.70408112  0.0
 4.41730193  -4.70409590  0.0
 4.41806003  -4.70417705  0.0
 4.44863519  -4.70784327  0.0
 4.41351327  -4.69848804  0.0
 4.25930944  -4.65878691  0.0
 4.10483231  -4.61974148  0.0
 3.95023131  -4.58101652  0.0
 3.79554768  -4.54258037  0.0
 3.72936000  -4.52624060  0.0
 3.72936000  -4.49533995  0.0
 3.80276004  -4.51346023  0.0
 3.95749321  -4.55190869  0.0
 4.11215275  -4.59064831  0.0
 4.26672518  -4.62971783  0.0
 4.42111417  -4.66946664  0.0
 4.57514892  -4.71049600  0.0
 4.72626000  -4.75335434  0.0
 4.72626000  -4.78028750  0.0
;;

