# exterior:
# ---------
 0.74700000  -5.43595092  0.0
 0.67584156  -5.45420067  0.0
 0.52181939  -5.49126437  0.0
 0.36732097  -5.52559188  0.0
 0.21233488  -5.55682997  0.0
 0.05689180  -5.58450797  0.0
-0.09899516  -5.60802454  0.0
-0.25527089  -5.62679381  0.0
-0.41180482  -5.64015180  0.0
-0.56843826  -5.64730693  0.0
-0.72499891  -5.64755494  0.0
-0.74700000  -5.64655895  0.0
-0.74200000  -5.64178018  0.0
-0.72488975  -5.64255476  0.0
-0.56855636  -5.64230711  0.0
-0.41213160  -5.63516152  0.0
-0.25578172  -5.62181923  0.0
-0.09966635  -5.60306922  0.0
 0.05608048  -5.57957379  0.0
 0.21140256  -5.55191734  0.0
 0.36628468  -5.52070020  0.0
 0.52069216  -5.48639289  0.0
 0.67463553  -5.44934816  0.0
 0.74200000  -5.43207144  0.0
 0.74700000  -5.43595092  0.0
;;

