# exterior:
# ---------
-0.75000000  -3.81568242  0.0
-0.74918468  -3.81561050  0.0
-0.59002805  -3.80613041  0.0
-0.43067628  -3.80083146  0.0
-0.27124224  -3.79946987  0.0
-0.11182142  -3.80187712  0.0
 0.04750192  -3.80792446  0.0
 0.20666446  -3.81738294  0.0
 0.36560644  -3.83000779  0.0
 0.52428882  -3.84555152  0.0
 0.68268771  -3.86375935  0.0
 0.75000000  -3.87257203  0.0
 0.75000000  -3.87317715  0.0
 0.68261450  -3.86435489  0.0
 0.52422531  -3.84614817  0.0
 0.36555343  -3.83060546  0.0
 0.20662290  -3.81798153  0.0
 0.04747274  -3.80852378  0.0
-0.11183733  -3.80247695  0.0
-0.27124421  -3.80006991  0.0
-0.43066374  -3.80143138  0.0
-0.59000024  -3.80672981  0.0
-0.74914047  -3.81620893  0.0
-0.75000000  -3.81628474  0.0
-0.75000000  -3.81568242  0.0
;;

