# exterior:
# ---------
 2.52015022  -4.23856522  0.0
 2.52015022  -4.94704935  0.0
 2.51874116  -4.94743810  0.0
 2.51857909  -4.94748330  0.0
 2.51854562  -4.94749274  0.0
 2.51838380  -4.94753885  0.0
 2.36516666  -4.99166576  0.0
 2.36504684  -4.99170053  0.0
 2.36502209  -4.99170777  0.0
 2.36490242  -4.99174305  0.0
 2.21205704  -5.03714297  0.0
 2.21197577  -5.03716724  0.0
 2.21195898  -5.03717228  0.0
 2.21187779  -5.03719677  0.0
 2.05929387  -5.08345948  0.0
 2.05924817  -5.08347337  0.0
 2.05923873  -5.08347625  0.0
 2.05919305  -5.08349022  0.0
 1.90675632  -5.13023889  0.0
 1.75435319  -5.17711657  0.0
 1.60196643  -5.22376672  0.0
 1.44948667  -5.26989119  0.0
 1.29682929  -5.31521081  0.0
 1.14391039  -5.35945525  0.0
 0.99067796  -5.40241290  0.0
 0.83708662  -5.44381765  0.0
 0.83600000  -5.44409633  0.0
 0.83600000  -3.91721382  0.0
 0.83625175  -3.91724678  0.0
 0.99360400  -3.94011780  0.0
 1.15072260  -3.96492257  0.0
 1.30760890  -3.99140161  0.0
 1.46426070  -4.01942288  0.0
 1.62069785  -4.04880002  0.0
 1.77692479  -4.07940122  0.0
 1.93295515  -4.11112634  0.0
 2.08881765  -4.14381795  0.0
 2.24452768  -4.17733938  0.0
 2.40009584  -4.21160373  0.0
 2.52015022  -4.23856522  0.0
;;

# interior:
# ---------
 0.83900000  -5.44019475  0.0
 0.98988260  -5.39952021  0.0
 1.14308857  -5.35656998  0.0
 1.29598549  -5.31233190  0.0
 1.44862546  -5.26701745  0.0
 1.60109304  -5.22089666  0.0
 1.75347311  -5.17424856  0.0
 1.90587433  -5.12737147  0.0
 2.05831345  -5.08062207  0.0
 2.05836142  -5.08060740  0.0
 2.05837314  -5.08060382  0.0
 2.05842113  -5.08058923  0.0
 2.21100733  -5.03432583  0.0
 2.21101139  -5.03432460  0.0
 2.21109259  -5.03430011  0.0
 2.21109665  -5.03429889  0.0
 2.21111344  -5.03429385  0.0
 2.21111750  -5.03429263  0.0
 2.21119877  -5.03426837  0.0
 2.21120283  -5.03426716  0.0
 2.36404821  -4.98886723  0.0
 2.36405419  -4.98886546  0.0
 2.36417386  -4.98883018  0.0
 2.36417985  -4.98882843  0.0
 2.36420460  -4.98882119  0.0
 2.36421059  -4.98881944  0.0
 2.36433041  -4.98878467  0.0
 2.36433640  -4.98878293  0.0
 2.51715022  -4.94477219  0.0
 2.51715022  -4.24096621  0.0
 2.39944451  -4.21453218  0.0
 2.24388934  -4.18027069  0.0
 2.08819404  -4.14675243  0.0
 1.93234835  -4.11406435  0.0
 1.77633757  -4.08234321  0.0
 1.62013266  -4.05174632  0.0
 1.46371972  -4.02237373  0.0
 1.30709513  -3.99435733  0.0
 1.15023903  -3.96788339  0.0
 0.99315431  -3.94308397  0.0
 0.83900000  -3.92067776  0.0
 0.83900000  -5.44019475  0.0
;;

