# exterior:
# ---------
 4.14299187  -4.69033868  0.0
 4.09646852  -4.68922627  0.0
 4.09584676  -4.68921785  0.0
 4.09571825  -4.68921744  0.0
 4.09509645  -4.68922191  0.0
 4.07546945  -4.68956639  0.0
 4.07546945  -4.65956177  0.0
 4.09457000  -4.65922653  0.0
 4.09488089  -4.65922269  0.0
 4.09550269  -4.65921822  0.0
 4.09581361  -4.65921760  0.0
 4.09594211  -4.65921800  0.0
 4.09625301  -4.65922060  0.0
 4.09687477  -4.65922902  0.0
 4.09718563  -4.65923485  0.0
 4.14299187  -4.66033010  0.0
 4.14299187  -4.69033868  0.0
;;

