# exterior:
# ---------
 4.72936000  -4.78398871  0.0
 4.57240816  -4.75602181  0.0
 4.41411928  -4.73704162  0.0
 4.25506331  -4.72612784  0.0
 4.09567730  -4.72231682  0.0
 3.93626856  -4.72511461  0.0
 3.77709386  -4.73420206  0.0
 3.61837078  -4.74924517  0.0
 3.46026386  -4.76980008  0.0
 3.30287660  -4.79528684  0.0
 3.14629108  -4.82529900  0.0
 2.99053054  -4.85932186  0.0
 2.83553636  -4.89674240  0.0
 2.68124173  -4.93694189  0.0
 2.52754434  -4.97934600  0.0
 2.37432719  -5.02347290  0.0
 2.22148181  -5.06887283  0.0
 2.06889790  -5.11513554  0.0
 1.91646118  -5.16188420  0.0
 1.76406336  -5.20876026  0.0
 1.61160285  -5.25543298  0.0
 1.45898865  -5.30159813  0.0
 1.30613924  -5.34697475  0.0
 1.15297778  -5.39128937  0.0
 0.99945335  -5.43432888  0.0
 0.84550612  -5.47582957  0.0
 0.69106170  -5.51543937  0.0
 0.53604504  -5.55274238  0.0
 0.38039904  -5.58732487  0.0
 0.22410083  -5.61882743  0.0
 0.06713063  -5.64677734  0.0
-0.09052473  -5.67056069  0.0
-0.24882415  -5.68957301  0.0
-0.40768089  -5.70312922  0.0
-0.56694784  -5.71040465  0.0
-0.72637649  -5.71065720  0.0
-0.88564205  -5.70344725  0.0
-1.04437724  -5.68860517  0.0
-1.20226524  -5.66647296  0.0
-1.35906540  -5.63762292  0.0
-1.51458420  -5.60250731  0.0
-1.66861264  -5.56134486  0.0
-1.82089878  -5.51414348  0.0
-1.97114479  -5.46080585  0.0
-2.11903256  -5.40124400  0.0
-2.26413200  -5.33518449  0.0
-2.40577541  -5.26201657  0.0
-2.54280012  -5.18054785  0.0
-2.67293907  -5.08852933  0.0
-2.79105457  -4.98164750  0.0
-2.88152876  -4.85140316  0.0
-2.89864000  -4.76750000  0.0
-2.88915380  -4.69510725  0.0
-2.80941319  -4.55845491  0.0
-2.69441586  -4.44831153  0.0
-2.56589234  -4.35406618  0.0
-2.42957043  -4.27144320  0.0
-2.28793618  -4.19827014  0.0
-2.14242235  -4.13313717  0.0
-1.99393780  -4.07508411  0.0
-1.84311092  -4.02341040  0.0
-1.69038991  -3.97762922  0.0
-1.53611489  -3.93739448  0.0
-1.38054593  -3.90249028  0.0
-1.22388711  -3.87286088  0.0
-1.06631157  -3.84857514  0.0
-0.90800598  -3.82961928  0.0
-0.74918468  -3.81561050  0.0
-0.59002805  -3.80613041  0.0
-0.43067628  -3.80083146  0.0
-0.27124224  -3.79946987  0.0
-0.11182142  -3.80187712  0.0
 0.04750192  -3.80792446  0.0
 0.20666446  -3.81738294  0.0
 0.36560644  -3.83000779  0.0
 0.52428882  -3.84555152  0.0
 0.68268771  -3.86375935  0.0
 0.84078092  -3.88445728  0.0
 0.99856553  -3.90739114  0.0
 1.15605791  -3.93225492  0.0
 1.31327751  -3.95879022  0.0
 1.47022947  -3.98686518  0.0
 1.62693376  -4.01629248  0.0
 1.78340376  -4.04694129  0.0
 1.93965017  -4.07871034  0.0
 2.09569818  -4.11144086  0.0
 2.25157069  -4.14499727  0.0
 2.40728216  -4.17929319  0.0
 2.56285110  -4.21423044  0.0
 2.71830218  -4.24968831  0.0
 2.87363478  -4.28566146  0.0
 3.02884710  -4.32215004  0.0
 3.18394802  -4.35910997  0.0
 3.33894936  -4.39648505  0.0
 3.49386382  -4.43421827  0.0
 3.64870876  -4.47223649  0.0
 3.80350532  -4.51045115  0.0
 3.95824360  -4.54890088  0.0
 4.11290919  -4.58764202  0.0
 4.26749147  -4.62671402  0.0
 4.42189960  -4.66646776  0.0
 4.57597086  -4.70750685  0.0
 4.72936000  -4.75101129  0.0
 4.72936000  -4.78398871  0.0
;;

# interior:
# ---------
 4.72876000  -4.78327234  0.0
 4.72876000  -4.75146479  0.0
 4.57581177  -4.70808539  0.0
 4.42174758  -4.66704819  0.0
 4.26734316  -4.62729541  0.0
 4.11276278  -4.58822388  0.0
 3.95809837  -4.54948304  0.0
 3.80336107  -4.51103356  0.0
 3.64856533  -4.47281909  0.0
 3.49372129  -4.43480110  0.0
 3.33880804  -4.39706817  0.0
 3.18380815  -4.35969344  0.0
 3.02870890  -4.32273391  0.0
 2.87349844  -4.28624577  0.0
 2.71816778  -4.25027306  0.0
 2.56271865  -4.21481563  0.0
 2.40715189  -4.17987888  0.0
 2.25144302  -4.14558353  0.0
 2.09557345  -4.11202776  0.0
 1.93952881  -4.07929794  0.0
 1.78328632  -4.04752969  0.0
 1.62682072  -4.01688174  0.0
 1.47012127  -3.98745535  0.0
 1.31317476  -3.95938136  0.0
 1.15596120  -3.93284709  0.0
 0.99847559  -3.90798438  0.0
 0.84069882  -3.88505165  0.0
 0.68261450  -3.86435489  0.0
 0.52422531  -3.84614817  0.0
 0.36555343  -3.83060546  0.0
 0.20662290  -3.81798153  0.0
 0.04747274  -3.80852378  0.0
-0.11183733  -3.80247695  0.0
-0.27124421  -3.80006991  0.0
-0.43066374  -3.80143138  0.0
-0.59000024  -3.80672981  0.0
-0.74914047  -3.81620893  0.0
-0.90794394  -3.83021614  0.0
-1.06623018  -3.84916968  0.0
-1.22378563  -3.87345233  0.0
-1.38042447  -3.90307794  0.0
-1.53597347  -3.93797766  0.0
-1.69022801  -3.97820706  0.0
-1.84292747  -4.02398179  0.0
-1.99373124  -4.07564757  0.0
-2.14219041  -4.13369072  0.0
-2.28767571  -4.19881092  0.0
-2.42927690  -4.27196690  0.0
-2.56555880  -4.35456562  0.0
-2.69402929  -4.44877209  0.0
-2.80893738  -4.55883000  0.0
-2.88857460  -4.69530516  0.0
-2.89803205  -4.76747844  0.0
-2.88096553  -4.85116227  0.0
-2.79060102  -4.98124874  0.0
-2.67256323  -5.08806024  0.0
-2.54247310  -5.18004425  0.0
-2.40548415  -5.26149170  0.0
-2.26386985  -5.33464458  0.0
-2.11879606  -5.40069242  0.0
-1.97093226  -5.46024461  0.0
-1.82070952  -5.51357399  0.0
-1.66844631  -5.56076826  0.0
-1.51444062  -5.60192463  0.0
-1.35894499  -5.63703501  0.0
-1.20216926  -5.66588055  0.0
-1.04430763  -5.68800906  0.0
-0.88560053  -5.70284852  0.0
-0.72636339  -5.71005718  0.0
-0.56696201  -5.70980467  0.0
-0.40772010  -5.70253039  0.0
-0.24888545  -5.68897606  0.0
-0.09060527  -5.66996605  0.0
 0.06703327  -5.64618524  0.0
 0.22398895  -5.61823791  0.0
 0.38027468  -5.58673787  0.0
 0.53590977  -5.55215781  0.0
 0.69091697  -5.51485707  0.0
 0.84535350  -5.47524930  0.0
 0.99929427  -5.43375035  0.0
 1.15281342  -5.39071232  0.0
 1.30597048  -5.34639897  0.0
 1.45881641  -5.30102338  0.0
 1.61142818  -5.25485897  0.0
 1.76388735  -5.20818666  0.0
 1.91628526  -5.16131057  0.0
 2.06872198  -5.11456190  0.0
 2.06872381  -5.11456135  0.0
 2.22130772  -5.06829864  0.0
 2.22131097  -5.06829767  0.0
 2.37415635  -5.02289774  0.0
 2.37416114  -5.02289634  0.0
 2.52737829  -4.97876943  0.0
 2.52738476  -4.97876761  0.0
 2.68108215  -4.93636350  0.0
 2.68109045  -4.93636128  0.0
 2.83538508  -4.89616178  0.0
 2.83539554  -4.89615916  0.0
 2.99038973  -4.85873862  0.0
 2.99040250  -4.85873568  0.0
 3.14616304  -4.82471282  0.0
 3.14617814  -4.82470972  0.0
 3.30276366  -4.79469757  0.0
 3.30278069  -4.79469456  0.0
 3.46016795  -4.76920779  0.0
 3.46018651  -4.76920509  0.0
 3.61829343  -4.74865018  0.0
 3.61831417  -4.74864785  0.0
 3.77703725  -4.73360473  0.0
 3.77705966  -4.73360303  0.0
 3.93623436  -4.72451559  0.0
 3.93625803  -4.72451471  0.0
 4.09566677  -4.72171691  0.0
 4.09569164  -4.72171699  0.0
 4.25507765  -4.72552801  0.0
 4.25510438  -4.72552925  0.0
 4.41416036  -4.73644303  0.0
 4.41419072  -4.73644589  0.0
 4.57247960  -4.75542607  0.0
 4.57251342  -4.75543111  0.0
 4.72876000  -4.78327234  0.0
;;

