# exterior:
# ---------
 4.72876000   4.75172766  0.0
 4.57251342   4.77956889  0.0
 4.57247960   4.77957393  0.0
 4.41419072   4.79855411  0.0
 4.41416036   4.79855697  0.0
 4.25510438   4.80947075  0.0
 4.25507765   4.80947199  0.0
 4.09569164   4.81328301  0.0
 4.09566677   4.81328309  0.0
 3.93625803   4.81048529  0.0
 3.93623436   4.81048441  0.0
 3.77705966   4.80139697  0.0
 3.77703725   4.80139527  0.0
 3.61831417   4.78635215  0.0
 3.61829343   4.78634982  0.0
 3.46018651   4.76579491  0.0
 3.46016795   4.76579221  0.0
 3.30278069   4.74030544  0.0
 3.30276366   4.74030243  0.0
 3.14617814   4.71029028  0.0
 3.14616304   4.71028718  0.0
 2.99040250   4.67626432  0.0
 2.99038973   4.67626138  0.0
 2.83539554   4.63884084  0.0
 2.83538508   4.63883822  0.0
 2.68109045   4.59863872  0.0
 2.68108215   4.59863650  0.0
 2.52738476   4.55623239  0.0
 2.52737829   4.55623057  0.0
 2.37416114   4.51210366  0.0
 2.37415635   4.51210226  0.0
 2.22131097   4.46670233  0.0
 2.22130772   4.46670136  0.0
 2.06872381   4.42043865  0.0
 2.06872198   4.42043810  0.0
 1.91628526   4.37368943  0.0
 1.76388735   4.32681334  0.0
 1.61142818   4.28014103  0.0
 1.45881641   4.23397662  0.0
 1.30597048   4.18860103  0.0
 1.15281342   4.14428768  0.0
 0.99929427   4.10124965  0.0
 0.84535350   4.05975070  0.0
 0.69091697   4.02014293  0.0
 0.53590977   3.98284219  0.0
 0.38027468   3.94826213  0.0
 0.22398895   3.91676209  0.0
 0.06703327   3.88881476  0.0
-0.09060527   3.86503395  0.0
-0.24888545   3.84602394  0.0
-0.40772010   3.83246961  0.0
-0.56696201   3.82519533  0.0
-0.72636339   3.82494282  0.0
-0.88560053   3.83215148  0.0
-1.04430763   3.84699094  0.0
-1.20216926   3.86911945  0.0
-1.35894499   3.89796499  0.0
-1.51444062   3.93307537  0.0
-1.66844631   3.97423174  0.0
-1.82070952   4.02142601  0.0
-1.97093226   4.07475539  0.0
-2.11879606   4.13430758  0.0
-2.26386985   4.20035542  0.0
-2.40548415   4.27350830  0.0
-2.54247310   4.35495575  0.0
-2.67256323   4.44693976  0.0
-2.79060102   4.55375126  0.0
-2.88096553   4.68383773  0.0
-2.89803205   4.76752156  0.0
-2.88857460   4.83969484  0.0
-2.80893738   4.97617000  0.0
-2.69402929   5.08622791  0.0
-2.56555880   5.18043438  0.0
-2.42927690   5.26303310  0.0
-2.28767571   5.33618908  0.0
-2.14219041   5.40130928  0.0
-1.99373124   5.45935243  0.0
-1.84292747   5.51101821  0.0
-1.69022801   5.55679294  0.0
-1.53597347   5.59702234  0.0
-1.38042447   5.63192206  0.0
-1.22378563   5.66154767  0.0
-1.06623018   5.68583032  0.0
-0.90794394   5.70478386  0.0
-0.74914047   5.71879107  0.0
-0.59000024   5.72827019  0.0
-0.43066374   5.73356862  0.0
-0.27124421   5.73493009  0.0
-0.11183733   5.73252305  0.0
 0.04747274   5.72647622  0.0
 0.20662290   5.71701847  0.0
 0.36555343   5.70439454  0.0
 0.52422531   5.68885183  0.0
 0.68261450   5.67064511  0.0
 0.84069882   5.64994835  0.0
 0.99847559   5.62701562  0.0
 1.15596120   5.60215291  0.0
 1.31317476   5.57561864  0.0
 1.47012127   5.54754465  0.0
 1.62682072   5.51811826  0.0
 1.78328632   5.48747031  0.0
 1.93952881   5.45570206  0.0
 2.09557345   5.42297224  0.0
 2.25144302   5.38941647  0.0
 2.40715189   5.35512112  0.0
 2.56271865   5.32018437  0.0
 2.71816778   5.28472694  0.0
 2.87349844   5.24875423  0.0
 3.02870890   5.21226609  0.0
 3.18380815   5.17530656  0.0
 3.33880804   5.13793183  0.0
 3.49372129   5.10019890  0.0
 3.64856533   5.06218091  0.0
 3.80336107   5.02396644  0.0
 3.95809837   4.98551696  0.0
 4.11276278   4.94677612  0.0
 4.26734316   4.90770459  0.0
 4.42174758   4.86795181  0.0
 4.57581177   4.82691461  0.0
 4.72876000   4.78353521  0.0
 4.72876000   4.75172766  0.0
;;

# interior:
# ---------
 4.72626000   4.75471250  0.0
 4.72626000   4.78164566  0.0
 4.57514892   4.82450400  0.0
 4.42111417   4.86553336  0.0
 4.26672518   4.90528217  0.0
 4.11215275   4.94435169  0.0
 3.95749321   4.98309131  0.0
 3.80276004   5.02153977  0.0
 3.64796768   5.05975339  0.0
 3.49312742   5.09777046  0.0
 3.33821921   5.13550216  0.0
 3.18322538   5.17287543  0.0
 3.02813308   5.20983330  0.0
 2.87293036   5.24631963  0.0
 2.71760778   5.28229046  0.0
 2.56216677   5.31774604  0.0
 2.40660912   5.35268075  0.0
 2.25091107   5.38697372  0.0
 2.09505378   5.42052684  0.0
 1.93902315   5.45325372  0.0
 1.78279697   5.48501865  0.0
 1.62634973   5.51566301  0.0
 1.46967046   5.54508561  0.0
 1.31274661   5.57315554  0.0
 1.15555823   5.59968557  0.0
 0.99810085   5.62454382  0.0
 0.84035674   5.64747180  0.0
 0.68230947   5.66816371  0.0
 0.52396068   5.68636578  0.0
 0.36533258   5.70190420  0.0
 0.20644976   5.71452435  0.0
 0.04735116   5.72397903  0.0
-0.11190363   5.73002377  0.0
-0.27125241   5.73242993  0.0
-0.43061152   5.73106898  0.0
-0.58988435   5.72577266  0.0
-0.74895628   5.71629761  0.0
-0.90768543   5.70229695  0.0
-1.06589106   5.68335307  0.0
-1.22336281   5.65908332  0.0
-1.37991837   5.62947346  0.0
-1.53538419   5.59459240  0.0
-1.68955341   5.55438525  0.0
-1.84216311   5.50863743  0.0
-1.99287055   5.45700465  0.0
-2.14122400   5.39900283  0.0
-2.28659043   5.33393585  0.0
-2.42805384   5.26085105  0.0
-2.56416904   5.17835336  0.0
-2.69241857   5.08430892  0.0
-2.80695487   4.97460711  0.0
-2.88616128   4.83887022  0.0
-2.89549890   4.76761138  0.0
-2.87861877   4.68484144  0.0
-2.78871121   4.55541279  0.0
-2.67099722   4.44889428  0.0
-2.54111049   4.35705410  0.0
-2.40427057   4.27569526  0.0
-2.26277755   4.20260503  0.0
-2.11781065   4.13660585  0.0
-1.97004670   4.07709388  0.0
-1.81992094   4.02379893  0.0
-1.66775324   3.97663426  0.0
-1.51384235   3.93550322  0.0
-1.35844328   3.90041465  0.0
-1.20176936   3.87158784  0.0
-1.04401758   3.84947473  0.0
-0.88542753   3.83464621  0.0
-0.72630881   3.82744291  0.0
-0.56702106   3.82769524  0.0
-0.40788349   3.83496476  0.0
-0.24914086   3.84851123  0.0
-0.09094086   3.86751161  0.0
 0.06662761   3.89128185  0.0
 0.22352279   3.91921841  0.0
 0.37975653   3.95070797  0.0
 0.53534615   3.98527793  0.0
 0.69031396   4.02256918  0.0
 0.84471758   4.06216852  0.0
 0.99863148   4.10366023  0.0
 1.15212857   4.14669207  0.0
 1.30526731   4.19100012  0.0
 1.45809874   4.23637140  0.0
 1.61070035   4.28253274  0.0
 1.76315395   4.32920335  0.0
 1.91555226   4.37607956  0.0
 2.06798899   4.42282823  0.0
 2.06799279   4.42282939  0.0
 2.06799462   4.42282995  0.0
 2.06799843   4.42283110  0.0
 2.22058234   4.46909381  0.0
 2.22058911   4.46909585  0.0
 2.22059236   4.46909683  0.0
 2.22059913   4.46909885  0.0
 2.37344451   4.51449878  0.0
 2.37345448   4.51450172  0.0
 2.37345927   4.51450312  0.0
 2.37346926   4.51450601  0.0
 2.52668640   4.55863292  0.0
 2.52669989   4.55863676  0.0
 2.52670636   4.55863859  0.0
 2.52671987   4.55864235  0.0
 2.68041726   4.60104646  0.0
 2.68043454   4.60105116  0.0
 2.68044284   4.60105339  0.0
 2.68046015   4.60105796  0.0
 2.83475478   4.64125746  0.0
 2.83477655   4.64126302  0.0
 2.83478701   4.64126565  0.0
 2.83480882   4.64127102  0.0
 2.98980301   4.67869156  0.0
 2.98982959   4.67869782  0.0
 2.98984236   4.67870076  0.0
 2.98986900   4.67870673  0.0
 3.14562955   4.71272960  0.0
 3.14566095   4.71273625  0.0
 3.14567605   4.71273934  0.0
 3.14570754   4.71274559  0.0
 3.30229306   4.74275774  0.0
 3.30232849   4.74276427  0.0
 3.30234552   4.74276728  0.0
 3.30238105   4.74277329  0.0
 3.45976832   4.76826006  0.0
 3.45980694   4.76826600  0.0
 3.45982550   4.76826871  0.0
 3.45986421   4.76827405  0.0
 3.61797112   4.78882896  0.0
 3.61801429   4.78883419  0.0
 3.61803503   4.78883652  0.0
 3.61807828   4.78884100  0.0
 3.77680137   4.80388411  0.0
 3.77684803   4.80388810  0.0
 3.77687044   4.80388980  0.0
 3.77691717   4.80389290  0.0
 3.93609186   4.81298035  0.0
 3.93614116   4.81298267  0.0
 3.93616483   4.81298356  0.0
 3.93621416   4.81298491  0.0
 4.09562290   4.81578271  0.0
 4.09567472   4.81578308  0.0
 4.09569959   4.81578300  0.0
 4.09575140   4.81578230  0.0
 4.25513741   4.81197127  0.0
 4.25519313   4.81196932  0.0
 4.25521986   4.81196808  0.0
 4.25527552   4.81196489  0.0
 4.41433149   4.80105110  0.0
 4.41439482   4.80104595  0.0
 4.41442518   4.80104309  0.0
 4.41448836   4.80103633  0.0
 4.57277724   4.78205615  0.0
 4.57284785   4.78204666  0.0
 4.57288167   4.78204162  0.0
 4.57295198   4.78203012  0.0
 4.72626000   4.75471250  0.0
;;

