# exterior:
# ---------
 4.44863519   4.82715673  0.0
 4.41806003   4.83082295  0.0
 4.41730193   4.83090410  0.0
 4.41714506   4.83091888  0.0
 4.41638515   4.83098073  0.0
 4.25732917   4.84189451  0.0
 4.25666125   4.84193287  0.0
 4.25652314   4.84193925  0.0
 4.25585453   4.84196270  0.0
 4.09646852   4.84577373  0.0
 4.09584676   4.84578215  0.0
 4.09571825   4.84578256  0.0
 4.09509645   4.84577809  0.0
 3.93568770   4.84298029  0.0
 3.93509574   4.84296405  0.0
 3.93497345   4.84295949  0.0
 3.93438192   4.84293158  0.0
 3.77520722   4.83384413  0.0
 3.77464650   4.83380685  0.0
 3.77453070   4.83379806  0.0
 3.77397077   4.83375028  0.0
 3.72936000   4.82952225  0.0
 3.72936000   4.85965669  0.0
 3.77114018   4.86361644  0.0
 3.77142003   4.86364164  0.0
 3.77197996   4.86368942  0.0
 3.77226003   4.86371200  0.0
 3.77237583   4.86372079  0.0
 3.77265610   4.86374075  0.0
 3.77321683   4.86377803  0.0
 3.77349727   4.86379536  0.0
 3.93267197   4.87288280  0.0
 3.93296767   4.87289822  0.0
 3.93355920   4.87292614  0.0
 3.93385503   4.87293864  0.0
 3.93397732   4.87294320  0.0
 3.93427327   4.87295278  0.0
 3.93486523   4.87296901  0.0
 3.93516125   4.87297567  0.0
 4.09457000   4.87577347  0.0
 4.09488089   4.87577731  0.0
 4.09550269   4.87578178  0.0
 4.09581361   4.87578240  0.0
 4.09594211   4.87578200  0.0
 4.09625301   4.87577940  0.0
 4.09687477   4.87577098  0.0
 4.09718563   4.87576515  0.0
 4.14299187   4.87466990  0.0
 4.09751186   4.88616536  0.0
 3.94296942   4.92487565  0.0
 3.78833532   4.96329949  0.0
 3.72936000   4.97785874  0.0
 3.72936000   5.00875940  0.0
 3.79554768   4.99241963  0.0
 3.95023131   4.95398348  0.0
 4.10483231   4.91525852  0.0
 4.25930944   4.87621309  0.0
 4.41351327   4.83651196  0.0
 4.44863519   4.82715673  0.0
;;

