# exterior:
# ---------
 0.83600000   5.64804219  0.0
 0.84035674   5.64747180  0.0
 0.99810085   5.62454382  0.0
 1.15555823   5.59968557  0.0
 1.31274661   5.57315554  0.0
 1.46967046   5.54508561  0.0
 1.62634973   5.51566301  0.0
 1.78279697   5.48501865  0.0
 1.93902315   5.45325372  0.0
 2.09505378   5.42052684  0.0
 2.25091107   5.38697372  0.0
 2.40660912   5.35268075  0.0
 2.52015022   5.32718200  0.0
 2.52015022   5.29643478  0.0
 2.40009584   5.32339627  0.0
 2.24452768   5.35766062  0.0
 2.08881765   5.39118205  0.0
 1.93295515   5.42387366  0.0
 1.77692479   5.45559878  0.0
 1.62069785   5.48619998  0.0
 1.46426070   5.51557712  0.0
 1.30760890   5.54359839  0.0
 1.15072260   5.57007743  0.0
 0.99360400   5.59488220  0.0
 0.83625175   5.61775322  0.0
 0.83600000   5.61778618  0.0
 0.83600000   5.64804219  0.0
;;

