# exterior:
# ---------
-0.75000000   5.71620555  0.0
-0.74895628   5.71629761  0.0
-0.58988435   5.72577266  0.0
-0.43061152   5.73106898  0.0
-0.27125241   5.73242993  0.0
-0.11190363   5.73002377  0.0
 0.04735116   5.72397903  0.0
 0.20644976   5.71452435  0.0
 0.36533258   5.70190420  0.0
 0.52396068   5.68636578  0.0
 0.68230947   5.66816371  0.0
 0.75000000   5.65930151  0.0
 0.75000000   5.60181508  0.0
 0.67535470   5.61158782  0.0
 0.51792721   5.62968398  0.0
 0.36029707   5.64512465  0.0
 0.20250203   5.65765839  0.0
 0.04457919   5.66704320  0.0
-0.11341510   5.67304010  0.0
-0.27143935   5.67542625  0.0
-0.42942076   5.67407707  0.0
-0.58724212   5.66882902  0.0
-0.74475673   5.65944673  0.0
-0.75000000   5.65898425  0.0
-0.75000000   5.71620555  0.0
;;

