# exterior:
# ---------
-0.83900000   5.67522721  0.0
-0.83900000   3.86557823  0.0
-0.88314394   3.86757663  0.0
-1.04018894   3.88226068  0.0
-1.19649068   3.90417053  0.0
-1.35182071   3.93275007  0.0
-1.50594523   3.96755086  0.0
-1.65860480   4.00834749  0.0
-1.80951171   4.05512138  0.0
-1.95835737   4.10796189  0.0
-2.10480326   4.16694302  0.0
-2.24835928   4.23229986  0.0
-2.38825138   4.30456311  0.0
-2.52312404   4.38475231  0.0
-2.65032585   4.47469404  0.0
-2.76376572   4.57734493  0.0
-2.84764149   4.69809037  0.0
-2.86206143   4.76879700  0.0
-2.85430552   4.82798523  0.0
-2.78078565   4.95397701  0.0
-2.67115710   5.05897823  0.0
-2.54582428   5.15088387  0.0
-2.41190947   5.23204793  0.0
-2.27226472   5.30419314  0.0
-2.12846744   5.36855777  0.0
-1.98150945   5.42601400  0.0
-1.83207361   5.47721113  0.0
-1.68064869   5.52260378  0.0
-1.52760577   5.56251720  0.0
-1.37323791   5.59715191  0.0
-1.21778153   5.62655389  0.0
-1.06141473   5.65065334  0.0
-0.90427312   5.66946981  0.0
-0.83900000   5.67522721  0.0
;;

# interior:
# ---------
-0.84400000   5.66976677  0.0
-0.90375610   5.66449601  0.0
-1.06073650   5.64569883  0.0
-1.21693588   5.62162518  0.0
-1.37222572   5.59225471  0.0
-1.52642722   5.55765732  0.0
-1.67929949   5.51778841  0.0
-1.83054490   5.47244957  0.0
-1.97978807   5.42131845  0.0
-2.12653462   5.36394488  0.0
-2.27009416   5.29968667  0.0
-2.40946335   5.22768382  0.0
-2.54304477   5.14672182  0.0
-2.66793567   5.05514025  0.0
-2.77682062   4.95085124  0.0
-2.84947889   4.82633599  0.0
-2.85699514   4.76897663  0.0
-2.84294796   4.70009778  0.0
-2.75998610   4.58066798  0.0
-2.64719382   4.47860310  0.0
-2.52039882   4.38894901  0.0
-2.38582423   4.30893703  0.0
-2.24617469   4.23679907  0.0
-2.10283245   4.17153956  0.0
-1.95658626   4.11263886  0.0
-1.80793455   4.05986720  0.0
-1.65721867   4.01315253  0.0
-1.50474869   3.97240656  0.0
-1.35081729   3.93764938  0.0
-1.19569088   3.90910730  0.0
-1.03960885   3.88722825  0.0
-0.88279794   3.87256609  0.0
-0.84400000   3.87080970  0.0
-0.84400000   5.66976677  0.0
;;

