# exterior:
# ---------
 2.60615022   5.30771356  0.0
 2.71760778   5.28229046  0.0
 2.87293036   5.24631963  0.0
 3.02813308   5.20983330  0.0
 3.18322538   5.17287543  0.0
 3.33821921   5.13550216  0.0
 3.49312742   5.09777046  0.0
 3.64796768   5.05975339  0.0
 3.72936000   5.03966005  0.0
 3.72936000   5.00875940  0.0
 3.64079591   5.03062324  0.0
 3.48600094   5.06862919  0.0
 3.33115323   5.10634615  0.0
 3.17623215   5.14370187  0.0
 3.02122325   5.18063987  0.0
 2.86611335   5.21710438  0.0
 2.71088773   5.25305276  0.0
 2.60615022   5.27694303  0.0
 2.60615022   5.30771356  0.0
;;

