# exterior:
# ---------
 3.72636000   5.00640994  0.0
 3.72636000   4.97785874  0.0
 3.72637350   4.97757444  0.0
 3.72641389   4.97729269  0.0
 3.72648079   4.97701603  0.0
 3.72657361   4.97674697  0.0
 3.72669152   4.97648791  0.0
 3.72683344   4.97624118  0.0
 3.72699811   4.97600902  0.0
 3.72718403   4.97579351  0.0
 3.72738955   4.97559659  0.0
 3.72761280   4.97542004  0.0
 3.72785178   4.97526543  0.0
 3.72810433   4.97513417  0.0
 3.72836819   4.97502743  0.0
 3.72864098   4.97494618  0.0
 3.78761408   4.96038748  0.0
 3.94224323   4.92196487  0.0
 4.09677982   4.88325604  0.0
 4.11635757   4.87830760  0.0
 4.09725735   4.87876430  0.0
 4.09724180   4.87876463  0.0
 4.09693094   4.87877045  0.0
 4.09691540   4.87877070  0.0
 4.09629364   4.87877912  0.0
 4.09627809   4.87877929  0.0
 4.09596719   4.87878189  0.0
 4.09595164   4.87878198  0.0
 4.09582314   4.87878239  0.0
 4.09580760   4.87878240  0.0
 4.09549668   4.87878177  0.0
 4.09548114   4.87878170  0.0
 4.09485933   4.87877724  0.0
 4.09484379   4.87877708  0.0
 4.09453290   4.87877324  0.0
 4.09451735   4.87877301  0.0
 3.93510861   4.87597521  0.0
 3.93509381   4.87597491  0.0
 3.93479778   4.87596825  0.0
 3.93478298   4.87596789  0.0
 3.93419102   4.87595165  0.0
 3.93417622   4.87595121  0.0
 3.93388028   4.87594163  0.0
 3.93386548   4.87594111  0.0
 3.93374319   4.87593655  0.0
 3.93372839   4.87593596  0.0
 3.93343256   4.87592346  0.0
 3.93341777   4.87592280  0.0
 3.93282624   4.87589489  0.0
 3.93281145   4.87589415  0.0
 3.93251576   4.87587873  0.0
 3.93250098   4.87587793  0.0
 3.77332628   4.86679048  0.0
 3.77331226   4.86678965  0.0
 3.77303181   4.86677232  0.0
 3.77301779   4.86677142  0.0
 3.77245707   4.86673414  0.0
 3.77244305   4.86673317  0.0
 3.77216278   4.86671322  0.0
 3.77214876   4.86671219  0.0
 3.77203296   4.86670340  0.0
 3.77201896   4.86670230  0.0
 3.77173888   4.86667972  0.0
 3.77172488   4.86667856  0.0
 3.77116496   4.86663078  0.0
 3.77115096   4.86662955  0.0
 3.77087111   4.86660435  0.0
 3.77085712   4.86660306  0.0
 3.72907694   4.86264331  0.0
 3.72878484   4.86260104  0.0
 3.72849831   4.86253027  0.0
 3.72822012   4.86243170  0.0
 3.72795296   4.86230626  0.0
 3.72769942   4.86215518  0.0
 3.72746195   4.86197992  0.0
 3.72724285   4.86178217  0.0
 3.72704424   4.86156385  0.0
 3.72686805   4.86132707  0.0
 3.72671597   4.86107412  0.0
 3.72658949   4.86080746  0.0
 3.72648982   4.86052966  0.0
 3.72641793   4.86024340  0.0
 3.72637452   4.85995147  0.0
 3.72636000   4.85965669  0.0
 3.72636000   4.83225137  0.0
 3.61496463   4.82169378  0.0
 3.61493867   4.82169120  0.0
 3.61441964   4.82163745  0.0
 3.61439370   4.82163465  0.0
 3.61428654   4.82162261  0.0
 3.61426062   4.82161959  0.0
 3.61374260   4.82155682  0.0
 3.61371672   4.82155356  0.0
 3.45560980   4.80099866  0.0
 3.45558656   4.80099555  0.0
 3.45512204   4.80093146  0.0
 3.45509883   4.80092817  0.0
 3.45500294   4.80091417  0.0
 3.45497975   4.80091069  0.0
 3.45451629   4.80083936  0.0
 3.45449313   4.80083570  0.0
 3.29710586   4.77534893  0.0
 3.29708453   4.77534540  0.0
 3.29665821   4.77527321  0.0
 3.29663690   4.77526952  0.0
 3.29654891   4.77525396  0.0
 3.29652763   4.77525012  0.0
 3.29610239   4.77517179  0.0
 3.29608114   4.77516780  0.0
 3.13949563   4.74515565  0.0
 3.13947672   4.74515196  0.0
 3.13909883   4.74507701  0.0
 3.13907995   4.74507321  0.0
 3.13900196   4.74505722  0.0
 3.13898310   4.74505329  0.0
 3.13860621   4.74497349  0.0
 3.13858738   4.74496944  0.0
 2.98282684   4.71094658  0.0
 2.98281084   4.71094304  0.0
 2.98249109   4.71087137  0.0
 2.98247511   4.71086774  0.0
 2.98240912   4.71085257  0.0
 2.98239316   4.71084885  0.0
 2.98207421   4.71077369  0.0
 2.98205827   4.71076989  0.0
 2.82706409   4.67334935  0.0
 2.82705099   4.67334615  0.0
 2.82678922   4.67328171  0.0
 2.82677614   4.67327845  0.0
 2.82672210   4.67326489  0.0
 2.82670903   4.67326158  0.0
 2.82644785   4.67319479  0.0
 2.82643480   4.67319142  0.0
 2.67214017   4.63299192  0.0
 2.67212977   4.63298920  0.0
 2.67192203   4.63293428  0.0
 2.67191165   4.63293151  0.0
 2.67186875   4.63292001  0.0
 2.67185838   4.63291721  0.0
 2.67165104   4.63286080  0.0
 2.67164067   4.63285796  0.0
 2.60915022   4.61561725  0.0
 2.60915022   5.27318169  0.0
 2.71021573   5.25012898  0.0
 2.86543165   5.21418285  0.0
 3.02053226   5.17772053  0.0
 3.17553283   5.14078452  0.0
 3.33044663   5.10343055  0.0
 3.48528830   5.06571506  0.0
 3.64007874   5.02771022  0.0
 3.72636000   5.00640994  0.0
;;

# interior:
# ---------
 3.72136000   5.00249419  0.0
 3.63888344   5.02285519  0.0
 3.48410055   5.06085818  0.0
 3.32926897   5.09857121  0.0
 3.17436729   5.13592226  0.0
 3.01938062   5.17285496  0.0
 2.86429548   5.20931365  0.0
 2.70909572   5.24525603  0.0
 2.61415022   5.26691279  0.0
 2.61415022   4.62218352  0.0
 2.67031089   4.63767788  0.0
 2.67031952   4.63768026  0.0
 2.67032988   4.63768310  0.0
 2.67033852   4.63768546  0.0
 2.67054587   4.63774186  0.0
 2.67055451   4.63774420  0.0
 2.67056488   4.63774701  0.0
 2.67057353   4.63774933  0.0
 2.67061642   4.63776084  0.0
 2.67062507   4.63776315  0.0
 2.67063545   4.63776591  0.0
 2.67064411   4.63776821  0.0
 2.67085185   4.63782313  0.0
 2.67086051   4.63782541  0.0
 2.67087090   4.63782814  0.0
 2.67087956   4.63783040  0.0
 2.82517419   4.67802990  0.0
 2.82518507   4.67803271  0.0
 2.82519812   4.67803608  0.0
 2.82520900   4.67803888  0.0
 2.82547018   4.67810568  0.0
 2.82548107   4.67810845  0.0
 2.82549413   4.67811176  0.0
 2.82550503   4.67811450  0.0
 2.82555906   4.67812807  0.0
 2.82556996   4.67813079  0.0
 2.82558304   4.67813404  0.0
 2.82559395   4.67813674  0.0
 2.82585572   4.67820118  0.0
 2.82586663   4.67820386  0.0
 2.82587973   4.67820705  0.0
 2.82589064   4.67820970  0.0
 2.98088483   4.71563024  0.0
 2.98089811   4.71563343  0.0
 2.98091404   4.71563723  0.0
 2.98092733   4.71564038  0.0
 2.98124628   4.71571554  0.0
 2.98125957   4.71571865  0.0
 2.98127553   4.71572237  0.0
 2.98128883   4.71572545  0.0
 2.98135483   4.71574062  0.0
 2.98136814   4.71574366  0.0
 2.98138412   4.71574729  0.0
 2.98139743   4.71575029  0.0
 2.98171718   4.71582197  0.0
 2.98173051   4.71582494  0.0
 2.98174651   4.71582848  0.0
 2.98175984   4.71583141  0.0
 3.13752038   4.74985427  0.0
 3.13753607   4.74985767  0.0
 3.13755490   4.74986172  0.0
 3.13757060   4.74986507  0.0
 3.13794749   4.74994486  0.0
 3.13796320   4.74994816  0.0
 3.13798206   4.74995209  0.0
 3.13799778   4.74995534  0.0
 3.13807577   4.74997133  0.0
 3.13809150   4.74997453  0.0
 3.13811038   4.74997834  0.0
 3.13812612   4.74998149  0.0
 3.13850401   4.75005643  0.0
 3.13851976   4.75005953  0.0
 3.13853867   4.75006322  0.0
 3.13855443   4.75006626  0.0
 3.29513994   4.78007842  0.0
 3.29515764   4.78008178  0.0
 3.29517889   4.78008577  0.0
 3.29519660   4.78008906  0.0
 3.29562185   4.78016740  0.0
 3.29563957   4.78017063  0.0
 3.29566085   4.78017447  0.0
 3.29567858   4.78017764  0.0
 3.29576658   4.78019319  0.0
 3.29578432   4.78019629  0.0
 3.29580563   4.78019998  0.0
 3.29582339   4.78020302  0.0
 3.29624971   4.78027522  0.0
 3.29626748   4.78027819  0.0
 3.29628881   4.78028172  0.0
 3.29630659   4.78028464  0.0
 3.45369386   4.80577140  0.0
 3.45371315   4.80577449  0.0
 3.45373631   4.80577814  0.0
 3.45375561   4.80578115  0.0
 3.45421908   4.80585249  0.0
 3.45423839   4.80585543  0.0
 3.45426158   4.80585891  0.0
 3.45428091   4.80586176  0.0
 3.45437680   4.80587576  0.0
 3.45439614   4.80587854  0.0
 3.45441935   4.80588184  0.0
 3.45443870   4.80588455  0.0
 3.45490322   4.80594863  0.0
 3.45492258   4.80595126  0.0
 3.45494582   4.80595438  0.0
 3.45496519   4.80595693  0.0
 3.61307211   4.82651184  0.0
 3.61309367   4.82651460  0.0
 3.61311956   4.82651785  0.0
 3.61314114   4.82652051  0.0
 3.61365916   4.82658328  0.0
 3.61368075   4.82658585  0.0
 3.61370666   4.82658887  0.0
 3.61372827   4.82659135  0.0
 3.61383543   4.82660339  0.0
 3.61385704   4.82660577  0.0
 3.61388298   4.82660857  0.0
 3.61390460   4.82661085  0.0
 3.61442363   4.82666461  0.0
 3.61444526   4.82666680  0.0
 3.61447123   4.82666937  0.0
 3.61449287   4.82667147  0.0
 3.72136000   4.83679990  0.0
 3.72136000   4.85965669  0.0
 3.72136605   4.85990264  0.0
 3.72138057   4.86019742  0.0
 3.72142891   4.86068695  0.0
 3.72147232   4.86097888  0.0
 3.72156852   4.86146128  0.0
 3.72164041   4.86174753  0.0
 3.72178355   4.86221815  0.0
 3.72188322   4.86249595  0.0
 3.72207191   4.86295023  0.0
 3.72219839   4.86321689  0.0
 3.72243080   4.86365042  0.0
 3.72258288   4.86390337  0.0
 3.72285677   4.86431197  0.0
 3.72303296   4.86454875  0.0
 3.72334567   4.86492846  0.0
 3.72354428   4.86514678  0.0
 3.72389279   4.86549392  0.0
 3.72411189   4.86569167  0.0
 3.72449282   4.86600289  0.0
 3.72473029   4.86617815  0.0
 3.72513996   4.86645043  0.0
 3.72539350   4.86660151  0.0
 3.72582795   4.86683222  0.0
 3.72609511   4.86695766  0.0
 3.72655012   4.86714456  0.0
 3.72682831   4.86724314  0.0
 3.72729948   4.86738443  0.0
 3.72758602   4.86745519  0.0
 3.72806879   4.86754950  0.0
 3.72836089   4.86759177  0.0
 3.72860518   4.86762100  0.0
 3.77038536   4.87158075  0.0
 3.77039701   4.87158184  0.0
 3.77041100   4.87158314  0.0
 3.77042266   4.87158420  0.0
 3.77070251   4.87160940  0.0
 3.77071418   4.87161044  0.0
 3.77072817   4.87161167  0.0
 3.77073983   4.87161267  0.0
 3.77129976   4.87166045  0.0
 3.77131143   4.87166144  0.0
 3.77132543   4.87166260  0.0
 3.77133710   4.87166355  0.0
 3.77161717   4.87168613  0.0
 3.77162884   4.87168706  0.0
 3.77164285   4.87168816  0.0
 3.77165452   4.87168905  0.0
 3.77177032   4.87169784  0.0
 3.77178200   4.87169872  0.0
 3.77179601   4.87169975  0.0
 3.77180768   4.87170059  0.0
 3.77208796   4.87172055  0.0
 3.77209964   4.87172137  0.0
 3.77211365   4.87172233  0.0
 3.77212533   4.87172312  0.0
 3.77268605   4.87176041  0.0
 3.77269774   4.87176117  0.0
 3.77271176   4.87176207  0.0
 3.77272344   4.87176280  0.0
 3.77300389   4.87178013  0.0
 3.77301558   4.87178084  0.0
 3.77302960   4.87178167  0.0
 3.77304129   4.87178236  0.0
 3.93221599   4.88086980  0.0
 3.93222830   4.88087049  0.0
 3.93224309   4.88087129  0.0
 3.93225541   4.88087195  0.0
 3.93255110   4.88088737  0.0
 3.93256342   4.88088800  0.0
 3.93257821   4.88088873  0.0
 3.93259053   4.88088933  0.0
 3.93318206   4.88091724  0.0
 3.93319439   4.88091781  0.0
 3.93320918   4.88091847  0.0
 3.93322150   4.88091901  0.0
 3.93351734   4.88093151  0.0
 3.93352966   4.88093201  0.0
 3.93354446   4.88093260  0.0
 3.93355678   4.88093308  0.0
 3.93367908   4.88093764  0.0
 3.93369141   4.88093808  0.0
 3.93370620   4.88093860  0.0
 3.93371853   4.88093901  0.0
 3.93401448   4.88094859  0.0
 3.93402681   4.88094897  0.0
 3.93404161   4.88094942  0.0
 3.93405394   4.88094977  0.0
 3.93464590   4.88096601  0.0
 3.93465824   4.88096633  0.0
 3.93467304   4.88096670  0.0
 3.93468537   4.88096699  0.0
 3.93498139   4.88097365  0.0
 3.93499373   4.88097391  0.0
 3.93500853   4.88097421  0.0
 3.93502087   4.88097444  0.0
 4.07546945   4.88343946  0.0
 3.94103291   4.91711357  0.0
 3.78641202   4.95553412  0.0
 3.72744260   4.97009192  0.0
 3.72721367   4.97015423  0.0
 3.72694089   4.97023548  0.0
 3.72649318   4.97039231  0.0
 3.72622932   4.97049905  0.0
 3.72579850   4.97069761  0.0
 3.72554594   4.97082887  0.0
 3.72513587   4.97106736  0.0
 3.72489689   4.97122196  0.0
 3.72451126   4.97149824  0.0
 3.72428801   4.97167480  0.0
 3.72393031   4.97198638  0.0
 3.72372479   4.97218330  0.0
 3.72339822   4.97252738  0.0
 3.72321230   4.97274289  0.0
 3.72291981   4.97311637  0.0
 3.72275514   4.97334853  0.0
 3.72249936   4.97374805  0.0
 3.72235744   4.97399477  0.0
 3.72214067   4.97441673  0.0
 3.72202277   4.97467579  0.0
 3.72184696   4.97511639  0.0
 3.72175414   4.97538546  0.0
 3.72162089   4.97584074  0.0
 3.72155398   4.97611739  0.0
 3.72146447   4.97658325  0.0
 3.72142409   4.97686500  0.0
 3.72137913   4.97733725  0.0
 3.72136563   4.97762155  0.0
 3.72136000   4.97785874  0.0
 3.72136000   5.00249419  0.0
;;

