# exterior:
# ---------
 0.83900000   4.09480525  0.0
 0.83900000   5.61432224  0.0
 0.99315431   5.59191603  0.0
 1.15023903   5.56711661  0.0
 1.30709513   5.54064267  0.0
 1.46371972   5.51262627  0.0
 1.62013266   5.48325368  0.0
 1.77633757   5.45265679  0.0
 1.93234835   5.42093565  0.0
 2.08819404   5.38824757  0.0
 2.24388934   5.35472931  0.0
 2.39944451   5.32046782  0.0
 2.51715022   5.29403379  0.0
 2.51715022   4.59022781  0.0
 2.36433640   4.54621707  0.0
 2.36433041   4.54621533  0.0
 2.36421059   4.54618056  0.0
 2.36420460   4.54617881  0.0
 2.36417985   4.54617157  0.0
 2.36417386   4.54616982  0.0
 2.36405419   4.54613454  0.0
 2.36404821   4.54613277  0.0
 2.21120283   4.50073284  0.0
 2.21119877   4.50073163  0.0
 2.21111750   4.50070737  0.0
 2.21111344   4.50070615  0.0
 2.21109665   4.50070111  0.0
 2.21109259   4.50069989  0.0
 2.21101139   4.50067540  0.0
 2.21100733   4.50067417  0.0
 2.05842113   4.45441077  0.0
 2.05837314   4.45439618  0.0
 2.05836142   4.45439260  0.0
 2.05831345   4.45437793  0.0
 1.90587433   4.40762853  0.0
 1.75347311   4.36075144  0.0
 1.60109304   4.31410334  0.0
 1.44862546   4.26798255  0.0
 1.29598549   4.22266810  0.0
 1.14308857   4.17843002  0.0
 0.98988260   4.13547979  0.0
 0.83900000   4.09480525  0.0
;;

# interior:
# ---------
 0.84400000   4.10133163  0.0
 0.98855702   4.14030093  0.0
 1.14171887   4.18323880  0.0
 1.29457915   4.22746628  0.0
 1.44719012   4.27277211  0.0
 1.59963739   4.31888676  0.0
 1.75200631   4.36553145  0.0
 1.90440834   4.41240879  0.0
 2.05685118   4.45915933  0.0
 2.05690267   4.45917508  0.0
 2.05691848   4.45917990  0.0
 2.05697037   4.45919567  0.0
 2.20955995   4.50546010  0.0
 2.20956739   4.50546235  0.0
 2.20965198   4.50548786  0.0
 2.20965942   4.50549010  0.0
 2.20967960   4.50549615  0.0
 2.20968704   4.50549838  0.0
 2.20977170   4.50552365  0.0
 2.20977915   4.50552587  0.0
 2.36262453   4.55092580  0.0
 2.36262951   4.55092728  0.0
 2.36263549   4.55092905  0.0
 2.36264048   4.55093052  0.0
 2.36276015   4.55096579  0.0
 2.36276514   4.55096726  0.0
 2.36277113   4.55096902  0.0
 2.36277611   4.55097048  0.0
 2.36280086   4.55097772  0.0
 2.36280585   4.55097918  0.0
 2.36281184   4.55098092  0.0
 2.36281683   4.55098237  0.0
 2.36293665   4.55101715  0.0
 2.36294164   4.55101860  0.0
 2.36294764   4.55102033  0.0
 2.36295263   4.55102177  0.0
 2.51215022   4.59399103  0.0
 2.51215022   5.29003214  0.0
 2.39835896   5.31558707  0.0
 2.24282545   5.34984380  0.0
 2.08715468   5.38335677  0.0
 1.93133702   5.41603898  0.0
 1.77535888   5.44775348  0.0
 1.61919068   5.47834318  0.0
 1.46281810   5.50770818  0.0
 1.30623884   5.53571648  0.0
 1.14943309   5.56218192  0.0
 0.99240484   5.58697243  0.0
 0.84400000   5.60854295  0.0
 0.84400000   4.10133163  0.0
;;

