# exterior:
# ---------
-0.84100000   2.48479029  0.0
-0.84100000  -2.48479029  0.0
-0.95700972  -2.45095505  0.0
-1.18513010  -2.36354825  0.0
-1.40406077  -2.25813153  0.0
-1.61212723  -2.13551891  0.0
-1.80775176  -1.99667219  0.0
-1.98944220  -1.84266555  0.0
-2.15583845  -1.67469393  0.0
-2.30568552  -1.49405807  0.0
-2.43786475  -1.30214242  0.0
-2.55139148  -1.10041419  0.0
-2.64543023  -0.89040445  0.0
-2.71929575  -0.67371273  0.0
-2.77244188  -0.45196376  0.0
-2.80448180  -0.22683444  0.0
-2.81519046   0.00000000  0.0
-2.80448180   0.22683444  0.0
-2.77244188   0.45196376  0.0
-2.71929575   0.67371273  0.0
-2.64543023   0.89040445  0.0
-2.55139148   1.10041419  0.0
-2.43786475   1.30214242  0.0
-2.30568552   1.49405807  0.0
-2.15583845   1.67469393  0.0
-1.98944220   1.84266555  0.0
-1.80775176   1.99667219  0.0
-1.61212723   2.13551891  0.0
-1.40406077   2.25813153  0.0
-1.18513010   2.36354825  0.0
-0.95700972   2.45095505  0.0
-0.84100000   2.48479029  0.0
;;

# interior:
# ---------
-0.84600000   2.47812368  0.0
-0.95541255   2.44621256  0.0
-1.18314763   2.35895339  0.0
-1.40170280   2.25371747  0.0
-1.60940612   2.13131885  0.0
-1.80468262   1.99271915  0.0
-1.98604320   1.83899211  0.0
-2.15213104   1.67133181  0.0
-2.30169451   1.49103783  0.0
-2.43361845   1.29949284  0.0
-2.54692173   1.09816166  0.0
-2.64077229   0.88857221  0.0
-2.71448785   0.67232042  0.0
-2.76752484   0.45102678  0.0
-2.79949848   0.22636326  0.0
-2.81018489   0.00000000  0.0
-2.79949848  -0.22636326  0.0
-2.76752484  -0.45102678  0.0
-2.71448785  -0.67232042  0.0
-2.64077229  -0.88857221  0.0
-2.54692173  -1.09816166  0.0
-2.43361845  -1.29949284  0.0
-2.30169451  -1.49103783  0.0
-2.15213104  -1.67133181  0.0
-1.98604320  -1.83899211  0.0
-1.80468262  -1.99271915  0.0
-1.60940612  -2.13131885  0.0
-1.40170280  -2.25371747  0.0
-1.18314763  -2.35895339  0.0
-0.95541255  -2.44621256  0.0
-0.84600000  -2.47812368  0.0
-0.84600000   2.47812368  0.0
;;

