# exterior:
# ---------
 2.07500000  -0.01995919  0.0
 1.84422598  -0.05216535  0.0
 1.84417050  -0.05217338  0.0
 1.83421734  -0.05366414  0.0
 1.83419837  -0.05366701  0.0
 1.59815153  -0.08984869  0.0
 1.59813402  -0.08985140  0.0
 1.58851542  -0.09135692  0.0
 1.58850577  -0.09135844  0.0
 1.35212437  -0.12877996  0.0
 1.35210300  -0.12878339  0.0
 1.34371878  -0.13014392  0.0
 1.10614868  -0.16744242  0.0
 1.09983309  -0.16839368  0.0
 0.86020960  -0.20412174  0.0
 0.85674097  -0.20459363  0.0
 0.83600000  -0.20738620  0.0
 0.83600000  -0.15188992  0.0
 0.84936439  -0.15009054  0.0
 0.85244676  -0.14967120  0.0
 1.09168176  -0.11400106  0.0
 1.09778746  -0.11308141  0.0
 1.33504858  -0.07583142  0.0
 1.34329323  -0.07449354  0.0
 1.34339813  -0.07447662  0.0
 1.34341949  -0.07447319  0.0
 1.34352442  -0.07445648  0.0
 1.57995322  -0.03702748  0.0
 1.58001028  -0.03701851  0.0
 1.58962888  -0.03551299  0.0
 1.58971485  -0.03549961  0.0
 1.58973236  -0.03549689  0.0
 1.58981836  -0.03548364  0.0
 1.82586520   0.00069804  0.0
 1.82595833   0.00071223  0.0
 1.82597729   0.00071510  0.0
 1.82607045   0.00072914  0.0
 1.83602361   0.00221990  0.0
 1.83629597   0.00225999  0.0
 1.83635145   0.00226802  0.0
 1.83662401   0.00230675  0.0
 2.07325141   0.03532979  0.0
 2.07360075   0.03537741  0.0
 2.07367192   0.03538687  0.0
 2.07402157   0.03543225  0.0
 2.07500000   0.03555603  0.0
 2.07500000  -0.01995919  0.0
;;

