# exterior:
# ---------
 2.07500000   0.27239633  0.0
 2.09084657   0.26823891  0.0
 2.10021704   0.26574012  0.0
 2.33684323   0.20179520  0.0
 2.34475392   0.19965027  0.0
 2.58284155   0.13471638  0.0
 2.58847930   0.13316674  0.0
 2.58848154   0.13316613  0.0
 2.76113275   0.08642866  0.0
 2.76113275   0.08124869  0.0
 2.58717504   0.12833984  0.0
 2.58716569   0.12834238  0.0
 2.58716345   0.12834299  0.0
 2.58715410   0.12834555  0.0
 2.58152115   0.12989387  0.0
 2.34344187   0.19482548  0.0
 2.33553679   0.19696890  0.0
 2.09892068   0.26091109  0.0
 2.08956799   0.26340514  0.0
 2.07500000   0.26722712  0.0
 2.07500000   0.27239633  0.0
;;

