# exterior:
# ---------
 2.76113275   0.02678001  0.0
 2.58300000   0.02355204  0.0
 2.57736168   0.02323224  0.0
 2.33700000   0.00464940  0.0
 2.32908864   0.00388680  0.0
 2.09100000  -0.02350284  0.0
 2.08162740  -0.02468856  0.0
 2.07500000  -0.02561346  0.0
 2.07500000  -0.02500765  0.0
 2.08154447  -0.02409432  0.0
 2.08155209  -0.02409330  0.0
 2.09092469  -0.02290758  0.0
 2.09093143  -0.02290677  0.0
 2.32902007   0.00448287  0.0
 2.32903107   0.00448403  0.0
 2.33694243   0.00524663  0.0
 2.33695375   0.00524761  0.0
 2.57731543   0.02383045  0.0
 2.57732770   0.02383128  0.0
 2.58296602   0.02415108  0.0
 2.58298913   0.02415194  0.0
 2.76113275   0.02738011  0.0
 2.76113275   0.02678001  0.0
;;

