# exterior:
# ---------
-0.75000000   0.53908651  0.0
-0.63662832   0.55958112  0.0
-0.61500000   0.56284308  0.0
-0.38648076   0.59155128  0.0
-0.36900000   0.59331264  0.0
-0.13606260   0.61057692  0.0
-0.12300000   0.61118700  0.0
 0.11448348   0.61463592  0.0
 0.12300000   0.61448832  0.0
 0.36493116   0.60239988  0.0
 0.36900000   0.60209976  0.0
 0.61500000   0.57749484  0.0
 0.75000000   0.55854894  0.0
 0.75000000   0.55794306  0.0
 0.61492842   0.57689901  0.0
 0.36894807   0.60150196  0.0
 0.36489412   0.60180098  0.0
 0.12297982   0.61388858  0.0
 0.11448264   0.61403584  0.0
-0.12298164   0.61058720  0.0
-0.13602642   0.60997796  0.0
-0.36894774   0.59271487  0.0
-0.38641328   0.59095504  0.0
-0.61491785   0.56224868  0.0
-0.63653019   0.55898913  0.0
-0.75000000   0.53847679  0.0
-0.75000000   0.53908651  0.0
;;

