# exterior:
# ---------
 0.75000000  -0.22461576  0.0
 0.61500000  -0.24279216  0.0
 0.37306884  -0.27011292  0.0
 0.36900000  -0.27053112  0.0
 0.13151652  -0.28965516  0.0
 0.12300000  -0.29014716  0.0
-0.10993740  -0.29794044  0.0
-0.12300000  -0.29808312  0.0
-0.35151924  -0.29657760  0.0
-0.36900000  -0.29618892  0.0
-0.59337168  -0.28804140  0.0
-0.61500000  -0.28691964  0.0
-0.75000000  -0.27783678  0.0
-0.75000000  -0.27723542  0.0
-0.61496432  -0.28632068  0.0
-0.59334525  -0.28744196  0.0
-0.36898244  -0.29558916  0.0
-0.35151059  -0.29597764  0.0
-0.12300130  -0.29748310  0.0
-0.10995071  -0.29734055  0.0
 0.12297266  -0.28954774  0.0
 0.13147513  -0.28905655  0.0
 0.36894524  -0.26993359  0.0
 0.37300450  -0.26951637  0.0
 0.61492630  -0.24219667  0.0
 0.75000000  -0.22401035  0.0
 0.75000000  -0.22461576  0.0
;;

