# exterior:
# ---------
 2.07500000  -0.02561346  0.0
 1.84500000  -0.05771160  0.0
 1.83504684  -0.05920236  0.0
 1.59900000  -0.09538404  0.0
 1.58938140  -0.09688956  0.0
 1.35300000  -0.13431108  0.0
 1.34460156  -0.13567392  0.0
 1.10700000  -0.17297736  0.0
 1.10066304  -0.17393184  0.0
 0.86100000  -0.20966580  0.0
 0.85749204  -0.21014304  0.0
 0.83600000  -0.21303673  0.0
 0.83600000  -0.21243131  0.0
 0.85741157  -0.20954846  0.0
 0.86091531  -0.20907179  0.0
 1.10057412  -0.17333847  0.0
 1.10690879  -0.17238433  0.0
 1.34450698  -0.13508142  0.0
 1.35290389  -0.13371883  0.0
 1.35290618  -0.13371846  0.0
 1.58928758  -0.09629694  0.0
 1.58928862  -0.09629678  0.0
 1.59890722  -0.09479126  0.0
 1.59890909  -0.09479097  0.0
 1.83495593  -0.05860929  0.0
 1.83495796  -0.05860898  0.0
 1.84491112  -0.05711822  0.0
 1.84491707  -0.05711736  0.0
 2.07500000  -0.02500765  0.0
 2.07500000  -0.02561346  0.0
;;

