# exterior:
# ---------
 2.76113275   0.02738011  0.0
 2.58298913   0.02415194  0.0
 2.58296602   0.02415108  0.0
 2.57732770   0.02383128  0.0
 2.57731543   0.02383045  0.0
 2.33695375   0.00524761  0.0
 2.33694243   0.00524663  0.0
 2.32903107   0.00448403  0.0
 2.32902007   0.00448287  0.0
 2.09093143  -0.02290677  0.0
 2.09092469  -0.02290758  0.0
 2.08155209  -0.02409330  0.0
 2.08154447  -0.02409432  0.0
 2.07500000  -0.02500765  0.0
 2.07500000  -0.01995919  0.0
 2.08085338  -0.01914231  0.0
 2.08088514  -0.01913798  0.0
 2.08089277  -0.01913697  0.0
 2.08092455  -0.01913284  0.0
 2.09029715  -0.01794712  0.0
 2.09032520  -0.01794365  0.0
 2.09033193  -0.01794284  0.0
 2.09036000  -0.01793953  0.0
 2.32844864   0.00945011  0.0
 2.32849446   0.00945517  0.0
 2.32850546   0.00945633  0.0
 2.32855133   0.00946096  0.0
 2.33646269   0.01022356  0.0
 2.33650984   0.01022788  0.0
 2.33652116   0.01022887  0.0
 2.33656834   0.01023274  0.0
 2.57693002   0.02881558  0.0
 2.57698114   0.02881927  0.0
 2.57699341   0.02882009  0.0
 2.57704456   0.02882325  0.0
 2.58268288   0.02914305  0.0
 2.58277912   0.02914758  0.0
 2.58280223   0.02914845  0.0
 2.58289854   0.02915112  0.0
 2.76113275   0.03238093  0.0
 2.76113275   0.02738011  0.0
;;

