# exterior:
# ---------
-0.83600000  -0.27204582  0.0
-0.86100000  -0.26996532  0.0
-1.07879856  -0.24792864  0.0
-1.10700000  -0.24452892  0.0
-1.32320448  -0.21340500  0.0
-1.35300000  -0.20828820  0.0
-1.44624384  -0.19065492  0.0
-1.47600000  -0.18440652  0.0
-1.57032624  -0.16170564  0.0
-1.59900000  -0.15371556  0.0
-1.69654392  -0.12134196  0.0
-1.72200000  -0.11121660  0.0
-1.76151744  -0.09206304  0.0
-1.78350000  -0.07837068  0.0
-1.78877424  -0.07448880  0.0
-1.80316032  -0.06251352  0.0
-1.80810000  -0.05785428  0.0
-1.82040000  -0.04453584  0.0
-1.84500000   0.00000000  0.0
-1.83763968   0.07771632  0.0
-1.82742576   0.09581700  0.0
-1.82040000   0.10604568  0.0
-1.80810000   0.12152892  0.0
-1.80548256   0.12451044  0.0
-1.78350000   0.14705880  0.0
-1.74745608   0.17778912  0.0
-1.72200000   0.19699188  0.0
-1.62767376   0.25756200  0.0
-1.59900000   0.27346836  0.0
-1.50575616   0.31928832  0.0
-1.47600000   0.33247392  0.0
-1.38279552   0.37038252  0.0
-1.35300000   0.38156076  0.0
-1.13520144   0.45204468  0.0
-1.10700000   0.45995112  0.0
-0.88630356   0.51370212  0.0
-0.86100000   0.51902064  0.0
-0.83600000   0.52353998  0.0
-0.83600000   0.52293026  0.0
-0.86088490   0.51843172  0.0
-0.88617083   0.51311691  0.0
-1.10684798   0.45937061  0.0
-1.13502802   0.45147017  0.0
-1.35280215   0.38099415  0.0
-1.38257707   0.36982364  0.0
-1.47576538   0.33192162  0.0
-1.50550221   0.31874458  0.0
-1.59872199   0.27293644  0.0
-1.62736581   0.25704669  0.0
-1.72165675   0.19649924  0.0
-1.74708044   0.17732091  0.0
-1.78308968   0.14662016  0.0
-1.80504200   0.12410282  0.0
-1.80763937   0.12114416  0.0
-1.81991723   0.10568879  0.0
-1.82691621   0.09549910  0.0
-1.83705439   0.07753265  0.0
-1.84438520   0.00012790  0.0
-1.81990992  -0.04418214  0.0
-1.80767326  -0.05743200  0.0
-1.80276216  -0.06206428  0.0
-1.78840415  -0.07401620  0.0
-1.78316306  -0.07787368  0.0
-1.76122717  -0.09153697  0.0
-1.72175796  -0.11066715  0.0
-1.69633837  -0.12077800  0.0
-1.59882487  -0.15314150  0.0
-1.57017547  -0.16112479  0.0
-1.47586813  -0.18382113  0.0
-1.44612643  -0.19006649  0.0
-1.35289347  -0.20769771  0.0
-1.32311094  -0.21281228  0.0
-1.10692134  -0.24393406  0.0
-1.07873245  -0.24733227  0.0
-0.86094492  -0.26936783  0.0
-0.83600000  -0.27144374  0.0
-0.83600000  -0.27204582  0.0
;;

