# exterior:
# ---------
 0.75000000  -0.22401035  0.0
 0.61492630  -0.24219667  0.0
 0.37300450  -0.26951637  0.0
 0.36894524  -0.26993359  0.0
 0.13147513  -0.28905655  0.0
 0.12297266  -0.28954774  0.0
-0.10995071  -0.29734055  0.0
-0.12300130  -0.29748310  0.0
-0.35151059  -0.29597764  0.0
-0.36898244  -0.29558916  0.0
-0.59334525  -0.28744196  0.0
-0.61496432  -0.28632068  0.0
-0.75000000  -0.27723542  0.0
-0.75000000  -0.27222412  0.0
-0.61466699  -0.28132938  0.0
-0.59312503  -0.28244667  0.0
-0.36883614  -0.29059118  0.0
-0.35143855  -0.29097801  0.0
-0.12301214  -0.29248292  0.0
-0.11006162  -0.29234146  0.0
 0.12274485  -0.28455256  0.0
 0.13113023  -0.28406814  0.0
 0.36848891  -0.26495415  0.0
 0.37246835  -0.26454514  0.0
 0.61431210  -0.23723425  0.0
 0.75000000  -0.21896523  0.0
 0.75000000  -0.22401035  0.0
;;

