# exterior:
# ---------
 2.76113275   0.05138405  0.0
 2.58255429   0.04814800  0.0
 2.58253021   0.04814751  0.0
 2.58243389   0.04814530  0.0
 2.58240981   0.04814469  0.0
 2.58233276   0.04814255  0.0
 2.58230869   0.04814182  0.0
 2.58221239   0.04813868  0.0
 2.58218832   0.04813784  0.0
 2.58197266   0.04812978  0.0
 2.58194859   0.04812882  0.0
 2.58185233   0.04812475  0.0
 2.58182827   0.04812368  0.0
 2.58175128   0.04812005  0.0
 2.58172722   0.04811886  0.0
 2.58163100   0.04811387  0.0
 2.58160695   0.04811257  0.0
 2.57596863   0.04779277  0.0
 2.57595584   0.04779202  0.0
 2.57590468   0.04778899  0.0
 2.57589189   0.04778822  0.0
 2.57585097   0.04778568  0.0
 2.57583818   0.04778488  0.0
 2.57578704   0.04778158  0.0
 2.57577425   0.04778074  0.0
 2.57565971   0.04777307  0.0
 2.57564693   0.04777219  0.0
 2.57559580   0.04776863  0.0
 2.57558302   0.04776773  0.0
 2.57554213   0.04776478  0.0
 2.57552935   0.04776384  0.0
 2.57547824   0.04776002  0.0
 2.57546546   0.04775905  0.0
 2.33510378   0.02917621  0.0
 2.33509198   0.02917528  0.0
 2.33504479   0.02917152  0.0
 2.33503299   0.02917057  0.0
 2.33499524   0.02916747  0.0
 2.33498345   0.02916649  0.0
 2.33493627   0.02916250  0.0
 2.33492448   0.02916149  0.0
 2.33481883   0.02915232  0.0
 2.33480704   0.02915128  0.0
 2.33475988   0.02914707  0.0
 2.33474809   0.02914601  0.0
 2.33471038   0.02914255  0.0
 2.33469859   0.02914146  0.0
 2.33465145   0.02913703  0.0
 2.33463967   0.02913590  0.0
 2.32672831   0.02837330  0.0
 2.32671684   0.02837218  0.0
 2.32667096   0.02836766  0.0
 2.32665950   0.02836651  0.0
 2.32662280   0.02836280  0.0
 2.32661134   0.02836163  0.0
 2.32656548   0.02835689  0.0
 2.32655402   0.02835569  0.0
 2.32645133   0.02834484  0.0
 2.32643987   0.02834361  0.0
 2.32639404   0.02833866  0.0
 2.32638258   0.02833741  0.0
 2.32634592   0.02833336  0.0
 2.32633447   0.02833209  0.0
 2.32628866   0.02832692  0.0
 2.32627721   0.02832562  0.0
 2.08818857   0.00093598  0.0
 2.08818155   0.00093517  0.0
 2.08815348   0.00093190  0.0
 2.08814646   0.00093107  0.0
 2.08812401   0.00092843  0.0
 2.08811699   0.00092759  0.0
 2.08808893   0.00092425  0.0
 2.08808191   0.00092340  0.0
 2.08801906   0.00091581  0.0
 2.08801205   0.00091496  0.0
 2.08798400   0.00091153  0.0
 2.08797699   0.00091067  0.0
 2.08795455   0.00090790  0.0
 2.08794754   0.00090702  0.0
 2.08791949   0.00090352  0.0
 2.08791248   0.00090264  0.0
 2.08002603  -0.00009507  0.0
 2.08500000   0.00557403  0.0
 2.08728844   0.00586354  0.0
 2.08729896   0.00586486  0.0
 2.08733051   0.00586881  0.0
 2.08734102   0.00587011  0.0
 2.08736697   0.00587332  0.0
 2.08737749   0.00587461  0.0
 2.08740905   0.00587847  0.0
 2.08741957   0.00587974  0.0
 2.08748592   0.00588776  0.0
 2.08749645   0.00588902  0.0
 2.08752802   0.00589278  0.0
 2.08753854   0.00589403  0.0
 2.08756450   0.00589709  0.0
 2.08757503   0.00589832  0.0
 2.08760661   0.00590200  0.0
 2.08761714   0.00590322  0.0
 2.32570578   0.03329286  0.0
 2.32571150   0.03329351  0.0
 2.32572295   0.03329482  0.0
 2.32572868   0.03329547  0.0
 2.32577449   0.03330063  0.0
 2.32578022   0.03330127  0.0
 2.32579167   0.03330255  0.0
 2.32579740   0.03330318  0.0
 2.32583405   0.03330723  0.0
 2.32583978   0.03330786  0.0
 2.32585124   0.03330911  0.0
 2.32585697   0.03330973  0.0
 2.32590280   0.03331468  0.0
 2.32590853   0.03331530  0.0
 2.32591999   0.03331652  0.0
 2.32592572   0.03331713  0.0
 2.32602841   0.03332799  0.0
 2.32603414   0.03332859  0.0
 2.32604560   0.03332979  0.0
 2.32605134   0.03333039  0.0
 2.32609719   0.03333513  0.0
 2.32610292   0.03333571  0.0
 2.32611439   0.03333689  0.0
 2.32612012   0.03333747  0.0
 2.32615682   0.03334118  0.0
 2.32616255   0.03334175  0.0
 2.32617402   0.03334290  0.0
 2.32617975   0.03334347  0.0
 2.32622563   0.03334800  0.0
 2.32623136   0.03334856  0.0
 2.32624283   0.03334968  0.0
 2.32624857   0.03335024  0.0
 2.33415993   0.03411284  0.0
 2.33416582   0.03411340  0.0
 2.33417760   0.03411452  0.0
 2.33418350   0.03411508  0.0
 2.33423063   0.03411951  0.0
 2.33423652   0.03412006  0.0
 2.33424831   0.03412115  0.0
 2.33425420   0.03412170  0.0
 2.33429192   0.03412515  0.0
 2.33429781   0.03412569  0.0
 2.33430960   0.03412675  0.0
 2.33431550   0.03412728  0.0
 2.33436265   0.03413149  0.0
 2.33436855   0.03413201  0.0
 2.33438034   0.03413305  0.0
 2.33438623   0.03413357  0.0
 2.33449188   0.03414274  0.0
 2.33449778   0.03414325  0.0
 2.33450957   0.03414426  0.0
 2.33451547   0.03414476  0.0
 2.33456265   0.03414875  0.0
 2.33456854   0.03414924  0.0
 2.33458034   0.03415022  0.0
 2.33458624   0.03415071  0.0
 2.33462398   0.03415381  0.0
 2.33462988   0.03415429  0.0
 2.33464168   0.03415525  0.0
 2.33464758   0.03415572  0.0
 2.33469477   0.03415948  0.0
 2.33470067   0.03415995  0.0
 2.33471247   0.03416087  0.0
 2.33471837   0.03416133  0.0
 2.57508005   0.05274417  0.0
 2.57508644   0.05274466  0.0
 2.57509922   0.05274563  0.0
 2.57510561   0.05274612  0.0
 2.57515671   0.05274993  0.0
 2.57516310   0.05275041  0.0
 2.57517588   0.05275135  0.0
 2.57518227   0.05275181  0.0
 2.57522316   0.05275476  0.0
 2.57522955   0.05275522  0.0
 2.57524233   0.05275613  0.0
 2.57524872   0.05275657  0.0
 2.57529985   0.05276013  0.0
 2.57530624   0.05276057  0.0
 2.57531903   0.05276145  0.0
 2.57532542   0.05276188  0.0
 2.57543996   0.05276955  0.0
 2.57544635   0.05276998  0.0
 2.57545914   0.05277082  0.0
 2.57546553   0.05277123  0.0
 2.57551667   0.05277453  0.0
 2.57552307   0.05277494  0.0
 2.57553585   0.05277574  0.0
 2.57554225   0.05277614  0.0
 2.57558317   0.05277868  0.0
 2.57558956   0.05277907  0.0
 2.57560235   0.05277984  0.0
 2.57560875   0.05278023  0.0
 2.57565991   0.05278326  0.0
 2.57566630   0.05278363  0.0
 2.57567910   0.05278438  0.0
 2.57568549   0.05278474  0.0
 2.58132381   0.05310454  0.0
 2.58133584   0.05310521  0.0
 2.58135989   0.05310652  0.0
 2.58137191   0.05310715  0.0
 2.58146813   0.05311215  0.0
 2.58148016   0.05311276  0.0
 2.58150422   0.05311395  0.0
 2.58151625   0.05311453  0.0
 2.58159324   0.05311815  0.0
 2.58160527   0.05311870  0.0
 2.58162933   0.05311978  0.0
 2.58164136   0.05312030  0.0
 2.58173763   0.05312436  0.0
 2.58174966   0.05312486  0.0
 2.58177373   0.05312582  0.0
 2.58178576   0.05312628  0.0
 2.58200142   0.05313435  0.0
 2.58201345   0.05313478  0.0
 2.58203753   0.05313563  0.0
 2.58204956   0.05313603  0.0
 2.58214586   0.05313917  0.0
 2.58215790   0.05313955  0.0
 2.58218197   0.05314027  0.0
 2.58219401   0.05314062  0.0
 2.58227106   0.05314276  0.0
 2.58228310   0.05314308  0.0
 2.58230718   0.05314369  0.0
 2.58231922   0.05314398  0.0
 2.58241554   0.05314619  0.0
 2.58242758   0.05314645  0.0
 2.58245166   0.05314695  0.0
 2.58246370   0.05314718  0.0
 2.76113275   0.05638487  0.0
 2.76113275   0.05138405  0.0
;;

