# exterior:
# ---------
 0.75000000  -0.15438775  0.0
 0.60645038  -0.17371526  0.0
 0.36560555  -0.20091335  0.0
 0.36264786  -0.20121734  0.0
 0.12671552  -0.22021647  0.0
 0.11982884  -0.22061431  0.0
-0.11148132  -0.22835315  0.0
-0.12315084  -0.22848062  0.0
-0.35051634  -0.22698270  0.0
-0.36696348  -0.22661700  0.0
-0.59030616  -0.21850684  0.0
-0.61086119  -0.21744075  0.0
-0.75000000  -0.20807943  0.0
-0.74500000  -0.20340453  0.0
-0.61056386  -0.21244945  0.0
-0.59008593  -0.21351155  0.0
-0.36681717  -0.22161902  0.0
-0.35044429  -0.22198306  0.0
-0.12316168  -0.22348044  0.0
-0.11159224  -0.22335407  0.0
 0.11960103  -0.21561914  0.0
 0.12637063  -0.21522806  0.0
 0.36219153  -0.19623790  0.0
 0.36506939  -0.19594211  0.0
 0.60583619  -0.16875284  0.0
 0.74500000  -0.15001583  0.0
 0.75000000  -0.15438775  0.0
;;

