# exterior:
# ---------
-0.75000000   0.46835842  0.0
-0.62524551   0.49091074  0.0
-0.60547101   0.49389311  0.0
-0.37865307   0.52238758  0.0
-0.36293799   0.52397103  0.0
-0.13186611   0.54109705  0.0
-0.12087057   0.54161059  0.0
 0.11438577   0.54502716  0.0
 0.12065968   0.54491843  0.0
 0.36063398   0.53292777  0.0
 0.36297565   0.53275504  0.0
 0.60669687   0.50837805  0.0
 0.75000000   0.48826688  0.0
 0.75000000  -0.15438775  0.0
 0.60645038  -0.17371526  0.0
 0.36560555  -0.20091335  0.0
 0.36264786  -0.20121734  0.0
 0.12671552  -0.22021647  0.0
 0.11982884  -0.22061431  0.0
-0.11148132  -0.22835315  0.0
-0.12315084  -0.22848062  0.0
-0.35051634  -0.22698270  0.0
-0.36696348  -0.22661700  0.0
-0.59030616  -0.21850684  0.0
-0.61086119  -0.21744075  0.0
-0.75000000  -0.20807943  0.0
-0.75000000   0.46835842  0.0
;;

# interior:
# ---------
-0.74500000   0.46418125  0.0
-0.74500000  -0.20340453  0.0
-0.61056386  -0.21244945  0.0
-0.59008593  -0.21351155  0.0
-0.36681717  -0.22161902  0.0
-0.35044429  -0.22198306  0.0
-0.12316168  -0.22348044  0.0
-0.11159224  -0.22335407  0.0
 0.11960103  -0.21561914  0.0
 0.12637063  -0.21522806  0.0
 0.36219153  -0.19623790  0.0
 0.36506939  -0.19594211  0.0
 0.60583619  -0.16875284  0.0
 0.74500000  -0.15001583  0.0
 0.74500000   0.48391959  0.0
 0.60610038   0.50341276  0.0
 0.36254286   0.52777338  0.0
 0.36032527   0.52793695  0.0
 0.12049156   0.53992059  0.0
 0.11437875   0.54002653  0.0
-0.12071759   0.53661228  0.0
-0.13156464   0.53610568  0.0
-0.36250251   0.51898959  0.0
-0.37809074   0.51741892  0.0
-0.60478646   0.48893981  0.0
-0.62442778   0.48597752  0.0
-0.74500000   0.46418125  0.0
;;

