# exterior:
# ---------
 2.83553608   0.04684216  0.0
 2.83120541   0.04733257  0.0
 2.83101906   0.04735190  0.0
 2.83086985   0.04736597  0.0
 2.83068318   0.04738182  0.0
 2.83026480   0.04741337  0.0
 2.83007786   0.04742572  0.0
 2.82992823   0.04743419  0.0
 2.82974109   0.04744302  0.0
 2.82701049   0.04754634  0.0
 2.82687071   0.04755065  0.0
 2.82675887   0.04755332  0.0
 2.82661904   0.04755568  0.0
 2.82630584   0.04755876  0.0
 2.82616599   0.04755916  0.0
 2.82605412   0.04755870  0.0
 2.82591428   0.04755714  0.0
 2.76113275   0.04638323  0.0
 2.76113275   0.05138405  0.0
 2.79638164   0.05202280  0.0
 2.83553608   0.04684216  0.0
;;

