# exterior:
# ---------
 0.83600000   0.48528584  0.0
 0.85216860   0.48301674  0.0
 0.85467757   0.48262966  0.0
 1.09617258   0.44048183  0.0
 1.10167724   0.43944330  0.0
 1.34048937   0.39084940  0.0
 1.34819713   0.38916516  0.0
 1.58522703   0.33514593  0.0
 1.59428802   0.33298149  0.0
 1.83027522   0.27448200  0.0
 1.83982953   0.27206391  0.0
 2.07500000   0.21036579  0.0
 2.07691148   0.20575028  0.0
 2.07657516   0.20562039  0.0
 2.07611219   0.20549105  0.0
 2.07563893   0.20540678  0.0
 2.07515977   0.20536834  0.0
 2.07467913   0.20537610  0.0
 2.07420146   0.20542997  0.0
 2.07373117   0.20552946  0.0
 1.83858171   0.26722207  0.0
 1.82906030   0.26963184  0.0
 1.59310563   0.32812326  0.0
 1.58409065   0.33027670  0.0
 1.34710791   0.38428519  0.0
 1.33945714   0.38595698  0.0
 1.10071522   0.43453659  0.0
 1.09527923   0.43556217  0.0
 0.85386648   0.47769564  0.0
 0.85143993   0.47807000  0.0
 0.84100000   0.47953514  0.0
 0.83600000   0.48528584  0.0
;;

