# exterior:
# ---------
 0.74500000  -0.15001583  0.0
 0.60583619  -0.16875284  0.0
 0.36506939  -0.19594211  0.0
 0.36219153  -0.19623790  0.0
 0.12637063  -0.21522806  0.0
 0.11960103  -0.21561914  0.0
-0.11159224  -0.22335407  0.0
-0.12316168  -0.22348044  0.0
-0.35044429  -0.22198306  0.0
-0.36681717  -0.22161902  0.0
-0.59008593  -0.21351155  0.0
-0.61056386  -0.21244945  0.0
-0.74500000  -0.20340453  0.0
-0.74000000  -0.19872962  0.0
-0.61026653  -0.20745815  0.0
-0.58986571  -0.20851625  0.0
-0.36667087  -0.21662103  0.0
-0.35037224  -0.21698343  0.0
-0.12317251  -0.21848026  0.0
-0.11170315  -0.21835498  0.0
 0.11937322  -0.21062396  0.0
 0.12602573  -0.21023965  0.0
 0.36173520  -0.19125846  0.0
 0.36453323  -0.19097088  0.0
 0.60522199  -0.16379042  0.0
 0.74000000  -0.14564391  0.0
 0.74500000  -0.15001583  0.0
;;

