# exterior:
# ---------
-0.84100000   0.45597285  0.0
-0.84100000  -0.20580295  0.0
-0.85497749  -0.20463975  0.0
-1.07157042  -0.18272505  0.0
-1.09839963  -0.17949076  0.0
-1.31297753  -0.14860099  0.0
-1.34135292  -0.14372807  0.0
-1.43340723  -0.12631974  0.0
-1.46158173  -0.12040347  0.0
-1.55384194  -0.09819981  0.0
-1.57985246  -0.09095185  0.0
-1.67407051  -0.05968207  0.0
-1.69553642  -0.05114383  0.0
-1.72978153  -0.03454569  0.0
-1.74666082  -0.02403203  0.0
-1.74831107  -0.02281743  0.0
-1.75962814  -0.01339686  0.0
-1.76144260  -0.01168542  0.0
-1.76681842  -0.00586447  0.0
-1.77778206   0.01398409  0.0
-1.77364802   0.05763462  0.0
-1.77171527   0.06105976  0.0
-1.76761740   0.06702578  0.0
-1.75773798   0.07946199  0.0
-1.75731462   0.07994425  0.0
-1.73863879   0.09910077  0.0
-1.70638645   0.12659846  0.0
-1.68447108   0.14313029  0.0
-1.59400506   0.20122163  0.0
-1.56860439   0.21531229  0.0
-1.47799134   0.25983948  0.0
-1.45034814   0.27208878  0.0
-1.35891220   0.30927808  0.0
-1.33136824   0.31961161  0.0
-1.11624065   0.38923115  0.0
-1.09037918   0.39648157  0.0
-0.87179153   0.44971896  0.0
-0.84841591   0.45463225  0.0
-0.84100000   0.45597285  0.0
;;

# interior:
# ---------
-0.84600000   0.44998795  0.0
-0.84745676   0.44972460  0.0
-0.87068543   0.44484220  0.0
-1.08911234   0.39164395  0.0
-1.11479547   0.38444353  0.0
-1.32971948   0.31488987  0.0
-1.35709182   0.30462072  0.0
-1.44839297   0.26748626  0.0
-1.47587512   0.25530832  0.0
-1.56628765   0.21087966  0.0
-1.59143885   0.19692739  0.0
-1.68161064   0.13902499  0.0
-1.70325615   0.12269673  0.0
-1.73521949   0.09544543  0.0
-1.75364328   0.07654743  0.0
-1.75389941   0.07625567  0.0
-1.76359434   0.06405170  0.0
-1.76746905   0.05841058  0.0
-1.76877061   0.05610400  0.0
-1.77265874   0.01504996  0.0
-1.76273446  -0.00291696  0.0
-1.75788639  -0.00816645  0.0
-1.75631014  -0.00965321  0.0
-1.74522698  -0.01887907  0.0
-1.74385295  -0.01989036  0.0
-1.72736263  -0.03016175  0.0
-1.69351938  -0.04656511  0.0
-1.67235759  -0.05498238  0.0
-1.57839305  -0.08616803  0.0
-1.55258552  -0.09335942  0.0
-1.46048278  -0.11552519  0.0
-1.43242883  -0.12141615  0.0
-1.34046518  -0.13880733  0.0
-1.31219804  -0.14366166  0.0
-1.09774411  -0.17453358  0.0
-1.07101949  -0.17775527  0.0
-0.85451846  -0.19966066  0.0
-0.84600000  -0.20036957  0.0
-0.84600000   0.44998795  0.0
;;

