# exterior:
# ---------
-0.83600000   0.46195776  0.0
-0.83600000  -0.21123634  0.0
-0.85543653  -0.20961883  0.0
-1.07212134  -0.18769484  0.0
-1.09905514  -0.18444793  0.0
-1.31375702  -0.15354032  0.0
-1.34224065  -0.14864881  0.0
-1.43438563  -0.13122334  0.0
-1.46268069  -0.12528175  0.0
-1.55509837  -0.10304019  0.0
-1.58131188  -0.09573567  0.0
-1.67578342  -0.06438175  0.0
-1.69755346  -0.05572255  0.0
-1.73220043  -0.03892964  0.0
-1.74946868  -0.02817369  0.0
-1.75139515  -0.02675580  0.0
-1.76294614  -0.01714051  0.0
-1.76499880  -0.01520438  0.0
-1.77090238  -0.00881198  0.0
-1.78290538   0.01291823  0.0
-1.77852544   0.05916524  0.0
-1.77596150   0.06370894  0.0
-1.77164047   0.06999986  0.0
-1.76157655   0.08266831  0.0
-1.76098595   0.08334106  0.0
-1.74205809   0.10275611  0.0
-1.70951676   0.13050018  0.0
-1.68733151   0.14723560  0.0
-1.59657128   0.20551586  0.0
-1.57092113   0.21974492  0.0
-1.48010757   0.26437064  0.0
-1.45230331   0.27669131  0.0
-1.36073257   0.31393543  0.0
-1.33301700   0.32433334  0.0
-1.11768583   0.39401877  0.0
-1.09164601   0.40131918  0.0
-0.87289763   0.45459573  0.0
-0.84937506   0.45953991  0.0
-0.83600000   0.46195776  0.0
;;

# interior:
# ---------
-0.84100000   0.45597285  0.0
-0.84841591   0.45463225  0.0
-0.87179153   0.44971896  0.0
-1.09037918   0.39648157  0.0
-1.11624065   0.38923115  0.0
-1.33136824   0.31961161  0.0
-1.35891220   0.30927808  0.0
-1.45034814   0.27208878  0.0
-1.47799134   0.25983948  0.0
-1.56860439   0.21531229  0.0
-1.59400506   0.20122163  0.0
-1.68447108   0.14313029  0.0
-1.70638645   0.12659846  0.0
-1.73863879   0.09910077  0.0
-1.75731462   0.07994425  0.0
-1.75773798   0.07946199  0.0
-1.76761740   0.06702578  0.0
-1.77171527   0.06105976  0.0
-1.77364802   0.05763462  0.0
-1.77778206   0.01398409  0.0
-1.76681842  -0.00586447  0.0
-1.76144260  -0.01168542  0.0
-1.75962814  -0.01339686  0.0
-1.74831107  -0.02281743  0.0
-1.74666082  -0.02403203  0.0
-1.72978153  -0.03454569  0.0
-1.69553642  -0.05114383  0.0
-1.67407051  -0.05968207  0.0
-1.57985246  -0.09095185  0.0
-1.55384194  -0.09819981  0.0
-1.46158173  -0.12040347  0.0
-1.43340723  -0.12631974  0.0
-1.34135292  -0.14372807  0.0
-1.31297753  -0.14860099  0.0
-1.09839963  -0.17949076  0.0
-1.07157042  -0.18272505  0.0
-0.85497749  -0.20463975  0.0
-0.84100000  -0.20580295  0.0
-0.84100000   0.45597285  0.0
;;

