# exterior:
# ---------
 0.84100000   0.47953514  0.0
 0.85143993   0.47807000  0.0
 0.85386648   0.47769564  0.0
 1.09527923   0.43556217  0.0
 1.10071522   0.43453659  0.0
 1.33945714   0.38595698  0.0
 1.34710791   0.38428519  0.0
 1.58409065   0.33027670  0.0
 1.59310563   0.32812326  0.0
 1.82906030   0.26963184  0.0
 1.83858171   0.26722207  0.0
 2.07373117   0.20552946  0.0
 2.07420146   0.20542997  0.0
 2.07467913   0.20537610  0.0
 2.07515977   0.20536834  0.0
 2.07563893   0.20540678  0.0
 2.07611219   0.20549105  0.0
 2.07657516   0.20562039  0.0
 2.07691148   0.20575028  0.0
 2.07882516   0.20112943  0.0
 2.07882504   0.20112938  0.0
 2.07837662   0.20095619  0.0
 2.07792040   0.20080475  0.0
 2.07745742   0.20067542  0.0
 2.07698876   0.20056849  0.0
 2.07651550   0.20048422  0.0
 2.07603874   0.20042279  0.0
 2.07555958   0.20038435  0.0
 2.07507913   0.20036899  0.0
 2.07459849   0.20037675  0.0
 2.07411878   0.20040759  0.0
 2.07364110   0.20046147  0.0
 2.07316657   0.20053824  0.0
 2.07269628   0.20063773  0.0
 2.07246233   0.20069314  0.0
 1.83733388   0.26238023  0.0
 1.82784539   0.26478167  0.0
 1.59192324   0.32326502  0.0
 1.58295427   0.32540748  0.0
 1.34601870   0.37940523  0.0
 1.33842491   0.38106456  0.0
 1.09975320   0.42962988  0.0
 1.09438588   0.43064250  0.0
 0.85305540   0.47276162  0.0
 0.85071127   0.47312327  0.0
 0.84600000   0.47378445  0.0
 0.84100000   0.47953514  0.0
;;

