# exterior:
# ---------
-0.75000000   0.46835842  0.0
-0.62524551   0.49091074  0.0
-0.60547101   0.49389311  0.0
-0.37865307   0.52238758  0.0
-0.36293799   0.52397103  0.0
-0.13186611   0.54109705  0.0
-0.12087057   0.54161059  0.0
 0.11438577   0.54502716  0.0
 0.12065968   0.54491843  0.0
 0.36063398   0.53292777  0.0
 0.36297565   0.53275504  0.0
 0.60669687   0.50837805  0.0
 0.75000000   0.48826688  0.0
 0.74500000   0.48391959  0.0
 0.60610038   0.50341276  0.0
 0.36254286   0.52777338  0.0
 0.36032527   0.52793695  0.0
 0.12049156   0.53992059  0.0
 0.11437875   0.54002653  0.0
-0.12071759   0.53661228  0.0
-0.13156464   0.53610568  0.0
-0.36250251   0.51898959  0.0
-0.37809074   0.51741892  0.0
-0.60478646   0.48893981  0.0
-0.62442778   0.48597752  0.0
-0.74500000   0.46418125  0.0
-0.75000000   0.46835842  0.0
;;

