# exterior:
# ---------
 2.07500000   0.25275333  0.0
 2.08598797   0.24987058  0.0
 2.09529089   0.24738980  0.0
 2.33187878   0.18345524  0.0
 2.33976816   0.18131608  0.0
 2.57782403   0.11639086  0.0
 2.58344355   0.11484622  0.0
 2.58346037   0.11484161  0.0
 2.58349066   0.11483334  0.0
 2.58350749   0.11482877  0.0
 2.76113275   0.06674480  0.0
 2.76113275   0.06156483  0.0
 2.58220100   0.11000248  0.0
 2.58219502   0.11000410  0.0
 2.58217819   0.11000868  0.0
 2.58214380   0.11001806  0.0
 2.58213855   0.11001950  0.0
 2.58212173   0.11002411  0.0
 2.57650363   0.11156835  0.0
 2.33845612   0.17649129  0.0
 2.33057235   0.17862893  0.0
 2.09399453   0.24256077  0.0
 2.08470939   0.24503681  0.0
 2.08000000   0.24627234  0.0
 2.08000000   0.24626896  0.0
 2.07500000   0.25275333  0.0
;;

