# exterior:
# ---------
-0.74500000   0.46418125  0.0
-0.62442778   0.48597752  0.0
-0.60478646   0.48893981  0.0
-0.37809074   0.51741892  0.0
-0.36250251   0.51898959  0.0
-0.13156464   0.53610568  0.0
-0.12071759   0.53661228  0.0
 0.11437875   0.54002653  0.0
 0.12049156   0.53992059  0.0
 0.36032527   0.52793695  0.0
 0.36254286   0.52777338  0.0
 0.60610038   0.50341276  0.0
 0.74500000   0.48391959  0.0
 0.74000000   0.47957229  0.0
 0.60550389   0.49844747  0.0
 0.36211008   0.52279172  0.0
 0.36001657   0.52294614  0.0
 0.12032343   0.53492275  0.0
 0.11437173   0.53502590  0.0
-0.12056462   0.53161397  0.0
-0.13126317   0.53111431  0.0
-0.36206702   0.51400816  0.0
-0.37752841   0.51245027  0.0
-0.60410190   0.48398650  0.0
-0.62361005   0.48104431  0.0
-0.74000000   0.46000408  0.0
-0.74500000   0.46418125  0.0
;;

