# exterior:
# ---------
 2.83553608   0.03275268  0.0
 2.82963012   0.03342148  0.0
 2.82921174   0.03345304  0.0
 2.82648114   0.03355636  0.0
 2.82616794   0.03355944  0.0
 2.76113275   0.03238093  0.0
 2.76113275   0.03638159  0.0
 2.82609547   0.03755878  0.0
 2.82620734   0.03755925  0.0
 2.82652054   0.03755616  0.0
 2.82663238   0.03755350  0.0
 2.82936298   0.03745018  0.0
 2.82951261   0.03744170  0.0
 2.82993099   0.03741014  0.0
 2.83008020   0.03739607  0.0
 2.83553608   0.03677825  0.0
 2.83553608   0.03275268  0.0
;;

