# exterior:
# ---------
 2.76113275   0.07710472  0.0
 2.58612984   0.12447881  0.0
 2.58612236   0.12448084  0.0
 2.58610142   0.12448655  0.0
 2.58609394   0.12448860  0.0
 2.58046483   0.12603587  0.0
 2.34239224   0.19096565  0.0
 2.33449165   0.19310785  0.0
 2.09788360   0.25704786  0.0
 2.08854513   0.25953812  0.0
 2.07500000   0.26309175  0.0
 2.07500000   0.26722712  0.0
 2.08956799   0.26340514  0.0
 2.09892068   0.26091109  0.0
 2.33553679   0.19696890  0.0
 2.34344187   0.19482548  0.0
 2.58152115   0.12989387  0.0
 2.58715410   0.12834555  0.0
 2.58717504   0.12833984  0.0
 2.76113275   0.08124869  0.0
 2.76113275   0.07710472  0.0
;;

