# exterior:
# ---------
-0.83600000  -0.45200868  0.0
-0.94895006  -0.44060253  0.0
-1.07343272  -0.42414568  0.0
-1.19033158  -0.40495325  0.0
-1.29964664  -0.38348568  0.0
-1.40132373  -0.36013841  0.0
-1.49547119  -0.33524730  0.0
-1.58192651  -0.30927820  0.0
-1.66085220  -0.28248572  0.0
-1.73213992  -0.25502153  0.0
-1.79584384  -0.22685313  0.0
-1.85196396  -0.19798593  0.0
-1.90044611  -0.16859871  0.0
-1.94134446  -0.13927107  0.0
-1.97465901  -0.11072348  0.0
-2.00038976  -0.08267425  0.0
-2.01848254  -0.05407791  0.0
-2.02899152  -0.02401898  0.0
-2.03039994  -0.01580681  0.0
-2.03137500   0.00000000  0.0
-2.02465792   0.04998266  0.0
-2.01035704   0.08461354  0.0
-1.98847236   0.11750556  0.0
-1.95894971   0.15086345  0.0
-1.92184326   0.18438926  0.0
-1.87715301   0.21848386  0.0
-1.82487896   0.25368894  0.0
-1.76496694   0.28967949  0.0
-1.69747112   0.32595714  0.0
-1.62233733   0.36225646  0.0
-1.53967391   0.39820909  0.0
-1.44931835   0.43359835  0.0
-1.35143316   0.46805589  0.0
-1.24596417   0.50127835  0.0
-1.13285721   0.53297321  0.0
-1.01211228   0.56276671  0.0
-0.88383772   0.59021465  0.0
-0.83600000   0.59890133  0.0
-0.83600000   0.59829151  0.0
-0.88372132   0.58962598  0.0
-1.01197761   0.56218195  0.0
-1.13270436   0.53239293  0.0
-1.24579305   0.50070319  0.0
-1.35124336   0.46748661  0.0
-1.44910926   0.43303586  0.0
-1.53944477   0.39765445  0.0
-1.62208707   0.36171101  0.0
-1.69719846   0.32542252  0.0
-1.76467026   0.28915778  0.0
-1.82455668   0.25318261  0.0
-1.87680316   0.21799609  0.0
-1.92145951   0.18392735  0.0
-1.95852261   0.15044071  0.0
-1.98799569   0.11713883  0.0
-2.00982492   0.08433015  0.0
-2.02407363   0.04982560  0.0
-2.03077252  -0.00002169  0.0
-2.02980308  -0.01573742  0.0
-2.02840862  -0.02386822  0.0
-2.01793881  -0.05381511  0.0
-1.99991138  -0.08230816  0.0
-1.97424123  -0.11029132  0.0
-1.94097374  -0.13879859  0.0
-1.90011529  -0.16809762  0.0
-1.85167087  -0.19746197  0.0
-1.79558507  -0.22631151  0.0
-1.73191061  -0.25446688  0.0
-1.66064783  -0.28192146  0.0
-1.58174371  -0.30870662  0.0
-1.49530816  -0.33466978  0.0
-1.40117987  -0.35955583  0.0
-1.29952166  -0.38289876  0.0
-1.19022514  -0.40436269  0.0
-1.07334478  -0.42355209  0.0
-0.94888058  -0.44000649  0.0
-0.83600000  -0.45140563  0.0
-0.83600000  -0.45200868  0.0
;;

