# exterior:
# ---------
 2.38562500   0.00904282  0.0
 2.34040025   0.00382458  0.0
 2.34038064   0.00382199  0.0
 2.20652657  -0.01611257  0.0
 2.20650861  -0.01611553  0.0
 2.06702086  -0.04123416  0.0
 2.06700562  -0.04123710  0.0
 1.92291342  -0.07105227  0.0
 1.92290183  -0.07105479  0.0
 1.77843044  -0.10394140  0.0
 1.77842258  -0.10394324  0.0
 1.73818500  -0.11367361  0.0
 1.73818500  -0.10852949  0.0
 1.77724734  -0.09908332  0.0
 1.77728005  -0.09907553  0.0
 1.77728790  -0.09907369  0.0
 1.77732066  -0.09906611  0.0
 1.92179205  -0.06617951  0.0
 1.92184032  -0.06616877  0.0
 1.92185192  -0.06616625  0.0
 1.92190030  -0.06615599  0.0
 2.06599250  -0.03634082  0.0
 2.06605592  -0.03632813  0.0
 2.06607115  -0.03632518  0.0
 2.06613473  -0.03631331  0.0
 2.20562248  -0.01119468  0.0
 2.20569720  -0.01118181  0.0
 2.20571515  -0.01117885  0.0
 2.20579005  -0.01116712  0.0
 2.33964412   0.00876744  0.0
 2.33972573   0.00877891  0.0
 2.33974534   0.00878150  0.0
 2.33982712   0.00879162  0.0
 2.38562500   0.01407599  0.0
 2.38562500   0.00904282  0.0
;;

