# exterior:
# ---------
 0.83600000   0.59965295  0.0
 0.83953584   0.59912342  0.0
 0.98400353   0.57505179  0.0
 1.12841301   0.54885658  0.0
 1.27287778   0.52087364  0.0
 1.41734359   0.49129796  0.0
 1.56175641   0.46047076  0.0
 1.65218500   0.44054053  0.0
 1.65218500   0.43542053  0.0
 1.56069641   0.45558438  0.0
 1.41632025   0.48640376  0.0
 1.27190092   0.51596992  0.0
 1.12749136   0.54394217  0.0
 0.98314639   0.57012568  0.0
 0.83875462   0.59418465  0.0
 0.83600000   0.59459719  0.0
 0.83600000   0.59965295  0.0
;;

