# exterior:
# ---------
 0.75000000  -0.34856983  0.0
 0.62295500  -0.37303087  0.0
 0.47848361  -0.39777031  0.0
 0.33406639  -0.41906454  0.0
 0.18959500  -0.43673479  0.0
 0.04512361  -0.45078107  0.0
-0.09929361  -0.46125755  0.0
-0.24376500  -0.46802880  0.0
-0.38823639  -0.47085647  0.0
-0.53265361  -0.46947514  0.0
-0.67712500  -0.46376562  0.0
-0.75000000  -0.45864261  0.0
-0.75000000  -0.45804113  0.0
-0.67709211  -0.46316645  0.0
-0.53263889  -0.46887525  0.0
-0.38823939  -0.47025642  0.0
-0.24378492  -0.46742907  0.0
-0.09932937  -0.46065857  0.0
 0.04507287  -0.45018318  0.0
 0.18952954  -0.43613833  0.0
 0.33398619  -0.41846987  0.0
 0.47838920  -0.39717774  0.0
 0.62284763  -0.37244052  0.0
 0.75000000  -0.34795881  0.0
 0.75000000  -0.34856983  0.0
;;

