# exterior:
# ---------
 3.37602500  -0.00846825  0.0
 3.36729552  -0.00716910  0.0
 3.36728887  -0.00716815  0.0
 3.29009662   0.00343834  0.0
 3.29008514   0.00343981  0.0
 3.26489917   0.00640645  0.0
 3.26489917   0.01144101  0.0
 3.29067004   0.00840548  0.0
 3.29071793   0.00839960  0.0
 3.29072942   0.00839814  0.0
 3.29077725   0.00839180  0.0
 3.36796950  -0.00221469  0.0
 3.36799720  -0.00221857  0.0
 3.36800385  -0.00221952  0.0
 3.36803153  -0.00222357  0.0
 3.37602500  -0.00341318  0.0
 3.37602500  -0.00846825  0.0
;;

