# exterior:
# ---------
 3.14015958   0.01915111  0.0
 3.11867524   0.02125089  0.0
 3.02447361   0.02834716  0.0
 2.92463830   0.03321704  0.0
 2.81911514   0.03514550  0.0
 2.70795830   0.03355832  0.0
 2.59111361   0.02799506  0.0
 2.46863524   0.01801694  0.0
 2.38562500   0.00843884  0.0
 2.38562500   0.00904282  0.0
 2.46856647   0.01861299  0.0
 2.46858652   0.01861496  0.0
 2.59106489   0.02859307  0.0
 2.59108507   0.02859438  0.0
 2.70792976   0.03415764  0.0
 2.70794973   0.03415825  0.0
 2.81910657   0.03574543  0.0
 2.81912610   0.03574540  0.0
 2.92464926   0.03381694  0.0
 2.92466753   0.03381633  0.0
 3.02450284   0.02894645  0.0
 3.02451868   0.02894547  0.0
 3.11872031   0.02184920  0.0
 3.11873360   0.02184805  0.0
 3.14015958   0.01975396  0.0
 3.14015958   0.01915111  0.0
;;

