# exterior:
# ---------
 2.38562500   0.00843884  0.0
 2.34046902   0.00322853  0.0
 2.20661495  -0.01670603  0.0
 2.06712720  -0.04182466  0.0
 1.92303500  -0.07163983  0.0
 1.77856361  -0.10452643  0.0
 1.73818500  -0.11429091  0.0
 1.73818500  -0.11367361  0.0
 1.77842258  -0.10394324  0.0
 1.77843044  -0.10394140  0.0
 1.92290183  -0.07105479  0.0
 1.92291342  -0.07105227  0.0
 2.06700562  -0.04123710  0.0
 2.06702086  -0.04123416  0.0
 2.20650861  -0.01611553  0.0
 2.20652657  -0.01611257  0.0
 2.34038064   0.00382199  0.0
 2.34040025   0.00382458  0.0
 2.38562500   0.00904282  0.0
 2.38562500   0.00843884  0.0
;;

