# exterior:
# ---------
 3.38562500  -0.01050356  0.0
 3.36720720  -0.00776256  0.0
 3.29001495   0.00284393  0.0
 3.20718902   0.01259994  0.0
 3.11867524   0.02125089  0.0
 3.02447361   0.02834716  0.0
 2.92463830   0.03321704  0.0
 2.81911514   0.03514550  0.0
 2.70795830   0.03355832  0.0
 2.59111361   0.02799506  0.0
 2.46863524   0.01801694  0.0
 2.34046902   0.00322853  0.0
 2.20661495  -0.01670603  0.0
 2.06712720  -0.04182466  0.0
 1.92303500  -0.07163983  0.0
 1.77856361  -0.10452643  0.0
 1.63414639  -0.13944983  0.0
 1.48967500  -0.17553789  0.0
 1.34520361  -0.21187512  0.0
 1.20078097  -0.24758940  0.0
 1.05631500  -0.28204694  0.0
 0.91184361  -0.31474395  0.0
 0.76742639  -0.34521458  0.0
 0.62295500  -0.37303087  0.0
 0.47848361  -0.39777031  0.0
 0.33406639  -0.41906454  0.0
 0.18959500  -0.43673479  0.0
 0.04512361  -0.45078107  0.0
-0.09929361  -0.46125755  0.0
-0.24376500  -0.46802880  0.0
-0.38823639  -0.47085647  0.0
-0.53265361  -0.46947514  0.0
-0.67712500  -0.46376562  0.0
-0.81682943  -0.45394460  0.0
-0.94895006  -0.44060253  0.0
-1.07343272  -0.42414568  0.0
-1.19033158  -0.40495325  0.0
-1.29964664  -0.38348568  0.0
-1.40132373  -0.36013841  0.0
-1.49547119  -0.33524730  0.0
-1.58192651  -0.30927820  0.0
-1.66085220  -0.28248572  0.0
-1.73213992  -0.25502153  0.0
-1.79584384  -0.22685313  0.0
-1.85196396  -0.19798593  0.0
-1.90044611  -0.16859871  0.0
-1.94134446  -0.13927107  0.0
-1.97465901  -0.11072348  0.0
-2.00038976  -0.08267425  0.0
-2.01848254  -0.05407791  0.0
-2.02899152  -0.02401898  0.0
-2.03039994  -0.01580681  0.0
-2.03137500   0.00000000  0.0
-2.02465792   0.04998266  0.0
-2.01035704   0.08461354  0.0
-1.98847236   0.11750556  0.0
-1.95894971   0.15086345  0.0
-1.92184326   0.18438926  0.0
-1.87715301   0.21848386  0.0
-1.82487896   0.25368894  0.0
-1.76496694   0.28967949  0.0
-1.69747112   0.32595714  0.0
-1.62233733   0.36225646  0.0
-1.53967391   0.39820909  0.0
-1.44931835   0.43359835  0.0
-1.35143316   0.46805589  0.0
-1.24596417   0.50127835  0.0
-1.13285721   0.53297321  0.0
-1.01211228   0.56276671  0.0
-0.88383772   0.59021465  0.0
-0.74792519   0.61489450  0.0
-0.60491639   0.63617248  0.0
-0.46044500   0.65291643  0.0
-0.31597361   0.66493133  0.0
-0.17155639   0.67228220  0.0
-0.02708500   0.67488236  0.0
 0.11738639   0.67265598  0.0
 0.26180361   0.66587931  0.0
 0.40627500   0.65485571  0.0
 0.55074639   0.63992646  0.0
 0.69516361   0.62135157  0.0
 0.83962958   0.59971607  0.0
 0.98410639   0.57564292  0.0
 1.12852361   0.54944631  0.0
 1.27299500   0.52146209  0.0
 1.41746639   0.49188527  0.0
 1.56188361   0.46105712  0.0
 1.70635500   0.42921600  0.0
 1.85082639   0.39652440  0.0
 1.99524361   0.36324235  0.0
 2.13760237   0.32979779  0.0
 2.27427328   0.29706828  0.0
 2.40525634   0.26521090  0.0
 2.53060572   0.23432317  0.0
 2.65026725   0.20456217  0.0
 2.76424093   0.17604167  0.0
 2.87258093   0.14866415  0.0
 2.97528725   0.12241878  0.0
 3.07230572   0.09734349  0.0
 3.16363634   0.07332451  0.0
 3.24933328   0.05022101  0.0
 3.32934237   0.02793005  0.0
 3.34846438   0.02227470  0.0
 3.36720720   0.01644601  0.0
 3.38562500   0.01050356  0.0
 3.38562500  -0.01050356  0.0
;;

# interior:
# ---------
 3.38502500  -0.00980766  0.0
 3.38502500   0.01006669  0.0
 3.36702599   0.01587402  0.0
 3.34829020   0.02170053  0.0
 3.32917676   0.02735334  0.0
 3.24917467   0.04964235  0.0
 3.16348195   0.07274471  0.0
 3.07215435   0.09676290  0.0
 2.97513790   0.12183767  0.0
 2.87243316   0.14808263  0.0
 2.76409460   0.17545978  0.0
 2.65012202   0.20398001  0.0
 2.53046154   0.23374075  0.0
 2.40511366   0.26462811  0.0
 2.27413251   0.29648503  0.0
 2.13746389   0.32921399  0.0
 1.99510763   0.36265796  0.0
 1.85069281   0.39593946  0.0
 1.70622422   0.42863042  0.0
 1.56175641   0.46047076  0.0
 1.41734359   0.49129796  0.0
 1.27287778   0.52087364  0.0
 1.12841301   0.54885658  0.0
 0.98400353   0.57505179  0.0
 0.83953584   0.59912342  0.0
 0.69508090   0.62075726  0.0
 0.55067727   0.63933041  0.0
 0.40622133   0.65425806  0.0
 0.26176672   0.66528038  0.0
 0.11736770   0.67205619  0.0
-0.02708422   0.67428228  0.0
-0.17153574   0.67168248  0.0
-0.31593349   0.66433260  0.0
-0.46038558   0.65231930  0.0
-0.60483768   0.63557759  0.0
-0.74782742   0.61430245  0.0
-0.88372132   0.58962598  0.0
-1.01197761   0.56218195  0.0
-1.13270436   0.53239293  0.0
-1.24579305   0.50070319  0.0
-1.35124336   0.46748661  0.0
-1.44910926   0.43303586  0.0
-1.53944477   0.39765445  0.0
-1.62208707   0.36171101  0.0
-1.69719846   0.32542252  0.0
-1.76467026   0.28915778  0.0
-1.82455668   0.25318261  0.0
-1.87680316   0.21799609  0.0
-1.92145951   0.18392735  0.0
-1.95852261   0.15044071  0.0
-1.98799569   0.11713883  0.0
-2.00982492   0.08433015  0.0
-2.02407363   0.04982560  0.0
-2.03077252  -0.00002169  0.0
-2.02980308  -0.01573742  0.0
-2.02840862  -0.02386822  0.0
-2.01793881  -0.05381511  0.0
-1.99991138  -0.08230816  0.0
-1.97424123  -0.11029132  0.0
-1.94097374  -0.13879859  0.0
-1.90011529  -0.16809762  0.0
-1.85167087  -0.19746197  0.0
-1.79558507  -0.22631151  0.0
-1.73191061  -0.25446688  0.0
-1.66064783  -0.28192146  0.0
-1.58174371  -0.30870662  0.0
-1.49530816  -0.33466978  0.0
-1.40117987  -0.35955583  0.0
-1.29952166  -0.38289876  0.0
-1.19022514  -0.40436269  0.0
-1.07334478  -0.42355209  0.0
-0.94888058  -0.44000649  0.0
-0.81677824  -0.45334672  0.0
-0.67709211  -0.46316645  0.0
-0.53263889  -0.46887525  0.0
-0.38823939  -0.47025642  0.0
-0.24378492  -0.46742907  0.0
-0.09932937  -0.46065857  0.0
 0.04507287  -0.45018318  0.0
 0.18952954  -0.43613833  0.0
 0.33398619  -0.41846987  0.0
 0.47838920  -0.39717774  0.0
 0.62284763  -0.37244052  0.0
 0.76730773  -0.34462640  0.0
 0.91171545  -0.31415778  0.0
 1.05617917  -0.28146251  0.0
 1.20063935  -0.24700635  0.0
 1.34505842  -0.21129295  0.0
 1.48952865  -0.17495601  0.0
 1.48952959  -0.17495577  0.0
 1.63400098  -0.13886772  0.0
 1.63400536  -0.13886664  0.0
 1.77842258  -0.10394324  0.0
 1.77843044  -0.10394140  0.0
 1.92290183  -0.07105479  0.0
 1.92291342  -0.07105227  0.0
 2.06700562  -0.04123710  0.0
 2.06702086  -0.04123416  0.0
 2.20650861  -0.01611553  0.0
 2.20652657  -0.01611257  0.0
 2.34038064   0.00382199  0.0
 2.34040025   0.00382458  0.0
 2.46856647   0.01861299  0.0
 2.46858652   0.01861496  0.0
 2.59106489   0.02859307  0.0
 2.59108507   0.02859438  0.0
 2.70792976   0.03415764  0.0
 2.70794973   0.03415825  0.0
 2.81910657   0.03574543  0.0
 2.81912610   0.03574540  0.0
 2.92464926   0.03381694  0.0
 2.92466753   0.03381633  0.0
 3.02450284   0.02894645  0.0
 3.02451868   0.02894547  0.0
 3.11872031   0.02184920  0.0
 3.11873360   0.02184805  0.0
 3.20724738   0.01319710  0.0
 3.20725921   0.01319582  0.0
 3.29008514   0.00343981  0.0
 3.29009662   0.00343834  0.0
 3.36728887  -0.00716815  0.0
 3.36729552  -0.00716910  0.0
 3.38502500  -0.00980766  0.0
;;

