# exterior:
# ---------
 3.14015958   0.01975396  0.0
 3.11873360   0.02184805  0.0
 3.11872031   0.02184920  0.0
 3.02451868   0.02894547  0.0
 3.02450284   0.02894645  0.0
 2.92466753   0.03381633  0.0
 2.92464926   0.03381694  0.0
 2.81912610   0.03574540  0.0
 2.81910657   0.03574543  0.0
 2.70794973   0.03415825  0.0
 2.70792976   0.03415764  0.0
 2.59108507   0.02859438  0.0
 2.59106489   0.02859307  0.0
 2.46858652   0.01861496  0.0
 2.46856647   0.01861299  0.0
 2.38562500   0.00904282  0.0
 2.38562500   0.01407599  0.0
 2.46799334   0.02358003  0.0
 2.46807684   0.02358896  0.0
 2.46809689   0.02359093  0.0
 2.46818052   0.02359845  0.0
 2.59065889   0.03357656  0.0
 2.59074295   0.03358270  0.0
 2.59076313   0.03358400  0.0
 2.59084728   0.03358872  0.0
 2.70769197   0.03915198  0.0
 2.70777515   0.03915525  0.0
 2.70779512   0.03915586  0.0
 2.70787835   0.03915774  0.0
 2.81903519   0.04074493  0.0
 2.81911656   0.04074542  0.0
 2.81913609   0.04074539  0.0
 2.81921746   0.04074456  0.0
 2.92474062   0.03881611  0.0
 2.92481677   0.03881414  0.0
 2.92483504   0.03881352  0.0
 2.92491114   0.03881039  0.0
 3.02474645   0.03394051  0.0
 3.02481247   0.03393685  0.0
 3.02482831   0.03393587  0.0
 3.02489427   0.03393134  0.0
 3.11909590   0.02683507  0.0
 3.11915131   0.02683058  0.0
 3.11916460   0.02682943  0.0
 3.11921996   0.02682433  0.0
 3.14015958   0.02477779  0.0
 3.14015958   0.01975396  0.0
;;

