# exterior:
# ---------
 0.83600000   0.60025964  0.0
 0.83962958   0.59971607  0.0
 0.98410639   0.57564292  0.0
 1.12852361   0.54944631  0.0
 1.27299500   0.52146209  0.0
 1.41746639   0.49188527  0.0
 1.56188361   0.46105712  0.0
 1.65218500   0.44115492  0.0
 1.65218500   0.44054053  0.0
 1.56175641   0.46047076  0.0
 1.41734359   0.49129796  0.0
 1.27287778   0.52087364  0.0
 1.12841301   0.54885658  0.0
 0.98400353   0.57505179  0.0
 0.83953584   0.59912342  0.0
 0.83600000   0.59965295  0.0
 0.83600000   0.60025964  0.0
;;

