# exterior:
# ---------
-0.75000000   0.61390794  0.0
-0.74782742   0.61430245  0.0
-0.60483768   0.63557759  0.0
-0.46038558   0.65231930  0.0
-0.31593349   0.66433260  0.0
-0.17153574   0.67168248  0.0
-0.02708422   0.67428228  0.0
 0.11736770   0.67205619  0.0
 0.26176672   0.66528038  0.0
 0.40622133   0.65425806  0.0
 0.55067727   0.63933041  0.0
 0.69508090   0.62075726  0.0
 0.75000000   0.61253247  0.0
 0.75000000   0.60747671  0.0
 0.69439163   0.61580473  0.0
 0.55010129   0.63436330  0.0
 0.40577407   0.64927766  0.0
 0.26145926   0.66028930  0.0
 0.11721196   0.66705800  0.0
-0.02707776   0.66928159  0.0
-0.17136362   0.66668476  0.0
-0.31559912   0.65934315  0.0
-0.45989044   0.64734321  0.0
-0.60418177   0.63062014  0.0
-0.74701263   0.60936864  0.0
-0.75000000   0.60882617  0.0
-0.75000000   0.61390794  0.0
;;

