# exterior:
# ---------
 2.38562500   0.24981420  0.0
 2.40059560   0.24617309  0.0
 2.52589570   0.21529750  0.0
 2.64552297   0.18554502  0.0
 2.75946096   0.15703345  0.0
 2.86775363   0.12966789  0.0
 2.97040862   0.10343564  0.0
 3.06736084   0.07837747  0.0
 3.14015958   0.05923218  0.0
 3.14015958   0.05406216  0.0
 3.06609940   0.07353920  0.0
 2.96916407   0.09859300  0.0
 2.86652217   0.12482190  0.0
 2.75824158   0.15218441  0.0
 2.64431270   0.18069371  0.0
 2.52469417   0.21044401  0.0
 2.39940664   0.24131650  0.0
 2.39062500   0.24345235  0.0
 2.38562500   0.24981420  0.0
;;

