# exterior:
# ---------
 0.83600000   0.53381644  0.0
 0.97286067   0.51101232  0.0
 1.11643150   0.48496924  0.0
 1.26017868   0.45712530  0.0
 1.40404023   0.42767332  0.0
 1.54797644   0.39694786  0.0
 1.65218500   0.37398056  0.0
 1.64718500   0.36996254  0.0
 1.64718500   0.36996255  0.0
 1.54691644   0.39206148  0.0
 1.40301690   0.42277912  0.0
 1.25920182   0.45222158  0.0
 1.11550985   0.48005483  0.0
 0.97200353   0.50608621  0.0
 0.84100000   0.52791440  0.0
 0.83600000   0.53381644  0.0
;;

