# exterior:
# ---------
 1.73818500   0.35475483  0.0
 1.83622130   0.33257076  0.0
 1.98037609   0.29934919  0.0
 2.12246193   0.26596875  0.0
 2.25888282   0.23329911  0.0
 2.38562500   0.20247319  0.0
 2.38562500   0.19747910  0.0
 2.38543733   0.19747671  0.0
 2.38493687   0.19752077  0.0
 2.38444336   0.19761482  0.0
 2.25770977   0.22843865  0.0
 2.12130793   0.26110373  0.0
 1.97924289   0.29447928  0.0
 1.83510811   0.32769624  0.0
 1.74318500   0.34849699  0.0
 1.73818500   0.35475483  0.0
;;

