# exterior:
# ---------
-0.83600000   0.53222856  0.0
-0.83600000  -0.38607504  0.0
-0.94135392  -0.37543598  0.0
-1.06381759  -0.35924605  0.0
-1.17869418  -0.34038563  0.0
-1.28598201  -0.31931617  0.0
-1.38559520  -0.29644282  0.0
-1.47764665  -0.27210586  0.0
-1.56194088  -0.24678590  0.0
-1.63850789  -0.22079411  0.0
-1.70706895  -0.19438038  0.0
-1.76755167  -0.16763632  0.0
-1.81991963  -0.14069918  0.0
-1.86427624  -0.11381263  0.0
-1.90081225  -0.08761316  0.0
-1.92898166  -0.06347450  0.0
-1.94808707  -0.04264759  0.0
-1.95903439  -0.02534492  0.0
-1.96516934  -0.00779708  0.0
-1.96550401  -0.00237172  0.0
-1.96077595   0.03281039  0.0
-1.95217849   0.05362992  0.0
-1.93635690   0.07740929  0.0
-1.91225337   0.10464407  0.0
-1.87988708   0.13388713  0.0
-1.83890280   0.16515441  0.0
-1.78964283   0.19832960  0.0
-1.73252954   0.23263888  0.0
-1.66766014   0.26750488  0.0
-1.59497596   0.30262072  0.0
-1.51462157   0.33756909  0.0
-1.42645837   0.37209968  0.0
-1.33068168   0.40581498  0.0
-1.22725451   0.43839427  0.0
-1.11614516   0.46952937  0.0
-0.99738795   0.49883240  0.0
-0.87111131   0.52585283  0.0
-0.83600000   0.53222856  0.0
;;

# interior:
# ---------
-0.84100000   0.52623887  0.0
-0.87014131   0.52094720  0.0
-0.99626567   0.49395936  0.0
-1.11487137   0.46469371  0.0
-1.22582847   0.43360128  0.0
-1.32910001   0.40107101  0.0
-1.42471600   0.36741228  0.0
-1.51271210   0.33294714  0.0
-1.59289049   0.29807532  0.0
-1.66538796   0.26304968  0.0
-1.73005718   0.22829127  0.0
-1.78695715   0.19411013  0.0
-1.83598739   0.16108967  0.0
-1.87668920   0.13003788  0.0
-1.90869420   0.10112125  0.0
-1.93238469   0.07435317  0.0
-1.94774415   0.05126836  0.0
-1.95590689   0.03150153  0.0
-1.96048335  -0.00255249  0.0
-1.96022138  -0.00679939  0.0
-1.95450329  -0.02315490  0.0
-1.94410058  -0.03959678  0.0
-1.92550015  -0.05987320  0.0
-1.89772291  -0.08367582  0.0
-1.86151939  -0.10963686  0.0
-1.81747722  -0.13633281  0.0
-1.76539526  -0.16312285  0.0
-1.70515805  -0.18975835  0.0
-1.63680482  -0.21609200  0.0
-1.56041759  -0.24202277  0.0
-1.47628807  -0.26729325  0.0
-1.38439638  -0.29158797  0.0
-1.28494050  -0.31442521  0.0
-1.17780718  -0.33546432  0.0
-1.06308473  -0.35429943  0.0
-0.94077495  -0.37046902  0.0
-0.84100000  -0.38054469  0.0
-0.84100000   0.52623887  0.0
;;

