# exterior:
# ---------
 0.74500000  -0.25217211  0.0
 0.74500000  -0.25217665  0.0
 0.60584794  -0.27896877  0.0
 0.46344101  -0.30335469  0.0
 0.32128859  -0.32431497  0.0
 0.17916468  -0.34169810  0.0
 0.03703836  -0.35551638  0.0
-0.10499090  -0.36581963  0.0
-0.24693887  -0.37247261  0.0
-0.38871470  -0.37524753  0.0
-0.53030832  -0.37389320  0.0
-0.67188418  -0.36829811  0.0
-0.74500000  -0.36315817  0.0
-0.74000000  -0.35849733  0.0
-0.73999999  -0.35849733  0.0
-0.67161008  -0.36330504  0.0
-0.53018566  -0.36889414  0.0
-0.38873972  -0.37024706  0.0
-0.24710486  -0.36747490  0.0
-0.10528888  -0.36082811  0.0
 0.03661549  -0.35053392  0.0
 0.17861916  -0.33672756  0.0
 0.32062030  -0.31935945  0.0
 0.46265426  -0.29841663  0.0
 0.60495322  -0.27404920  0.0
 0.74000000  -0.24804750  0.0
 0.74000000  -0.24804750  0.0
 0.74500000  -0.25217211  0.0
;;

