# exterior:
# ---------
 3.14015958   0.03884450  0.0
 3.12058177   0.04075794  0.0
 3.12052643   0.04076320  0.0
 3.12048214   0.04076728  0.0
 3.12042677   0.04077222  0.0
 3.12030270   0.04078296  0.0
 3.12024730   0.04078760  0.0
 3.12020297   0.04079118  0.0
 3.12014755   0.04079551  0.0
 3.02594592   0.04789178  0.0
 3.02587997   0.04789653  0.0
 3.02582720   0.04790016  0.0
 3.02576122   0.04790447  0.0
 3.02561340   0.04791364  0.0
 3.02554739   0.04791752  0.0
 3.02549458   0.04792044  0.0
 3.02542855   0.04792388  0.0
 2.92559324   0.05279377  0.0
 2.92551714   0.05279719  0.0
 2.92545626   0.05279969  0.0
 2.92538015   0.05280254  0.0
 2.92520963   0.05280825  0.0
 2.92513350   0.05281051  0.0
 2.92507258   0.05281209  0.0
 2.92499643   0.05281377  0.0
 2.81947327   0.05474222  0.0
 2.81939190   0.05474338  0.0
 2.81932681   0.05474404  0.0
 2.81924543   0.05474453  0.0
 2.81906315   0.05474490  0.0
 2.81898178   0.05474473  0.0
 2.81891668   0.05474433  0.0
 2.81883530   0.05474350  0.0
 2.70767846   0.05315632  0.0
 2.70759523   0.05315478  0.0
 2.70752865   0.05315328  0.0
 2.70744544   0.05315105  0.0
 2.70725906   0.05314528  0.0
 2.70717587   0.05314236  0.0
 2.70710932   0.05313975  0.0
 2.70702615   0.05313614  0.0
 2.59018146   0.04757288  0.0
 2.59009729   0.04756851  0.0
 2.59002998   0.04756474  0.0
 2.58994585   0.04755967  0.0
 2.58975746   0.04754751  0.0
 2.58967338   0.04754173  0.0
 2.58960613   0.04753682  0.0
 2.58952210   0.04753033  0.0
 2.46704373   0.03755222  0.0
 2.46696007   0.03754505  0.0
 2.46689317   0.03753903  0.0
 2.46680957   0.03753116  0.0
 2.46662239   0.03751274  0.0
 2.46653886   0.03750417  0.0
 2.46647206   0.03749703  0.0
 2.46638861   0.03748776  0.0
 2.38562500   0.02816888  0.0
 2.39062500   0.03377898  0.0
 2.46581549   0.04245480  0.0
 2.46583635   0.04245716  0.0
 2.46591980   0.04246644  0.0
 2.46594067   0.04246871  0.0
 2.46600746   0.04247585  0.0
 2.46602834   0.04247804  0.0
 2.46611187   0.04248661  0.0
 2.46613276   0.04248871  0.0
 2.46631994   0.04250713  0.0
 2.46634083   0.04250914  0.0
 2.46642443   0.04251701  0.0
 2.46644534   0.04251894  0.0
 2.46651224   0.04252496  0.0
 2.46653315   0.04252679  0.0
 2.46661682   0.04253396  0.0
 2.46663774   0.04253571  0.0
 2.58911611   0.05251382  0.0
 2.58913711   0.05251549  0.0
 2.58922114   0.05252198  0.0
 2.58924215   0.05252356  0.0
 2.58930940   0.05252847  0.0
 2.58933041   0.05252996  0.0
 2.58941450   0.05253574  0.0
 2.58943552   0.05253714  0.0
 2.58962391   0.05254929  0.0
 2.58964494   0.05255061  0.0
 2.58972907   0.05255568  0.0
 2.58975010   0.05255690  0.0
 2.58981742   0.05256068  0.0
 2.58983846   0.05256181  0.0
 2.58992263   0.05256617  0.0
 2.58994367   0.05256722  0.0
 2.70678836   0.05813048  0.0
 2.70680915   0.05813143  0.0
 2.70689232   0.05813504  0.0
 2.70691311   0.05813590  0.0
 2.70697966   0.05813851  0.0
 2.70700045   0.05813929  0.0
 2.70708365   0.05814221  0.0
 2.70710445   0.05814289  0.0
 2.70729083   0.05814866  0.0
 2.70731163   0.05814926  0.0
 2.70739484   0.05815149  0.0
 2.70741565   0.05815200  0.0
 2.70748223   0.05815351  0.0
 2.70750304   0.05815393  0.0
 2.70758627   0.05815547  0.0
 2.70760708   0.05815581  0.0
 2.81876392   0.05974299  0.0
 2.81878426   0.05974324  0.0
 2.81886563   0.05974407  0.0
 2.81888598   0.05974423  0.0
 2.81895108   0.05974463  0.0
 2.81897142   0.05974472  0.0
 2.81905280   0.05974489  0.0
 2.81907314   0.05974489  0.0
 2.81925542   0.05974452  0.0
 2.81927576   0.05974444  0.0
 2.81935714   0.05974395  0.0
 2.81937748   0.05974378  0.0
 2.81944258   0.05974312  0.0
 2.81946292   0.05974288  0.0
 2.81954429   0.05974172  0.0
 2.81956463   0.05974139  0.0
 2.92508779   0.05781294  0.0
 2.92510683   0.05781255  0.0
 2.92518298   0.05781087  0.0
 2.92520202   0.05781041  0.0
 2.92526293   0.05780884  0.0
 2.92528197   0.05780831  0.0
 2.92535810   0.05780605  0.0
 2.92537713   0.05780544  0.0
 2.92554765   0.05779973  0.0
 2.92556668   0.05779905  0.0
 2.92564279   0.05779621  0.0
 2.92566182   0.05779547  0.0
 2.92572271   0.05779296  0.0
 2.92574173   0.05779214  0.0
 2.92581782   0.05778872  0.0
 2.92583684   0.05778783  0.0
 3.02567215   0.05291795  0.0
 3.02568866   0.05291711  0.0
 3.02575469   0.05291367  0.0
 3.02577120   0.05291279  0.0
 3.02582401   0.05290986  0.0
 3.02584052   0.05290892  0.0
 3.02590652   0.05290504  0.0
 3.02592302   0.05290405  0.0
 3.02607084   0.05289487  0.0
 3.02608734   0.05289382  0.0
 3.02615332   0.05288951  0.0
 3.02616981   0.05288841  0.0
 3.02622258   0.05288478  0.0
 3.02623907   0.05288362  0.0
 3.02630502   0.05287887  0.0
 3.02632151   0.05287766  0.0
 3.12052314   0.04578139  0.0
 3.12053700   0.04578032  0.0
 3.12059242   0.04577599  0.0
 3.12060628   0.04577489  0.0
 3.12065061   0.04577131  0.0
 3.12066446   0.04577016  0.0
 3.12071986   0.04576553  0.0
 3.12073371   0.04576435  0.0
 3.12085777   0.04575361  0.0
 3.12087161   0.04575240  0.0
 3.12092699   0.04574745  0.0
 3.12094083   0.04574619  0.0
 3.12098512   0.04574211  0.0
 3.12099896   0.04574082  0.0
 3.12105430   0.04573557  0.0
 3.12106813   0.04573423  0.0
 3.14015958   0.04386832  0.0
 3.14015958   0.03884450  0.0
;;

