# exterior:
# ---------
 2.38562500   0.07447408  0.0
 2.33294968   0.06839616  0.0
 2.33196825   0.06827471  0.0
 2.33178524   0.06825053  0.0
 2.33080595   0.06811293  0.0
 2.19695188   0.04817837  0.0
 2.19605303   0.04803753  0.0
 2.19588546   0.04800997  0.0
 2.19498886   0.04785552  0.0
 2.05550111   0.02273689  0.0
 2.05473821   0.02259441  0.0
 2.05459598   0.02256690  0.0
 2.05383499   0.02241456  0.0
 1.90974279  -0.00740061  0.0
 1.90916224  -0.00752373  0.0
 1.90905399  -0.00754725  0.0
 1.90847468  -0.00767611  0.0
 1.76400329  -0.04056272  0.0
 1.76361022  -0.04065358  0.0
 1.76353691  -0.04067079  0.0
 1.76314446  -0.04076430  0.0
 1.73818500  -0.04680007  0.0
 1.74318500  -0.04044683  0.0
 1.76196922  -0.03590438  0.0
 1.76198557  -0.03590045  0.0
 1.76237801  -0.03580695  0.0
 1.76239437  -0.03580308  0.0
 1.76246769  -0.03578587  0.0
 1.76248406  -0.03578206  0.0
 1.76287713  -0.03569119  0.0
 1.76289351  -0.03568743  0.0
 1.90736490  -0.00280082  0.0
 1.90738902  -0.00279540  0.0
 1.90796833  -0.00266654  0.0
 1.90799248  -0.00266123  0.0
 1.90810074  -0.00263771  0.0
 1.90812491  -0.00263252  0.0
 1.90870547  -0.00250939  0.0
 1.90872967  -0.00250432  0.0
 2.05282187   0.02731084  0.0
 2.05285356   0.02731729  0.0
 2.05361454   0.02746963  0.0
 2.05364627   0.02747587  0.0
 2.05378850   0.02750339  0.0
 2.05382027   0.02750943  0.0
 2.05458316   0.02765191  0.0
 2.05461497   0.02765774  0.0
 2.19410272   0.05277637  0.0
 2.19414006   0.05278295  0.0
 2.19503666   0.05293740  0.0
 2.19507404   0.05294369  0.0
 2.19524162   0.05297125  0.0
 2.19527904   0.05297726  0.0
 2.19617789   0.05311810  0.0
 2.19621536   0.05312383  0.0
 2.33006943   0.07305839  0.0
 2.33011021   0.07306429  0.0
 2.33108951   0.07320189  0.0
 2.33113034   0.07320746  0.0
 2.33131334   0.07323164  0.0
 2.33135421   0.07323687  0.0
 2.33233564   0.07335831  0.0
 2.33237656   0.07336320  0.0
 2.38505188   0.07944112  0.0
 2.38554641   0.07947346  0.0
 2.38562500   0.07947080  0.0
 2.38562500   0.07447408  0.0
;;

