# exterior:
# ---------
-0.74500000   0.51826232  0.0
-0.73234643   0.52056004  0.0
-0.59237541   0.54138603  0.0
-0.45097783   0.55777373  0.0
-0.30958048   0.56953298  0.0
-0.16826546   0.57672595  0.0
-0.02696135   0.57926911  0.0
 0.11440860   0.57709051  0.0
 0.25592513   0.57044996  0.0
 0.39772340   0.55963033  0.0
 0.53973354   0.54495542  0.0
 0.68198474   0.52665912  0.0
 0.74500000   0.51722183  0.0
 0.74500000   0.51722183  0.0
 0.74000000   0.51291488  0.0
 0.74000000   0.51291488  0.0
 0.68129547   0.52170658  0.0
 0.53915755   0.53998831  0.0
 0.39727614   0.55464992  0.0
 0.25561768   0.56545888  0.0
 0.11425286   0.57209232  0.0
-0.02695488   0.57426841  0.0
-0.16809334   0.57172824  0.0
-0.30924612   0.56454353  0.0
-0.45048269   0.55279765  0.0
-0.59171950   0.53642858  0.0
-0.73153164   0.51562623  0.0
-0.74000000   0.51408849  0.0
-0.74000000   0.51408849  0.0
-0.74500000   0.51826232  0.0
-0.74500000   0.51826232  0.0
;;

