# exterior:
# ---------
-0.83600000  -0.44638020  0.0
-0.94830161  -0.43503953  0.0
-1.07261192  -0.41860547  0.0
-1.18933814  -0.39944138  0.0
-1.29848015  -0.37800780  0.0
-1.39998105  -0.35470098  0.0
-1.49394958  -0.32985717  0.0
-1.58022042  -0.30394349  0.0
-1.65894476  -0.27721936  0.0
-1.72999972  -0.24984484  0.0
-1.79342865  -0.22179803  0.0
-1.84922847  -0.19309560  0.0
-1.89735844  -0.16392185  0.0
-1.93788439  -0.13486125  0.0
-1.97075972  -0.10669003  0.0
-1.99592490  -0.07925734  0.0
-2.01340770  -0.05162509  0.0
-2.02355108  -0.02261188  0.0
-2.02482924  -0.01515922  0.0
-2.02575187  -0.00020246  0.0
-2.01920458   0.04851673  0.0
-2.00539058   0.08196860  0.0
-1.98402348   0.11408271  0.0
-1.95496344   0.14691789  0.0
-1.91826164   0.18007811  0.0
-1.87388775   0.21393135  0.0
-1.82187100   0.24896315  0.0
-1.76219789   0.28481017  0.0
-1.69492628   0.32096731  0.0
-1.62000160   0.35716560  0.0
-1.53753530   0.39303250  0.0
-1.44736689   0.42834846  0.0
-1.34966169   0.46274264  0.0
-1.24436700   0.49591019  0.0
-1.13143057   0.52755728  0.0
-1.01085533   0.55730891  0.0
-0.88275132   0.58472035  0.0
-0.83600000   0.59320975  0.0
-0.83600000   0.53222856  0.0
-0.87111131   0.52585283  0.0
-0.99738795   0.49883240  0.0
-1.11614516   0.46952937  0.0
-1.22725451   0.43839427  0.0
-1.33068168   0.40581498  0.0
-1.42645837   0.37209968  0.0
-1.51462157   0.33756909  0.0
-1.59497596   0.30262072  0.0
-1.66766014   0.26750488  0.0
-1.73252954   0.23263888  0.0
-1.78964283   0.19832960  0.0
-1.83890280   0.16515441  0.0
-1.87988708   0.13388713  0.0
-1.91225337   0.10464407  0.0
-1.93635690   0.07740929  0.0
-1.95217849   0.05362992  0.0
-1.96077595   0.03281039  0.0
-1.96550401  -0.00237172  0.0
-1.96516934  -0.00779708  0.0
-1.95903439  -0.02534492  0.0
-1.94808707  -0.04264759  0.0
-1.92898166  -0.06347450  0.0
-1.90081225  -0.08761316  0.0
-1.86427624  -0.11381263  0.0
-1.81991963  -0.14069918  0.0
-1.76755167  -0.16763632  0.0
-1.70706895  -0.19438038  0.0
-1.63850789  -0.22079411  0.0
-1.56194088  -0.24678590  0.0
-1.47764665  -0.27210586  0.0
-1.38559520  -0.29644282  0.0
-1.28598201  -0.31931617  0.0
-1.17869418  -0.34038563  0.0
-1.06381759  -0.35924605  0.0
-0.94135392  -0.37543598  0.0
-0.83600000  -0.38607504  0.0
-0.83600000  -0.44638020  0.0
;;

