# exterior:
# ---------
 0.75000000  -0.34286697  0.0
 0.62195291  -0.36752096  0.0
 0.47760245  -0.39223969  0.0
 0.33331790  -0.41351435  0.0
 0.18898402  -0.43116779  0.0
 0.04465000  -0.44520071  0.0
-0.09962734  -0.45566704  0.0
-0.24395092  -0.46243137  0.0
-0.38826441  -0.46525595  0.0
-0.53251623  -0.46387620  0.0
-0.67681801  -0.45817338  0.0
-0.75000000  -0.45302879  0.0
-0.75000000  -0.36781902  0.0
-0.67215828  -0.37329118  0.0
-0.53043098  -0.37889225  0.0
-0.38868968  -0.38024799  0.0
-0.24677287  -0.37747032  0.0
-0.10469293  -0.37081115  0.0
 0.03746123  -0.36049885  0.0
 0.17971020  -0.34666864  0.0
 0.32195689  -0.32927049  0.0
 0.46422775  -0.30829274  0.0
 0.60674266  -0.28388833  0.0
 0.74950833  -0.25640045  0.0
 0.75000000  -0.25629672  0.0
 0.75000000  -0.34286697  0.0
;;

