# exterior:
# ---------
 3.37602500  -0.00341318  0.0
 3.36803153  -0.00222357  0.0
 3.36796950  -0.00221469  0.0
 3.29077725   0.00839180  0.0
 3.29067004   0.00840548  0.0
 3.26489917   0.01144101  0.0
 3.26489917   0.01546867  0.0
 3.29113796   0.01237801  0.0
 3.29117628   0.01237331  0.0
 3.29128348   0.01235964  0.0
 3.29132175   0.01235457  0.0
 3.36851400   0.00174808  0.0
 3.36853616   0.00174497  0.0
 3.36859820   0.00173609  0.0
 3.36862034   0.00173286  0.0
 3.37602500   0.00063087  0.0
 3.37602500  -0.00341318  0.0
;;

