# exterior:
# ---------
 3.26489917   0.01546867  0.0
 3.20831203   0.02213403  0.0
 3.20827264   0.02213847  0.0
 3.20816227   0.02215037  0.0
 3.20812283   0.02215442  0.0
 3.14015958   0.02879685  0.0
 3.14015958   0.03884450  0.0
 3.20909555   0.03210700  0.0
 3.20914486   0.03210205  0.0
 3.20918430   0.03209800  0.0
 3.20923359   0.03209281  0.0
 3.20934396   0.03208092  0.0
 3.20939321   0.03207549  0.0
 3.20943261   0.03207105  0.0
 3.20948184   0.03206537  0.0
 3.26489917   0.02553780  0.0
 3.26489917   0.01546867  0.0
;;

