# exterior:
# ---------
 3.14015958   0.05923218  0.0
 3.06736084   0.07837747  0.0
 2.97040862   0.10343564  0.0
 2.86775363   0.12966789  0.0
 2.75946096   0.15703345  0.0
 2.64552297   0.18554502  0.0
 2.52589570   0.21529750  0.0
 2.40059560   0.24617309  0.0
 2.38562500   0.24981420  0.0
 2.38562500   0.26010573  0.0
 2.40297353   0.25588626  0.0
 2.52829877   0.22500447  0.0
 2.64794352   0.19524765  0.0
 2.76189972   0.16673152  0.0
 2.87021654   0.13935986  0.0
 2.97289772   0.11312092  0.0
 3.06988374   0.08805401  0.0
 3.14015958   0.06957221  0.0
 3.14015958   0.05923218  0.0
;;

