# exterior:
# ---------
 3.14015958   0.02879685  0.0
 3.11960905   0.03080537  0.0
 3.11956477   0.03080945  0.0
 3.11944070   0.03082018  0.0
 3.11939637   0.03082377  0.0
 3.02519474   0.03792004  0.0
 3.02514197   0.03792366  0.0
 3.02499415   0.03793283  0.0
 3.02494133   0.03793576  0.0
 2.92510602   0.04280564  0.0
 2.92504514   0.04280815  0.0
 2.92487463   0.04281386  0.0
 2.92481371   0.04281544  0.0
 2.81929055   0.04474389  0.0
 2.81922545   0.04474455  0.0
 2.81904318   0.04474492  0.0
 2.81897808   0.04474452  0.0
 2.70782124   0.04315734  0.0
 2.70775466   0.04315583  0.0
 2.70756828   0.04315007  0.0
 2.70750174   0.04314745  0.0
 2.59065705   0.03758419  0.0
 2.59058973   0.03758042  0.0
 2.59040134   0.03756826  0.0
 2.59033410   0.03756336  0.0
 2.46785573   0.02758524  0.0
 2.46778882   0.02757923  0.0
 2.46760164   0.02756081  0.0
 2.46753485   0.02755367  0.0
 2.38562500   0.01810253  0.0
 2.38562500   0.02816888  0.0
 2.46638861   0.03748776  0.0
 2.46647206   0.03749703  0.0
 2.46653886   0.03750417  0.0
 2.46662239   0.03751274  0.0
 2.46680957   0.03753116  0.0
 2.46689317   0.03753903  0.0
 2.46696007   0.03754505  0.0
 2.46704373   0.03755222  0.0
 2.58952210   0.04753033  0.0
 2.58960613   0.04753682  0.0
 2.58967338   0.04754173  0.0
 2.58975746   0.04754751  0.0
 2.58994585   0.04755967  0.0
 2.59002998   0.04756474  0.0
 2.59009729   0.04756851  0.0
 2.59018146   0.04757288  0.0
 2.70702615   0.05313614  0.0
 2.70710932   0.05313975  0.0
 2.70717587   0.05314236  0.0
 2.70725906   0.05314528  0.0
 2.70744544   0.05315105  0.0
 2.70752865   0.05315328  0.0
 2.70759523   0.05315478  0.0
 2.70767846   0.05315632  0.0
 2.81883530   0.05474350  0.0
 2.81891668   0.05474433  0.0
 2.81898178   0.05474473  0.0
 2.81906315   0.05474490  0.0
 2.81924543   0.05474453  0.0
 2.81932681   0.05474404  0.0
 2.81939190   0.05474338  0.0
 2.81947327   0.05474222  0.0
 2.92499643   0.05281377  0.0
 2.92507258   0.05281209  0.0
 2.92513350   0.05281051  0.0
 2.92520963   0.05280825  0.0
 2.92538015   0.05280254  0.0
 2.92545626   0.05279969  0.0
 2.92551714   0.05279719  0.0
 2.92559324   0.05279377  0.0
 3.02542855   0.04792388  0.0
 3.02549458   0.04792044  0.0
 3.02554739   0.04791752  0.0
 3.02561340   0.04791364  0.0
 3.02576122   0.04790447  0.0
 3.02582720   0.04790016  0.0
 3.02587997   0.04789653  0.0
 3.02594592   0.04789178  0.0
 3.12014755   0.04079551  0.0
 3.12020297   0.04079118  0.0
 3.12024730   0.04078760  0.0
 3.12030270   0.04078296  0.0
 3.12042677   0.04077222  0.0
 3.12048214   0.04076728  0.0
 3.12052643   0.04076320  0.0
 3.12058177   0.04075794  0.0
 3.14015958   0.03884450  0.0
 3.14015958   0.02879685  0.0
;;

