# exterior:
# ---------
 2.13687500  -0.02357003  0.0
 2.13300459  -0.02402736  0.0
 2.13299785  -0.02402819  0.0
 2.12343666  -0.02526789  0.0
 2.12342867  -0.02526898  0.0
 1.88203987  -0.05986996  0.0
 1.88203383  -0.05987086  0.0
 1.87188039  -0.06143177  0.0
 1.87187825  -0.06143210  0.0
 1.63108169  -0.09934061  0.0
 1.63107956  -0.09934095  0.0
 1.62126741  -0.10092193  0.0
 1.62126657  -0.10092207  0.0
 1.38012872  -0.14012548  0.0
 1.38012619  -0.14012589  0.0
 1.37156041  -0.14155603  0.0
 1.12918122  -0.18063342  0.0
 1.12271909  -0.18163686  0.0
 0.87823792  -0.21907291  0.0
 0.87466370  -0.21957421  0.0
 0.83600000  -0.22491952  0.0
 0.83600000  -0.21987196  0.0
 0.87397409  -0.21462199  0.0
 0.87751226  -0.21412575  0.0
 1.12195708  -0.17669526  0.0
 1.12839969  -0.17569486  0.0
 1.37075078  -0.13662200  0.0
 1.37930279  -0.13519416  0.0
 1.37931332  -0.13519241  0.0
 1.37931584  -0.13519200  0.0
 1.37932637  -0.13519027  0.0
 1.62046771  -0.09598630  0.0
 1.62047204  -0.09598560  0.0
 1.63028419  -0.09440462  0.0
 1.63029308  -0.09440319  0.0
 1.63029522  -0.09440285  0.0
 1.63030412  -0.09440144  0.0
 1.87110068  -0.05649293  0.0
 1.87110960  -0.05649154  0.0
 1.87111174  -0.05649121  0.0
 1.87112066  -0.05648983  0.0
 1.88127410  -0.05492892  0.0
 1.88129923  -0.05492512  0.0
 1.88130526  -0.05492422  0.0
 1.88133041  -0.05492055  0.0
 2.12271922  -0.02031957  0.0
 2.12275247  -0.02031491  0.0
 2.12276046  -0.02031382  0.0
 2.12279374  -0.02030939  0.0
 2.13235494  -0.01906970  0.0
 2.13238303  -0.01906614  0.0
 2.13238977  -0.01906530  0.0
 2.13241788  -0.01906190  0.0
 2.13687500  -0.01853525  0.0
 2.13687500  -0.02357003  0.0
;;

