# exterior:
# ---------
 2.90687909   0.02735257  0.0
 2.88599431   0.02978147  0.0
 2.88594769   0.02978506  0.0
 2.88316214   0.02989045  0.0
 2.88312831   0.02989078  0.0
 2.82620100   0.02883271  0.0
 2.82620100   0.03383358  0.0
 2.88303539   0.03488992  0.0
 2.88317639   0.03489055  0.0
 2.88321023   0.03489022  0.0
 2.88335120   0.03488688  0.0
 2.88613674   0.03478148  0.0
 2.88633131   0.03477032  0.0
 2.88637793   0.03476673  0.0
 2.88657192   0.03474799  0.0
 2.90687909   0.03238627  0.0
 2.90687909   0.02735257  0.0
;;

