# exterior:
# ---------
-0.75000000   0.56759879  0.0
-0.64943852   0.58626939  0.0
-0.62737500   0.58968733  0.0
-0.39425751   0.61976118  0.0
-0.37642500   0.62161319  0.0
-0.13880044   0.63969665  0.0
-0.12547500   0.64033908  0.0
 0.11678711   0.64395276  0.0
 0.12547500   0.64379215  0.0
 0.37227429   0.63112921  0.0
 0.37642500   0.63081301  0.0
 0.62737500   0.60504045  0.0
 0.75000000   0.58736283  0.0
 0.75000000   0.58675663  0.0
 0.62730152   0.60444484  0.0
 0.37637155   0.63021535  0.0
 0.37223612   0.63053038  0.0
 0.12545408   0.64319243  0.0
 0.11678604   0.64335267  0.0
-0.12545607   0.63973929  0.0
-0.13876323   0.63909774  0.0
-0.37637124   0.62101554  0.0
-0.39418812   0.61916516  0.0
-0.62729068   0.58909324  0.0
-0.64933781   0.58567783  0.0
-0.75000000   0.56698854  0.0
-0.75000000   0.56759879  0.0
;;

