# exterior:
# ---------
 2.13687500   0.27997487  0.0
 2.14247682   0.27844282  0.0
 2.38386442   0.21144452  0.0
 2.39193429   0.20920122  0.0
 2.63481246   0.14116903  0.0
 2.64056354   0.13954307  0.0
 2.64056607   0.13954236  0.0
 2.82620100   0.08793742  0.0
 2.82620100   0.08274782  0.0
 2.63922690   0.13472504  0.0
 2.63921634   0.13472799  0.0
 2.63921380   0.13472870  0.0
 2.63920325   0.13473167  0.0
 2.63345800   0.13635598  0.0
 2.39059039   0.20438521  0.0
 2.38252623   0.20662692  0.0
 2.14114870   0.27362243  0.0
 2.13687500   0.27479124  0.0
 2.13687500   0.27997487  0.0
;;

