# exterior:
# ---------
 2.14187500   0.25370144  0.0
 2.14187500   0.25370257  0.0
 2.37744113   0.18832005  0.0
 2.38548361   0.18608436  0.0
 2.62831103   0.11806639  0.0
 2.63403677   0.11644759  0.0
 2.63404997   0.11644387  0.0
 2.63406105   0.11644075  0.0
 2.63407425   0.11643704  0.0
 2.63410054   0.11642967  0.0
 2.63411374   0.11642598  0.0
 2.63412483   0.11642289  0.0
 2.63413803   0.11641921  0.0
 2.82620100   0.06302732  0.0
 2.82620100   0.05783772  0.0
 2.63279648   0.11160255  0.0
 2.63278068   0.11160695  0.0
 2.63276690   0.11161079  0.0
 2.63275093   0.11161526  0.0
 2.63272213   0.11162333  0.0
 2.63270635   0.11162777  0.0
 2.63269258   0.11163165  0.0
 2.63267648   0.11163619  0.0
 2.62695657   0.11325333  0.0
 2.38413972   0.18126835  0.0
 2.37610295   0.18350245  0.0
 2.14687500   0.24712577  0.0
 2.14187500   0.25370144  0.0
;;

