# exterior:
# ---------
 2.13687500   0.26027711  0.0
 2.13742995   0.26012533  0.0
 2.37877932   0.19313765  0.0
 2.38682750   0.19090037  0.0
 2.62966550   0.12287944  0.0
 2.63539443   0.12125974  0.0
 2.63540498   0.12125676  0.0
 2.63541343   0.12125438  0.0
 2.63542398   0.12125142  0.0
 2.63544763   0.12124479  0.0
 2.63545819   0.12124183  0.0
 2.63546664   0.12123948  0.0
 2.63547721   0.12123653  0.0
 2.82620100   0.06821693  0.0
 2.82620100   0.06302732  0.0
 2.63413803   0.11641921  0.0
 2.63412483   0.11642289  0.0
 2.63411374   0.11642598  0.0
 2.63410054   0.11642967  0.0
 2.63407425   0.11643704  0.0
 2.63406105   0.11644075  0.0
 2.63404997   0.11644387  0.0
 2.63403677   0.11644759  0.0
 2.62831103   0.11806639  0.0
 2.38548361   0.18608436  0.0
 2.37744113   0.18832005  0.0
 2.14187500   0.25370257  0.0
 2.14187500   0.25370144  0.0
 2.13687500   0.26027711  0.0
;;

