# exterior:
# ---------
 0.74500000  -0.15875851  0.0
 0.61746334  -0.17639064  0.0
 0.37193543  -0.20487153  0.0
 0.36907326  -0.20517263  0.0
 0.12858862  -0.22506148  0.0
 0.12179116  -0.22546595  0.0
-0.11395754  -0.23356242  0.0
-0.12566733  -0.23369914  0.0
-0.35743018  -0.23212735  0.0
-0.37406518  -0.23174811  0.0
-0.60174937  -0.22326063  0.0
-0.62256731  -0.22214775  0.0
-0.74500000  -0.21368661  0.0
-0.74000000  -0.20902022  0.0
-0.62226148  -0.21715696  0.0
-0.60152277  -0.21826560  0.0
-0.37391506  -0.22675023  0.0
-0.35735624  -0.22712773  0.0
-0.12567957  -0.22869895  0.0
-0.11407255  -0.22856342  0.0
 0.12155682  -0.22047105  0.0
 0.12823403  -0.22007373  0.0
 0.36860559  -0.20019424  0.0
 0.37138580  -0.19990176  0.0
 0.61683283  -0.17143025  0.0
 0.74000000  -0.15440221  0.0
 0.74500000  -0.15875851  0.0
;;

