# exterior:
# ---------
 2.82620100   0.05283686  0.0
 2.63451786   0.04927418  0.0
 2.63449243   0.04927364  0.0
 2.63439076   0.04927123  0.0
 2.63436534   0.04927056  0.0
 2.63428401   0.04926823  0.0
 2.63425859   0.04926743  0.0
 2.63415694   0.04926399  0.0
 2.63413153   0.04926306  0.0
 2.63390389   0.04925420  0.0
 2.63387849   0.04925314  0.0
 2.63377688   0.04924867  0.0
 2.63375148   0.04924749  0.0
 2.63367021   0.04924349  0.0
 2.63364482   0.04924218  0.0
 2.63354326   0.04923667  0.0
 2.63351788   0.04923523  0.0
 2.62776610   0.04889394  0.0
 2.62775365   0.04889318  0.0
 2.62770383   0.04889010  0.0
 2.62769137   0.04888932  0.0
 2.62765152   0.04888675  0.0
 2.62763907   0.04888594  0.0
 2.62758927   0.04888261  0.0
 2.62757682   0.04888176  0.0
 2.62746527   0.04887402  0.0
 2.62745283   0.04887314  0.0
 2.62740304   0.04886956  0.0
 2.62739059   0.04886865  0.0
 2.62735077   0.04886569  0.0
 2.62733833   0.04886475  0.0
 2.62728856   0.04886092  0.0
 2.62727612   0.04885995  0.0
 2.38207789   0.02939125  0.0
 2.38206624   0.02939031  0.0
 2.38201961   0.02938650  0.0
 2.38200796   0.02938553  0.0
 2.38197067   0.02938240  0.0
 2.38195902   0.02938140  0.0
 2.38191242   0.02937737  0.0
 2.38190077   0.02937635  0.0
 2.38179640   0.02936708  0.0
 2.38178475   0.02936604  0.0
 2.38173817   0.02936179  0.0
 2.38172652   0.02936071  0.0
 2.38168927   0.02935723  0.0
 2.38167762   0.02935612  0.0
 2.38163106   0.02935166  0.0
 2.38161942   0.02935053  0.0
 2.37354887   0.02855753  0.0
 2.37353664   0.02855631  0.0
 2.37348771   0.02855138  0.0
 2.37347548   0.02855013  0.0
 2.37343634   0.02854609  0.0
 2.37342412   0.02854482  0.0
 2.37337521   0.02853965  0.0
 2.37336299   0.02853834  0.0
 2.37325348   0.02852649  0.0
 2.37324125   0.02852515  0.0
 2.37319238   0.02851974  0.0
 2.37318016   0.02851838  0.0
 2.37314107   0.02851395  0.0
 2.37312885   0.02851255  0.0
 2.37308000   0.02850690  0.0
 2.37306779   0.02850548  0.0
 2.14187500   0.00118773  0.0
 2.14687500   0.00681331  0.0
 2.37248107   0.03347093  0.0
 2.37248718   0.03347165  0.0
 2.37249939   0.03347308  0.0
 2.37250550   0.03347379  0.0
 2.37255435   0.03347944  0.0
 2.37256045   0.03348014  0.0
 2.37257267   0.03348154  0.0
 2.37257877   0.03348223  0.0
 2.37261787   0.03348666  0.0
 2.37262397   0.03348734  0.0
 2.37263619   0.03348871  0.0
 2.37264230   0.03348939  0.0
 2.37269118   0.03349480  0.0
 2.37269729   0.03349548  0.0
 2.37270951   0.03349681  0.0
 2.37271562   0.03349748  0.0
 2.37282513   0.03350933  0.0
 2.37283125   0.03350998  0.0
 2.37284347   0.03351129  0.0
 2.37284958   0.03351194  0.0
 2.37289849   0.03351711  0.0
 2.37290460   0.03351775  0.0
 2.37291683   0.03351903  0.0
 2.37292294   0.03351967  0.0
 2.37296207   0.03352371  0.0
 2.37296819   0.03352433  0.0
 2.37298042   0.03352558  0.0
 2.37298653   0.03352620  0.0
 2.37303546   0.03353113  0.0
 2.37304158   0.03353174  0.0
 2.37305381   0.03353296  0.0
 2.37305993   0.03353356  0.0
 2.38113048   0.03432657  0.0
 2.38113630   0.03432713  0.0
 2.38114794   0.03432826  0.0
 2.38115376   0.03432883  0.0
 2.38120032   0.03433329  0.0
 2.38120614   0.03433385  0.0
 2.38121779   0.03433495  0.0
 2.38122361   0.03433550  0.0
 2.38126087   0.03433898  0.0
 2.38126669   0.03433952  0.0
 2.38127833   0.03434060  0.0
 2.38128416   0.03434113  0.0
 2.38133074   0.03434538  0.0
 2.38133656   0.03434591  0.0
 2.38134821   0.03434696  0.0
 2.38135403   0.03434748  0.0
 2.38145840   0.03435675  0.0
 2.38146423   0.03435726  0.0
 2.38147587   0.03435828  0.0
 2.38148170   0.03435879  0.0
 2.38152830   0.03436282  0.0
 2.38153413   0.03436332  0.0
 2.38154578   0.03436431  0.0
 2.38155161   0.03436481  0.0
 2.38158890   0.03436794  0.0
 2.38159472   0.03436843  0.0
 2.38160638   0.03436939  0.0
 2.38161220   0.03436987  0.0
 2.38165883   0.03437369  0.0
 2.38166465   0.03437416  0.0
 2.38167631   0.03437510  0.0
 2.38168214   0.03437556  0.0
 2.62688036   0.05384427  0.0
 2.62688658   0.05384476  0.0
 2.62689903   0.05384573  0.0
 2.62690525   0.05384621  0.0
 2.62695501   0.05385004  0.0
 2.62696124   0.05385051  0.0
 2.62697368   0.05385145  0.0
 2.62697990   0.05385192  0.0
 2.62701972   0.05385488  0.0
 2.62702595   0.05385534  0.0
 2.62703839   0.05385625  0.0
 2.62704462   0.05385670  0.0
 2.62709440   0.05386028  0.0
 2.62710063   0.05386072  0.0
 2.62711307   0.05386160  0.0
 2.62711930   0.05386204  0.0
 2.62723084   0.05386977  0.0
 2.62723706   0.05387020  0.0
 2.62724951   0.05387105  0.0
 2.62725574   0.05387147  0.0
 2.62730554   0.05387480  0.0
 2.62731177   0.05387521  0.0
 2.62732422   0.05387603  0.0
 2.62733045   0.05387643  0.0
 2.62737030   0.05387900  0.0
 2.62737653   0.05387939  0.0
 2.62738898   0.05388018  0.0
 2.62739521   0.05388057  0.0
 2.62744503   0.05388365  0.0
 2.62745126   0.05388403  0.0
 2.62746371   0.05388479  0.0
 2.62746994   0.05388516  0.0
 2.63322171   0.05422645  0.0
 2.63323441   0.05422719  0.0
 2.63325979   0.05422863  0.0
 2.63327249   0.05422933  0.0
 2.63337404   0.05423484  0.0
 2.63338674   0.05423551  0.0
 2.63341213   0.05423683  0.0
 2.63342483   0.05423747  0.0
 2.63350610   0.05424146  0.0
 2.63351880   0.05424207  0.0
 2.63354420   0.05424325  0.0
 2.63355690   0.05424383  0.0
 2.63365850   0.05424830  0.0
 2.63367121   0.05424885  0.0
 2.63369661   0.05424990  0.0
 2.63370932   0.05425041  0.0
 2.63393695   0.05425928  0.0
 2.63394966   0.05425975  0.0
 2.63397507   0.05426068  0.0
 2.63398777   0.05426113  0.0
 2.63408942   0.05426457  0.0
 2.63410213   0.05426498  0.0
 2.63412754   0.05426578  0.0
 2.63414025   0.05426616  0.0
 2.63422158   0.05426850  0.0
 2.63423429   0.05426885  0.0
 2.63425971   0.05426951  0.0
 2.63427242   0.05426983  0.0
 2.63437410   0.05427224  0.0
 2.63438681   0.05427252  0.0
 2.63441223   0.05427306  0.0
 2.63442494   0.05427331  0.0
 2.82620100   0.05783772  0.0
 2.82620100   0.05283686  0.0
;;

