# exterior:
# ---------
 2.13687500   0.04188215  0.0
 2.12537725   0.04052358  0.0
 2.12503997   0.04048276  0.0
 2.12497703   0.04047496  0.0
 2.12463999   0.04043223  0.0
 2.11507879   0.03919254  0.0
 2.11467936   0.03913938  0.0
 2.11460483   0.03912921  0.0
 2.11420575   0.03907337  0.0
 1.87281695   0.00447238  0.0
 1.87251515   0.00442834  0.0
 1.87245884   0.00441998  0.0
 1.87215727   0.00437440  0.0
 1.86200384   0.00281349  0.0
 1.86189681   0.00279694  0.0
 1.86187683   0.00279383  0.0
 1.86176983   0.00277709  0.0
 1.62097326  -0.03513142  0.0
 1.62086647  -0.03514833  0.0
 1.62084653  -0.03515151  0.0
 1.62073977  -0.03516861  0.0
 1.61092762  -0.03674960  0.0
 1.61087792  -0.03675763  0.0
 1.36969818  -0.07596783  0.0
 1.36957185  -0.07598851  0.0
 1.36954827  -0.07599239  0.0
 1.36942199  -0.07601334  0.0
 1.36103524  -0.07741359  0.0
 1.11902132  -0.11643208  0.0
 1.11281305  -0.11739610  0.0
 0.86880431  -0.15475981  0.0
 0.86569883  -0.15519537  0.0
 0.83600000  -0.15930127  0.0
 0.84100000  -0.15356246  0.0
 0.86500922  -0.15024315  0.0
 0.86807865  -0.14981265  0.0
 1.11205104  -0.11245451  0.0
 1.11823979  -0.11149352  0.0
 1.36022561  -0.07247955  0.0
 1.36859859  -0.07108160  0.0
 1.36860385  -0.07108073  0.0
 1.36873013  -0.07105978  0.0
 1.36873539  -0.07105891  0.0
 1.36875897  -0.07105503  0.0
 1.36876423  -0.07105416  0.0
 1.36889056  -0.07103349  0.0
 1.36889583  -0.07103263  0.0
 1.61007557  -0.03182242  0.0
 1.61008053  -0.03182162  0.0
 1.61013023  -0.03181359  0.0
 1.61994440  -0.03023228  0.0
 1.62005561  -0.03021446  0.0
 1.62008000  -0.03021057  0.0
 1.62019124  -0.03019296  0.0
 1.86099226   0.00771625  0.0
 1.86110372   0.00773370  0.0
 1.86112815   0.00773750  0.0
 1.86123964   0.00775475  0.0
 1.87139754   0.00931634  0.0
 1.87141010   0.00931826  0.0
 1.87171167   0.00936384  0.0
 1.87172424   0.00936572  0.0
 1.87178055   0.00937408  0.0
 1.87179312   0.00937593  0.0
 1.87209492   0.00941998  0.0
 1.87210749   0.00942180  0.0
 2.11349630   0.04402278  0.0
 2.11351292   0.04402514  0.0
 2.11391200   0.04408097  0.0
 2.11392863   0.04408327  0.0
 2.11400316   0.04409344  0.0
 2.11401980   0.04409569  0.0
 2.11441924   0.04414884  0.0
 2.11443588   0.04415103  0.0
 2.12399708   0.04539072  0.0
 2.12401112   0.04539252  0.0
 2.12434816   0.04543525  0.0
 2.12436221   0.04543701  0.0
 2.12442515   0.04544481  0.0
 2.12443920   0.04544653  0.0
 2.12477648   0.04548736  0.0
 2.12479053   0.04548904  0.0
 2.13628828   0.04684761  0.0
 2.13678352   0.04688132  0.0
 2.13714320   0.04687003  0.0
 2.13687500   0.04188215  0.0
;;

