# exterior:
# ---------
-0.74500000   0.48858388  0.0
-0.63624526   0.50877567  0.0
-0.61632856   0.51186103  0.0
-0.38516809   0.54168241  0.0
-0.36938182   0.54332191  0.0
-0.13392487   0.56124041  0.0
-0.12299567   0.56176732  0.0
 0.11664683   0.56534192  0.0
 0.12273409   0.56522939  0.0
 0.36727456   0.55268235  0.0
 0.36942361   0.55251864  0.0
 0.61774848   0.52701567  0.0
 0.74500000   0.50867109  0.0
 0.74500000  -0.15875851  0.0
 0.61746334  -0.17639064  0.0
 0.37193543  -0.20487153  0.0
 0.36907326  -0.20517263  0.0
 0.12858862  -0.22506148  0.0
 0.12179116  -0.22546595  0.0
-0.11395754  -0.23356242  0.0
-0.12566733  -0.23369914  0.0
-0.35743018  -0.23212735  0.0
-0.37406518  -0.23174811  0.0
-0.60174937  -0.22326063  0.0
-0.62256731  -0.22214775  0.0
-0.74500000  -0.21368661  0.0
-0.74500000   0.48858388  0.0
;;

# interior:
# ---------
-0.74000000   0.48442675  0.0
-0.74000000  -0.20902022  0.0
-0.62226148  -0.21715696  0.0
-0.60152277  -0.21826560  0.0
-0.37391506  -0.22675023  0.0
-0.35735624  -0.22712773  0.0
-0.12567957  -0.22869895  0.0
-0.11407255  -0.22856342  0.0
 0.12155682  -0.22047105  0.0
 0.12823403  -0.22007373  0.0
 0.36860559  -0.20019424  0.0
 0.37138580  -0.19990176  0.0
 0.61683283  -0.17143025  0.0
 0.74000000  -0.15440221  0.0
 0.74000000   0.50434021  0.0
 0.61713610   0.52205226  0.0
 0.36897823   0.54753808  0.0
 0.36695651   0.54769209  0.0
 0.12255973   0.56023176  0.0
 0.11663791   0.56034123  0.0
-0.12283796   0.55676911  0.0
-0.13361472   0.55624955  0.0
-0.36893378   0.53834155  0.0
-0.38458988   0.53671557  0.0
-0.61562586   0.50691025  0.0
-0.63540600   0.50384604  0.0
-0.74000000   0.48442675  0.0
;;

