# exterior:
# ---------
 2.82620100   0.04783599  0.0
 2.63461077   0.04427504  0.0
 2.63450909   0.04427263  0.0
 2.63442776   0.04427029  0.0
 2.63432611   0.04426685  0.0
 2.63409847   0.04425799  0.0
 2.63399687   0.04425351  0.0
 2.63391560   0.04424952  0.0
 2.63381404   0.04424401  0.0
 2.62806227   0.04390272  0.0
 2.62801245   0.04389964  0.0
 2.62797260   0.04389707  0.0
 2.62792279   0.04389374  0.0
 2.62781125   0.04388601  0.0
 2.62776146   0.04388243  0.0
 2.62772164   0.04387947  0.0
 2.62767187   0.04387564  0.0
 2.38247365   0.02440694  0.0
 2.38242702   0.02440313  0.0
 2.38238973   0.02439999  0.0
 2.38234313   0.02439596  0.0
 2.38223876   0.02438669  0.0
 2.38219218   0.02438244  0.0
 2.38215492   0.02437896  0.0
 2.38210836   0.02437449  0.0
 2.37403781   0.02358149  0.0
 2.37398888   0.02357656  0.0
 2.37394975   0.02357252  0.0
 2.37390084   0.02356735  0.0
 2.37379133   0.02355550  0.0
 2.37374245   0.02355009  0.0
 2.37370336   0.02354567  0.0
 2.37365451   0.02354002  0.0
 2.13687500  -0.00443785  0.0
 2.14187500   0.00118773  0.0
 2.37306779   0.02850548  0.0
 2.37308000   0.02850690  0.0
 2.37312885   0.02851255  0.0
 2.37314107   0.02851395  0.0
 2.37318016   0.02851838  0.0
 2.37319238   0.02851974  0.0
 2.37324125   0.02852515  0.0
 2.37325348   0.02852649  0.0
 2.37336299   0.02853834  0.0
 2.37337521   0.02853965  0.0
 2.37342412   0.02854482  0.0
 2.37343634   0.02854609  0.0
 2.37347548   0.02855013  0.0
 2.37348771   0.02855138  0.0
 2.37353664   0.02855631  0.0
 2.37354887   0.02855753  0.0
 2.38161942   0.02935053  0.0
 2.38163106   0.02935166  0.0
 2.38167762   0.02935612  0.0
 2.38168927   0.02935723  0.0
 2.38172652   0.02936071  0.0
 2.38173817   0.02936179  0.0
 2.38178475   0.02936604  0.0
 2.38179640   0.02936708  0.0
 2.38190077   0.02937635  0.0
 2.38191242   0.02937737  0.0
 2.38195902   0.02938140  0.0
 2.38197067   0.02938240  0.0
 2.38200796   0.02938553  0.0
 2.38201961   0.02938650  0.0
 2.38206624   0.02939031  0.0
 2.38207789   0.02939125  0.0
 2.62727612   0.04885995  0.0
 2.62728856   0.04886092  0.0
 2.62733833   0.04886475  0.0
 2.62735077   0.04886569  0.0
 2.62739059   0.04886865  0.0
 2.62740304   0.04886956  0.0
 2.62745283   0.04887314  0.0
 2.62746527   0.04887402  0.0
 2.62757682   0.04888176  0.0
 2.62758927   0.04888261  0.0
 2.62763907   0.04888594  0.0
 2.62765152   0.04888675  0.0
 2.62769137   0.04888932  0.0
 2.62770383   0.04889010  0.0
 2.62775365   0.04889318  0.0
 2.62776610   0.04889394  0.0
 2.63351788   0.04923523  0.0
 2.63354326   0.04923667  0.0
 2.63364482   0.04924218  0.0
 2.63367021   0.04924349  0.0
 2.63375148   0.04924749  0.0
 2.63377688   0.04924867  0.0
 2.63387849   0.04925314  0.0
 2.63390389   0.04925420  0.0
 2.63413153   0.04926306  0.0
 2.63415694   0.04926399  0.0
 2.63425859   0.04926743  0.0
 2.63428401   0.04926823  0.0
 2.63436534   0.04927056  0.0
 2.63439076   0.04927123  0.0
 2.63449243   0.04927364  0.0
 2.63451786   0.04927418  0.0
 2.82620100   0.05283686  0.0
 2.82620100   0.04783599  0.0
;;

