# exterior:
# ---------
-0.83600000  -0.22042874  0.0
-0.84746097  -0.21963669  0.0
-0.87214478  -0.21752971  0.0
-1.09308891  -0.19457085  0.0
-1.12045012  -0.19118650  0.0
-1.33932896  -0.15882586  0.0
-1.36827029  -0.15371716  0.0
-1.46217335  -0.13548356  0.0
-1.49090940  -0.12928307  0.0
-1.58502434  -0.10602433  0.0
-1.61155379  -0.09843148  0.0
-1.70767680  -0.06566161  0.0
-1.72959300  -0.05671130  0.0
-1.76457663  -0.03929352  0.0
-1.78188257  -0.02822361  0.0
-1.78364699  -0.02689042  0.0
-1.79526351  -0.01696235  0.0
-1.79720720  -0.01507867  0.0
-1.80298409  -0.00865246  0.0
-1.81498675   0.01366289  0.0
-1.81054741   0.06180422  0.0
-1.80808256   0.06629105  0.0
-1.80376324   0.07274584  0.0
-1.79356530   0.08592974  0.0
-1.79304636   0.08653744  0.0
-1.77389534   0.10671288  0.0
-1.74088507   0.13561376  0.0
-1.71844676   0.15299977  0.0
-1.62609212   0.21390797  0.0
-1.60013875   0.22869711  0.0
-1.50767745   0.27535709  0.0
-1.47946396   0.28819964  0.0
-1.38617905   0.32716027  0.0
-1.35807221   0.33799273  0.0
-1.13861755   0.41093111  0.0
-1.11223676   0.41852502  0.0
-0.88925430   0.47430419  0.0
-0.86541504   0.47944936  0.0
-0.83600000   0.48491066  0.0
-0.84100000   0.47889689  0.0
-0.86443105   0.47454660  0.0
-0.88811989   0.46943390  0.0
-1.11093812   0.41369582  0.0
-1.13713689   0.40615430  0.0
-1.35638374   0.33328498  0.0
-1.38431617   0.32251974  0.0
-1.47746426   0.28361625  0.0
-1.50551453   0.27084800  0.0
-1.59777318   0.22429029  0.0
-1.62347523   0.20964436  0.0
-1.71553492   0.14893067  0.0
-1.73770419   0.13175314  0.0
-1.77042795   0.10310309  0.0
-1.78932944   0.08319053  0.0
-1.78968441   0.08277484  0.0
-1.79970327   0.06982246  0.0
-1.80380554   0.06369205  0.0
-1.80566409   0.06030886  0.0
-1.80986951   0.01470427  0.0
-1.79886474  -0.00575580  0.0
-1.79360390  -0.01160795  0.0
-1.79189614  -0.01326299  0.0
-1.78051278  -0.02299179  0.0
-1.77902397  -0.02411673  0.0
-1.76210819  -0.03493707  0.0
-1.72753073  -0.05215262  0.0
-1.70592338  -0.06097680  0.0
-1.61005827  -0.09365875  0.0
-1.58373623  -0.10119224  0.0
-1.48978206  -0.12441125  0.0
-1.46116941  -0.13058511  0.0
-1.36735911  -0.14880070  0.0
-1.33852859  -0.15388984  0.0
-1.11977749  -0.18623159  0.0
-1.09252357  -0.18960267  0.0
-0.87167372  -0.21255174  0.0
-0.84707596  -0.21465137  0.0
-0.84100000  -0.21507127  0.0
-0.83600000  -0.22042874  0.0
;;

