# exterior:
# ---------
-0.84100000  -0.21507127  0.0
-0.84707596  -0.21465137  0.0
-0.87167372  -0.21255174  0.0
-1.09252357  -0.18960267  0.0
-1.11977749  -0.18623159  0.0
-1.33852859  -0.15388984  0.0
-1.36735911  -0.14880070  0.0
-1.46116941  -0.13058511  0.0
-1.48978206  -0.12441125  0.0
-1.58373623  -0.10119224  0.0
-1.61005827  -0.09365875  0.0
-1.70592338  -0.06097680  0.0
-1.72753073  -0.05215262  0.0
-1.76210819  -0.03493707  0.0
-1.77902397  -0.02411673  0.0
-1.78051278  -0.02299179  0.0
-1.79189614  -0.01326299  0.0
-1.79360390  -0.01160795  0.0
-1.79886474  -0.00575580  0.0
-1.80986951   0.01470427  0.0
-1.80566409   0.06030886  0.0
-1.80380554   0.06369205  0.0
-1.79970327   0.06982246  0.0
-1.78968441   0.08277484  0.0
-1.78932944   0.08319053  0.0
-1.77042795   0.10310309  0.0
-1.73770419   0.13175314  0.0
-1.71553492   0.14893067  0.0
-1.62347523   0.20964436  0.0
-1.59777318   0.22429029  0.0
-1.50551453   0.27084800  0.0
-1.47746426   0.28361625  0.0
-1.38431617   0.32251974  0.0
-1.35638374   0.33328498  0.0
-1.13713689   0.40615430  0.0
-1.11093812   0.41369582  0.0
-0.88811989   0.46943390  0.0
-0.86443105   0.47454660  0.0
-0.84100000   0.47889689  0.0
-0.84600000   0.47288313  0.0
-0.86344706   0.46964385  0.0
-0.88698548   0.46456361  0.0
-1.10963947   0.40886661  0.0
-1.13565622   0.40137749  0.0
-1.35469526   0.32857724  0.0
-1.38245329   0.31787922  0.0
-1.47546457   0.27903287  0.0
-1.50335161   0.26633891  0.0
-1.59540762   0.21988347  0.0
-1.62085834   0.20538075  0.0
-1.71262309   0.14486158  0.0
-1.73452330   0.12789251  0.0
-1.76696056   0.09949331  0.0
-1.78561251   0.07984363  0.0
-1.78580353   0.07961994  0.0
-1.79564331   0.06689908  0.0
-1.79952851   0.06109304  0.0
-1.80078077   0.05881351  0.0
-1.80475226   0.01574565  0.0
-1.79474539  -0.00285914  0.0
-1.79000060  -0.00813724  0.0
-1.78852877  -0.00956363  0.0
-1.77737857  -0.01909316  0.0
-1.77616536  -0.02000986  0.0
-1.75963975  -0.03058063  0.0
-1.72546845  -0.04759395  0.0
-1.70416996  -0.05629200  0.0
-1.60856276  -0.08888602  0.0
-1.58244813  -0.09636015  0.0
-1.48865473  -0.11953942  0.0
-1.46016547  -0.12568666  0.0
-1.36644793  -0.14388424  0.0
-1.33772821  -0.14895382  0.0
-1.11910486  -0.18127669  0.0
-1.09195824  -0.18463449  0.0
-0.87120267  -0.20757376  0.0
-0.84669095  -0.20966605  0.0
-0.84600000  -0.20971380  0.0
-0.84100000  -0.21507127  0.0
;;

