# exterior:
# ---------
 2.13714320   0.04687003  0.0
 2.13678352   0.04688132  0.0
 2.13628828   0.04684761  0.0
 2.12479053   0.04548904  0.0
 2.12477648   0.04548736  0.0
 2.12443920   0.04544653  0.0
 2.12442515   0.04544481  0.0
 2.12436221   0.04543701  0.0
 2.12434816   0.04543525  0.0
 2.12401112   0.04539252  0.0
 2.12399708   0.04539072  0.0
 2.11443588   0.04415103  0.0
 2.11441924   0.04414884  0.0
 2.11401980   0.04409569  0.0
 2.11400316   0.04409344  0.0
 2.11392863   0.04408327  0.0
 2.11391200   0.04408097  0.0
 2.11351292   0.04402514  0.0
 2.11349630   0.04402278  0.0
 1.87210749   0.00942180  0.0
 1.87209492   0.00941998  0.0
 1.87179312   0.00937593  0.0
 1.87178055   0.00937408  0.0
 1.87172424   0.00936572  0.0
 1.87171167   0.00936384  0.0
 1.87141010   0.00931826  0.0
 1.87139754   0.00931634  0.0
 1.86123964   0.00775475  0.0
 1.86112815   0.00773750  0.0
 1.86110372   0.00773370  0.0
 1.86099226   0.00771625  0.0
 1.62019124  -0.03019296  0.0
 1.62008000  -0.03021057  0.0
 1.62005561  -0.03021446  0.0
 1.61994440  -0.03023228  0.0
 1.61013023  -0.03181359  0.0
 1.61008053  -0.03182162  0.0
 1.61007557  -0.03182242  0.0
 1.36889583  -0.07103263  0.0
 1.36889056  -0.07103349  0.0
 1.36876423  -0.07105416  0.0
 1.36875897  -0.07105503  0.0
 1.36873539  -0.07105891  0.0
 1.36873013  -0.07105978  0.0
 1.36860385  -0.07108073  0.0
 1.36859859  -0.07108160  0.0
 1.36022561  -0.07247955  0.0
 1.11823979  -0.11149352  0.0
 1.11205104  -0.11245451  0.0
 0.86807865  -0.14981265  0.0
 0.86500922  -0.15024315  0.0
 0.84100000  -0.15356246  0.0
 0.84600000  -0.14782364  0.0
 0.86431962  -0.14529093  0.0
 0.86735299  -0.14486549  0.0
 1.11128904  -0.10751291  0.0
 1.11745826  -0.10655495  0.0
 1.35941598  -0.06754552  0.0
 1.36777782  -0.06614943  0.0
 1.36778571  -0.06614812  0.0
 1.36791462  -0.06612673  0.0
 1.36792252  -0.06612543  0.0
 1.36794873  -0.06612111  0.0
 1.36795662  -0.06611982  0.0
 1.36808558  -0.06609871  0.0
 1.36809348  -0.06609742  0.0
 1.60927570  -0.02688682  0.0
 1.60928314  -0.02688561  0.0
 1.60933487  -0.02687726  0.0
 1.61915339  -0.02529524  0.0
 1.61926874  -0.02527677  0.0
 1.61929789  -0.02527212  0.0
 1.61941367  -0.02525379  0.0
 1.86021905   0.01265611  0.0
 1.86033465   0.01267420  0.0
 1.86036387   0.01267874  0.0
 1.86047991   0.01269669  0.0
 1.87063780   0.01425829  0.0
 1.87064408   0.01425925  0.0
 1.87065665   0.01426116  0.0
 1.87066293   0.01426212  0.0
 1.87096450   0.01430769  0.0
 1.87097078   0.01430864  0.0
 1.87098335   0.01431052  0.0
 1.87098963   0.01431146  0.0
 1.87104595   0.01431982  0.0
 1.87105223   0.01432075  0.0
 1.87106480   0.01432261  0.0
 1.87107109   0.01432353  0.0
 1.87137288   0.01436757  0.0
 1.87137917   0.01436848  0.0
 1.87139175   0.01437030  0.0
 1.87139804   0.01437121  0.0
 2.11278684   0.04897219  0.0
 2.11279516   0.04897338  0.0
 2.11281178   0.04897573  0.0
 2.11282009   0.04897690  0.0
 2.11321917   0.04903274  0.0
 2.11322748   0.04903390  0.0
 2.11324411   0.04903619  0.0
 2.11325243   0.04903734  0.0
 2.11332696   0.04904751  0.0
 2.11333528   0.04904864  0.0
 2.11335192   0.04905088  0.0
 2.11336024   0.04905199  0.0
 2.11375968   0.04910515  0.0
 2.11376800   0.04910625  0.0
 2.11378465   0.04910844  0.0
 2.11379297   0.04910952  0.0
 2.12335417   0.05034922  0.0
 2.12336119   0.05035012  0.0
 2.12337523   0.05035192  0.0
 2.12338225   0.05035282  0.0
 2.12371929   0.05039555  0.0
 2.12372631   0.05039643  0.0
 2.12374036   0.05039819  0.0
 2.12374738   0.05039907  0.0
 2.12381032   0.05040687  0.0
 2.12381735   0.05040773  0.0
 2.12383140   0.05040945  0.0
 2.12383842   0.05041031  0.0
 2.12417570   0.05045113  0.0
 2.12418273   0.05045198  0.0
 2.12419679   0.05045366  0.0
 2.12420382   0.05045449  0.0
 2.13570156   0.05181307  0.0
 2.13594877   0.05183607  0.0
 2.13644401   0.05186978  0.0
 2.13694031   0.05187886  0.0
 2.13741173   0.05186407  0.0
 2.13714320   0.04687003  0.0
;;

