# exterior:
# ---------
-0.75000000   0.56190309  0.0
-0.64849855   0.58074821  0.0
-0.62658798   0.58414245  0.0
-0.39360992   0.61419831  0.0
-0.37592320   0.61603518  0.0
-0.13845308   0.63410689  0.0
-0.12529836   0.63474109  0.0
 0.11677712   0.63835198  0.0
 0.12527972   0.63819480  0.0
 0.37191807   0.62554012  0.0
 0.37592617   0.62523479  0.0
 0.62668914   0.59948143  0.0
 0.75000000   0.58170494  0.0
 0.75000000   0.51300198  0.0
 0.61836085   0.53197908  0.0
 0.36986899   0.55749919  0.0
 0.36759260   0.55767261  0.0
 0.12290845   0.57022702  0.0
 0.11665575   0.57034261  0.0
-0.12315339   0.56676552  0.0
-0.13423502   0.56623126  0.0
-0.36982986   0.54830227  0.0
-0.38574630   0.54664925  0.0
-0.61703126   0.51681182  0.0
-0.63708453   0.51370529  0.0
-0.75000000   0.49274101  0.0
-0.75000000   0.56190309  0.0
;;

