# exterior:
# ---------
 2.82620100   0.03783427  0.0
 2.63479660   0.03427677  0.0
 2.63471527   0.03427443  0.0
 2.63448763   0.03426556  0.0
 2.63440637   0.03426157  0.0
 2.62865459   0.03392028  0.0
 2.62861474   0.03391771  0.0
 2.62850320   0.03390997  0.0
 2.62846338   0.03390701  0.0
 2.38326515   0.01443831  0.0
 2.38322786   0.01443518  0.0
 2.38312350   0.01442591  0.0
 2.38308624   0.01442242  0.0
 2.37501569   0.01362942  0.0
 2.37497655   0.01362538  0.0
 2.37486704   0.01361353  0.0
 2.37482795   0.01360911  0.0
 2.13687500  -0.01450742  0.0
 2.13687500  -0.00443785  0.0
 2.37365451   0.02354002  0.0
 2.37370336   0.02354567  0.0
 2.37374245   0.02355009  0.0
 2.37379133   0.02355550  0.0
 2.37390084   0.02356735  0.0
 2.37394975   0.02357252  0.0
 2.37398888   0.02357656  0.0
 2.37403781   0.02358149  0.0
 2.38210836   0.02437449  0.0
 2.38215492   0.02437896  0.0
 2.38219218   0.02438244  0.0
 2.38223876   0.02438669  0.0
 2.38234313   0.02439596  0.0
 2.38238973   0.02439999  0.0
 2.38242702   0.02440313  0.0
 2.38247365   0.02440694  0.0
 2.62767187   0.04387564  0.0
 2.62772164   0.04387947  0.0
 2.62776146   0.04388243  0.0
 2.62781125   0.04388601  0.0
 2.62792279   0.04389374  0.0
 2.62797260   0.04389707  0.0
 2.62801245   0.04389964  0.0
 2.62806227   0.04390272  0.0
 2.63381404   0.04424401  0.0
 2.63391560   0.04424952  0.0
 2.63399687   0.04425351  0.0
 2.63409847   0.04425799  0.0
 2.63432611   0.04426685  0.0
 2.63442776   0.04427029  0.0
 2.63450909   0.04427263  0.0
 2.63461077   0.04427504  0.0
 2.82620100   0.04783599  0.0
 2.82620100   0.03783427  0.0
;;

