# exterior:
# ---------
 3.12635268   0.00686149  0.0
 2.88657192   0.03474799  0.0
 2.88613674   0.03478148  0.0
 2.88335120   0.03488688  0.0
 2.88303539   0.03488992  0.0
 2.63487093   0.03027746  0.0
 2.63464330   0.03026859  0.0
 2.62889152   0.02992730  0.0
 2.62877998   0.02991956  0.0
 2.38358176   0.01045086  0.0
 2.38347739   0.01044159  0.0
 2.37540684   0.00964859  0.0
 2.37529732   0.00963674  0.0
 2.13687500  -0.01853525  0.0
 2.13687500  -0.01450742  0.0
 2.37482795   0.01360911  0.0
 2.37486704   0.01361353  0.0
 2.37497655   0.01362538  0.0
 2.37501569   0.01362942  0.0
 2.38308624   0.01442242  0.0
 2.38312350   0.01442591  0.0
 2.38322786   0.01443518  0.0
 2.38326515   0.01443831  0.0
 2.62846338   0.03390701  0.0
 2.62850320   0.03390997  0.0
 2.62861474   0.03391771  0.0
 2.62865459   0.03392028  0.0
 2.63440637   0.03426157  0.0
 2.63448763   0.03426556  0.0
 2.63471527   0.03427443  0.0
 2.63479660   0.03427677  0.0
 2.88296106   0.03888923  0.0
 2.88307386   0.03888973  0.0
 2.88338967   0.03888669  0.0
 2.88350244   0.03888402  0.0
 2.88628798   0.03877862  0.0
 2.88644364   0.03876969  0.0
 2.88687882   0.03873620  0.0
 2.88703401   0.03872121  0.0
 3.06364594   0.01818124  0.0
 2.88641544   0.06181769  0.0
 2.88632975   0.06183980  0.0
 2.88609053   0.06190434  0.0
 2.88600534   0.06192834  0.0
 2.88328665   0.06272680  0.0
 2.63815556   0.13087118  0.0
 2.63814711   0.13087354  0.0
 2.63812346   0.13088017  0.0
 2.63811501   0.13088255  0.0
 2.63237443   0.13250554  0.0
 2.38951528   0.20053240  0.0
 2.38145569   0.20277285  0.0
 2.14008620   0.26976611  0.0
 2.13687500   0.27064435  0.0
 2.13687500   0.27479124  0.0
 2.14114870   0.27362243  0.0
 2.38252623   0.20662692  0.0
 2.39059039   0.20438521  0.0
 2.63345800   0.13635598  0.0
 2.63920325   0.13473167  0.0
 2.63922690   0.13472504  0.0
 2.88438596   0.06657289  0.0
 2.88713251   0.06576624  0.0
 2.88737174   0.06570170  0.0
 3.12635268   0.00686149  0.0
;;

