# exterior:
# ---------
 2.90687909   0.03641323  0.0
 2.88703401   0.03872121  0.0
 2.88687882   0.03873620  0.0
 2.88644364   0.03876969  0.0
 2.88628798   0.03877862  0.0
 2.88350244   0.03888402  0.0
 2.88338967   0.03888669  0.0
 2.88307386   0.03888973  0.0
 2.88296106   0.03888923  0.0
 2.82620100   0.03783427  0.0
 2.82620100   0.04783599  0.0
 2.88277523   0.04888750  0.0
 2.88291623   0.04888913  0.0
 2.88302903   0.04888963  0.0
 2.88317004   0.04888927  0.0
 2.88348584   0.04888623  0.0
 2.88362683   0.04888388  0.0
 2.88373960   0.04888121  0.0
 2.88388055   0.04887687  0.0
 2.88666609   0.04877147  0.0
 2.88686077   0.04876220  0.0
 2.88701642   0.04875327  0.0
 2.88721088   0.04874021  0.0
 2.88764606   0.04870673  0.0
 2.88784023   0.04868988  0.0
 2.88799542   0.04867489  0.0
 2.88818922   0.04865426  0.0
 2.90687909   0.04648063  0.0
 2.90687909   0.03641323  0.0
;;

