# exterior:
# ---------
 2.82620100   0.06821693  0.0
 2.63547721   0.12123653  0.0
 2.63546664   0.12123948  0.0
 2.63545819   0.12124183  0.0
 2.63544763   0.12124479  0.0
 2.63542398   0.12125142  0.0
 2.63541343   0.12125438  0.0
 2.63540498   0.12125676  0.0
 2.63539443   0.12125974  0.0
 2.62966550   0.12287944  0.0
 2.38682750   0.19090037  0.0
 2.37877932   0.19313765  0.0
 2.13742995   0.26012533  0.0
 2.13687500   0.26027711  0.0
 2.13687500   0.27064435  0.0
 2.14008620   0.26976611  0.0
 2.38145569   0.20277285  0.0
 2.38951528   0.20053240  0.0
 2.63237443   0.13250554  0.0
 2.63811501   0.13088255  0.0
 2.63812346   0.13088017  0.0
 2.63814711   0.13087354  0.0
 2.63815556   0.13087118  0.0
 2.82620100   0.07859613  0.0
 2.82620100   0.06821693  0.0
;;

