# exterior:
# ---------
 3.06364594   0.01818124  0.0
 2.88703401   0.03872121  0.0
 2.88687882   0.03873620  0.0
 2.88644364   0.03876969  0.0
 2.88628798   0.03877862  0.0
 2.88350244   0.03888402  0.0
 2.88338967   0.03888669  0.0
 2.88307386   0.03888973  0.0
 2.88296106   0.03888923  0.0
 2.63479660   0.03427677  0.0
 2.63471527   0.03427443  0.0
 2.63448763   0.03426556  0.0
 2.63440637   0.03426157  0.0
 2.62865459   0.03392028  0.0
 2.62861474   0.03391771  0.0
 2.62850320   0.03390997  0.0
 2.62846338   0.03390701  0.0
 2.38326515   0.01443831  0.0
 2.38322786   0.01443518  0.0
 2.38312350   0.01442591  0.0
 2.38308624   0.01442242  0.0
 2.37501569   0.01362942  0.0
 2.37497655   0.01362538  0.0
 2.37486704   0.01361353  0.0
 2.37482795   0.01360911  0.0
 2.13687500  -0.01450742  0.0
 2.13687500  -0.00443785  0.0
 2.37365451   0.02354002  0.0
 2.37370336   0.02354567  0.0
 2.37374245   0.02355009  0.0
 2.37379133   0.02355550  0.0
 2.37390084   0.02356735  0.0
 2.37394975   0.02357252  0.0
 2.37398888   0.02357656  0.0
 2.37403781   0.02358149  0.0
 2.38210836   0.02437449  0.0
 2.38215492   0.02437896  0.0
 2.38219218   0.02438244  0.0
 2.38223876   0.02438669  0.0
 2.38234313   0.02439596  0.0
 2.38238973   0.02439999  0.0
 2.38242702   0.02440313  0.0
 2.38247365   0.02440694  0.0
 2.62767187   0.04387564  0.0
 2.62772164   0.04387947  0.0
 2.62776146   0.04388243  0.0
 2.62781125   0.04388601  0.0
 2.62792279   0.04389374  0.0
 2.62797260   0.04389707  0.0
 2.62801245   0.04389964  0.0
 2.62806227   0.04390272  0.0
 2.63381404   0.04424401  0.0
 2.63391560   0.04424952  0.0
 2.63399687   0.04425351  0.0
 2.63409847   0.04425799  0.0
 2.63432611   0.04426685  0.0
 2.63442776   0.04427029  0.0
 2.63450909   0.04427263  0.0
 2.63461077   0.04427504  0.0
 2.88277523   0.04888750  0.0
 2.88291623   0.04888913  0.0
 2.88302903   0.04888963  0.0
 2.88317004   0.04888927  0.0
 2.88348584   0.04888623  0.0
 2.88362683   0.04888388  0.0
 2.88373960   0.04888121  0.0
 2.88388055   0.04887687  0.0
 2.88666609   0.04877147  0.0
 2.88686077   0.04876220  0.0
 2.88701642   0.04875327  0.0
 2.88721088   0.04874021  0.0
 2.88764606   0.04870673  0.0
 2.88784023   0.04868988  0.0
 2.88799542   0.04867489  0.0
 2.88818922   0.04865426  0.0
 2.90687909   0.04648063  0.0
 2.88402471   0.05210768  0.0
 2.88391744   0.05213472  0.0
 2.88383175   0.05215682  0.0
 2.88372479   0.05218505  0.0
 2.88348556   0.05224960  0.0
 2.88337892   0.05227900  0.0
 2.88329374   0.05230300  0.0
 2.88318742   0.05233359  0.0
 2.88053837   0.05311160  0.0
 2.63547721   0.12123653  0.0
 2.63546664   0.12123948  0.0
 2.63545819   0.12124183  0.0
 2.63544763   0.12124479  0.0
 2.63542398   0.12125142  0.0
 2.63541343   0.12125438  0.0
 2.63540498   0.12125676  0.0
 2.63539443   0.12125974  0.0
 2.62966550   0.12287944  0.0
 2.38682750   0.19090037  0.0
 2.37877932   0.19313765  0.0
 2.13742995   0.26012533  0.0
 2.13687500   0.26027711  0.0
 2.13687500   0.27064435  0.0
 2.14008620   0.26976611  0.0
 2.38145569   0.20277285  0.0
 2.38951528   0.20053240  0.0
 2.63237443   0.13250554  0.0
 2.63811501   0.13088255  0.0
 2.63812346   0.13088017  0.0
 2.63814711   0.13087354  0.0
 2.63815556   0.13087118  0.0
 2.88328665   0.06272680  0.0
 2.88600534   0.06192834  0.0
 2.88609053   0.06190434  0.0
 2.88632975   0.06183980  0.0
 2.88641544   0.06181769  0.0
 3.06364594   0.01818124  0.0
;;

