# exterior:
# ---------
 1.22374372   0.00997716  0.0
 1.12807999   0.00278093  0.0
 1.12806927   0.00278003  0.0
 1.12425027   0.00242378  0.0
 1.12423925   0.00242265  0.0
 1.00930825  -0.01044272  0.0
 1.00930185  -0.01044348  0.0
 1.00477747  -0.01099923  0.0
 1.00476989  -0.01100021  0.0
 0.89054426  -0.02651133  0.0
 0.89053842  -0.02651215  0.0
 0.88573380  -0.02721278  0.0
 0.88573187  -0.02721306  0.0
 0.77178650  -0.04420619  0.0
 0.77178459  -0.04420648  0.0
 0.76714146  -0.04491423  0.0
 0.76714054  -0.04491437  0.0
 0.65303366  -0.06248937  0.0
 0.65303126  -0.06248974  0.0
 0.64897870  -0.06313074  0.0
 0.63037500  -0.06597255  0.0
 0.63037500  -0.06091456  0.0
 0.64821062  -0.05819008  0.0
 0.65225011  -0.05755114  0.0
 0.65226012  -0.05754957  0.0
 0.65226252  -0.05754919  0.0
 0.65227253  -0.05754764  0.0
 0.76638325  -0.03997205  0.0
 0.76638802  -0.03997132  0.0
 0.77103114  -0.03926357  0.0
 0.77103911  -0.03926236  0.0
 0.77104102  -0.03926207  0.0
 0.77104898  -0.03926088  0.0
 0.88499436  -0.02226775  0.0
 0.88500237  -0.02226657  0.0
 0.88500430  -0.02226628  0.0
 0.88501231  -0.02226511  0.0
 0.88981694  -0.02156448  0.0
 0.88984127  -0.02156099  0.0
 0.88984712  -0.02156017  0.0
 0.88987147  -0.02155680  0.0
 1.00409710  -0.00604568  0.0
 1.00412868  -0.00604149  0.0
 1.00413627  -0.00604051  0.0
 1.00416788  -0.00603653  0.0
 1.00869226  -0.00548078  0.0
 1.00871893  -0.00547757  0.0
 1.00872534  -0.00547682  0.0
 1.00875203  -0.00547376  0.0
 1.12368303   0.00739162  0.0
 1.12372892   0.00739654  0.0
 1.12373994   0.00739767  0.0
 1.12378587   0.00740217  0.0
 1.12760487   0.00775842  0.0
 1.12764952   0.00776238  0.0
 1.12766024   0.00776328  0.0
 1.12770493   0.00776685  0.0
 1.22374372   0.01499128  0.0
 1.22374372   0.00997716  0.0
;;

