# exterior:
# ---------
 0.63050000  -0.06595346  0.0
 0.53428614  -0.08065061  0.0
 0.53122938  -0.08109916  0.0
 0.41554231  -0.09788034  0.0
 0.41385304  -0.09810542  0.0
 0.29680326  -0.11343752  0.0
 0.18002640  -0.12626866  0.0
 0.17807160  -0.12646485  0.0
 0.06344590  -0.13544606  0.0
 0.05934845  -0.13567567  0.0
-0.05308241  -0.13933511  0.0
-0.05937635  -0.13940385  0.0
-0.16967820  -0.13869617  0.0
-0.17810791  -0.13851348  0.0
-0.28640878  -0.13468766  0.0
-0.29684027  -0.13416086  0.0
-0.40336658  -0.12718608  0.0
-0.41557142  -0.12619887  0.0
-0.52069717  -0.11584968  0.0
-0.53429845  -0.11425512  0.0
-0.63050000  -0.10078068  0.0
-0.63050000  -0.09573187  0.0
-0.53366049  -0.10929566  0.0
-0.52016110  -0.11087829  0.0
-0.41512489  -0.12121866  0.0
-0.40300167  -0.12219927  0.0
-0.29655082  -0.12916911  0.0
-0.28619441  -0.12969211  0.0
-0.17796547  -0.13351539  0.0
-0.16960799  -0.13369651  0.0
-0.05938762  -0.13440368  0.0
-0.05319106  -0.13433600  0.0
 0.05912722  -0.13068022  0.0
 0.06311070  -0.13045700  0.0
 0.17762661  -0.12148439  0.0
 0.17950368  -0.12129600  0.0
 0.29620545  -0.10847312  0.0
 0.41319816  -0.09314849  0.0
 0.41485322  -0.09292797  0.0
 0.53050753  -0.07615154  0.0
 0.53354567  -0.07570573  0.0
 0.63050000  -0.06089546  0.0
 0.63050000  -0.06595346  0.0
;;

