# exterior:
# ---------
-0.63050000  -0.10138654  0.0
-0.63874200  -0.10023212  0.0
-0.65312500  -0.09782863  0.0
-0.69813600  -0.08954700  0.0
-0.71250000  -0.08661150  0.0
-0.75803350  -0.07595013  0.0
-0.77187500  -0.07219763  0.0
-0.81896175  -0.05699050  0.0
-0.83125000  -0.05223575  0.0
-0.85032600  -0.04323925  0.0
-0.86093750  -0.03680775  0.0
-0.86348350  -0.03498612  0.0
-0.87042800  -0.02936213  0.0
-0.87281250  -0.02717237  0.0
-0.87875000  -0.02091663  0.0
-0.89062500   0.00000000  0.0
-0.88707200   0.03650138  0.0
-0.88214150   0.04500387  0.0
-0.87875000   0.04980612  0.0
-0.87281250   0.05707838  0.0
-0.87154900   0.05847963  0.0
-0.86093750   0.06906975  0.0
-0.84353825   0.08350263  0.0
-0.83125000   0.09252287  0.0
-0.78571650   0.12097062  0.0
-0.77187500   0.12844237  0.0
-0.72686400   0.14996225  0.0
-0.71250000   0.15615625  0.0
-0.66750800   0.17395925  0.0
-0.65312500   0.17921037  0.0
-0.63050000   0.18633448  0.0
-0.63050000   0.18570544  0.0
-0.65293191   0.17864213  0.0
-0.66729470   0.17339839  0.0
-0.71227078   0.15560169  0.0
-0.72661571   0.14941591  0.0
-0.77160293   0.12790740  0.0
-0.78541473   0.12045168  0.0
-0.83091305   0.09202592  0.0
-0.84316887   0.08302947  0.0
-0.86053319   0.06862557  0.0
-0.87111398   0.05806609  0.0
-0.87235704   0.05668751  0.0
-0.87827198   0.04944289  0.0
-0.88163592   0.04467967  0.0
-0.88648747   0.03631332  0.0
-0.89000941   0.00013099  0.0
-0.87826439  -0.02055670  0.0
-0.87239149  -0.02674438  0.0
-0.87003590  -0.02890759  0.0
-0.86311981  -0.03450858  0.0
-0.86060696  -0.03630649  0.0
-0.85004177  -0.04270992  0.0
-0.83101347  -0.05168392  0.0
-0.81876113  -0.05642478  0.0
-0.77170421  -0.07162227  0.0
-0.75788656  -0.07536830  0.0
-0.71237151  -0.08602536  0.0
-0.69802163  -0.08895797  0.0
-0.65302126  -0.09723764  0.0
-0.63865092  -0.09963902  0.0
-0.63050000  -0.10078068  0.0
-0.63050000  -0.10138654  0.0
;;

