# exterior:
# ---------
 0.63050000  -0.06656042  0.0
 0.53437500  -0.08124400  0.0
 0.53131600  -0.08169287  0.0
 0.41562500  -0.09847462  0.0
 0.41393163  -0.09870025  0.0
 0.29687500  -0.11403325  0.0
 0.18008912  -0.12686538  0.0
 0.17812500  -0.12706250  0.0
 0.06348613  -0.13604475  0.0
 0.05937500  -0.13627512  0.0
-0.05306937  -0.13993500  0.0
-0.05937500  -0.14000387  0.0
-0.16968662  -0.13929612  0.0
-0.17812500  -0.13911325  0.0
-0.28643450  -0.13528713  0.0
-0.29687500  -0.13475988  0.0
-0.40341038  -0.12778450  0.0
-0.41562500  -0.12679650  0.0
-0.52076150  -0.11644625  0.0
-0.53437500  -0.11485025  0.0
-0.63050000  -0.10138654  0.0
-0.63050000  -0.10078068  0.0
-0.53429845  -0.11425512  0.0
-0.52069717  -0.11584968  0.0
-0.41557142  -0.12619887  0.0
-0.40336658  -0.12718608  0.0
-0.29684027  -0.13416086  0.0
-0.28640878  -0.13468766  0.0
-0.17810791  -0.13851348  0.0
-0.16967820  -0.13869617  0.0
-0.05937635  -0.13940385  0.0
-0.05308241  -0.13933511  0.0
 0.05934845  -0.13567567  0.0
 0.06344590  -0.13544606  0.0
 0.17807160  -0.12646485  0.0
 0.18002640  -0.12626866  0.0
 0.29680326  -0.11343752  0.0
 0.41385304  -0.09810542  0.0
 0.41554231  -0.09788034  0.0
 0.53122938  -0.08109916  0.0
 0.53428614  -0.08065061  0.0
 0.63050000  -0.06595346  0.0
 0.63050000  -0.06656042  0.0
;;

