# exterior:
# ---------
 1.29171265   0.01245268  0.0
 1.24686443   0.01166266  0.0
 1.24684154   0.01166182  0.0
 1.24411979   0.01150982  0.0
 1.24410824   0.01150906  0.0
 1.22374372   0.00997716  0.0
 1.22374372   0.01499128  0.0
 1.24373318   0.01649497  0.0
 1.24378130   0.01649836  0.0
 1.24379285   0.01649912  0.0
 1.24384100   0.01650204  0.0
 1.24656275   0.01665404  0.0
 1.24665808   0.01665845  0.0
 1.24668097   0.01665929  0.0
 1.24677637   0.01666188  0.0
 1.29171265   0.01745346  0.0
 1.29171265   0.01245268  0.0
;;

