# exterior:
# ---------
-0.63050000   0.18633448  0.0
-0.54798850   0.21231550  0.0
-0.53437500   0.21602763  0.0
-0.42783963   0.24127387  0.0
-0.41562500   0.24377237  0.0
-0.30731550   0.26282225  0.0
-0.29687500   0.26435412  0.0
-0.18656337   0.27783700  0.0
-0.17812500   0.27866588  0.0
-0.06568062   0.28677412  0.0
-0.05937500   0.28706150  0.0
 0.05526387   0.28868125  0.0
 0.05937500   0.28861000  0.0
 0.17616087   0.28293375  0.0
 0.17812500   0.28279125  0.0
 0.29687500   0.27123687  0.0
 0.41562500   0.25502038  0.0
 0.41731838   0.25476625  0.0
 0.53437500   0.23488987  0.0
 0.53743400   0.23432700  0.0
 0.63050000   0.21590180  0.0
 0.63050000   0.21529015  0.0
 0.53732144   0.23373764  0.0
 0.53427048   0.23429903  0.0
 0.41722362   0.25417375  0.0
 0.41553988   0.25442643  0.0
 0.29680533   0.27064082  0.0
 0.17807423   0.28219336  0.0
 0.17612460   0.28233480  0.0
 0.05935523   0.28801025  0.0
 0.05526291   0.28808118  0.0
-0.05935710   0.28646169  0.0
-0.06564538   0.28617511  0.0
-0.17807409   0.27806799  0.0
-0.18649764   0.27724057  0.0
-0.29679504   0.26375943  0.0
-0.30721996   0.26222984  0.0
-0.41551289   0.24318288  0.0
-0.42771030   0.24068791  0.0
-0.53422686   0.21544611  0.0
-0.54781941   0.21173970  0.0
-0.63050000   0.18570544  0.0
-0.63050000   0.18633448  0.0
;;

