# exterior:
# ---------
 1.48377500   0.00066974  0.0
 1.36569071   0.01368027  0.0
 1.36564661   0.01368349  0.0
 1.36432848   0.01373099  0.0
 1.36429631   0.01373128  0.0
 1.24686443   0.01166266  0.0
 1.24684154   0.01166182  0.0
 1.24411979   0.01150982  0.0
 1.24410824   0.01150906  0.0
 1.12807999   0.00278093  0.0
 1.12806927   0.00278003  0.0
 1.12425027   0.00242378  0.0
 1.12423925   0.00242265  0.0
 1.00930825  -0.01044272  0.0
 1.00930185  -0.01044348  0.0
 1.00477747  -0.01099923  0.0
 1.00476989  -0.01100021  0.0
 0.89054426  -0.02651133  0.0
 0.89053842  -0.02651215  0.0
 0.88573380  -0.02721278  0.0
 0.88573187  -0.02721306  0.0
 0.77178650  -0.04420619  0.0
 0.77178459  -0.04420648  0.0
 0.76714146  -0.04491423  0.0
 0.76714054  -0.04491437  0.0
 0.65303366  -0.06248937  0.0
 0.65303126  -0.06248974  0.0
 0.64897870  -0.06313074  0.0
 0.53428614  -0.08065061  0.0
 0.53122938  -0.08109916  0.0
 0.41554231  -0.09788034  0.0
 0.41385304  -0.09810542  0.0
 0.29680326  -0.11343752  0.0
 0.18002640  -0.12626866  0.0
 0.17807160  -0.12646485  0.0
 0.06344590  -0.13544606  0.0
 0.05934845  -0.13567567  0.0
-0.05308241  -0.13933511  0.0
-0.05937635  -0.13940385  0.0
-0.16967820  -0.13869617  0.0
-0.17810791  -0.13851348  0.0
-0.28640878  -0.13468766  0.0
-0.29684027  -0.13416086  0.0
-0.40336658  -0.12718608  0.0
-0.41557142  -0.12619887  0.0
-0.52069717  -0.11584968  0.0
-0.53429845  -0.11425512  0.0
-0.63865092  -0.09963902  0.0
-0.65302126  -0.09723764  0.0
-0.69802163  -0.08895797  0.0
-0.71237151  -0.08602536  0.0
-0.75788656  -0.07536830  0.0
-0.77170421  -0.07162227  0.0
-0.81876113  -0.05642478  0.0
-0.83101347  -0.05168392  0.0
-0.85004177  -0.04270992  0.0
-0.86060696  -0.03630649  0.0
-0.86311981  -0.03450858  0.0
-0.87003590  -0.02890759  0.0
-0.87239149  -0.02674438  0.0
-0.87826439  -0.02055670  0.0
-0.89000941   0.00013099  0.0
-0.88648747   0.03631332  0.0
-0.88163592   0.04467967  0.0
-0.87827198   0.04944289  0.0
-0.87235704   0.05668751  0.0
-0.87111398   0.05806609  0.0
-0.86053319   0.06862557  0.0
-0.84316887   0.08302947  0.0
-0.83091305   0.09202592  0.0
-0.78541473   0.12045168  0.0
-0.77160293   0.12790740  0.0
-0.72661571   0.14941591  0.0
-0.71227078   0.15560169  0.0
-0.66729470   0.17339839  0.0
-0.65293191   0.17864213  0.0
-0.54781941   0.21173970  0.0
-0.53422686   0.21544611  0.0
-0.42771030   0.24068791  0.0
-0.41551289   0.24318288  0.0
-0.30721996   0.26222984  0.0
-0.29679504   0.26375943  0.0
-0.18649764   0.27724057  0.0
-0.17807409   0.27806799  0.0
-0.06564538   0.28617511  0.0
-0.05935710   0.28646169  0.0
 0.05526291   0.28808118  0.0
 0.05935523   0.28801025  0.0
 0.17612460   0.28233480  0.0
 0.17807423   0.28219336  0.0
 0.29680533   0.27064082  0.0
 0.41553988   0.25442643  0.0
 0.41722362   0.25417375  0.0
 0.53427048   0.23429903  0.0
 0.53732144   0.23373764  0.0
 0.65300433   0.21083474  0.0
 0.65705178   0.20997404  0.0
 0.77174205   0.18454378  0.0
 0.77637978   0.18346441  0.0
 0.89048295   0.15594381  0.0
 0.89528371   0.15476201  0.0
 1.00922549   0.12567630  0.0
 1.01374778   0.12450359  0.0
 1.12797222   0.09446965  0.0
 1.13179057   0.09346282  0.0
 1.24672043   0.06296575  0.0
 1.24944149   0.06223681  0.0
 1.24944394   0.06223616  0.0
 1.36546837   0.03167804  0.0
 1.36678270   0.03131334  0.0
 1.36680801   0.03130691  0.0
 1.48377500   0.00427286  0.0
 1.48377500   0.00066974  0.0
;;

# interior:
# ---------
 1.42954439   0.01167513  0.0
 1.36568207   0.02643534  0.0
 1.36557631   0.02646099  0.0
 1.36555100   0.02646743  0.0
 1.36544582   0.02649538  0.0
 1.36416315   0.02685129  0.0
 1.24817048   0.05740105  0.0
 1.24816029   0.05740374  0.0
 1.24815785   0.05740439  0.0
 1.24814767   0.05740711  0.0
 1.24543232   0.05813452  0.0
 1.13051195   0.08862907  0.0
 1.12669907   0.08963446  0.0
 1.01248450   0.11966580  0.0
 1.00797961   0.12083400  0.0
 0.89406776   0.14991207  0.0
 0.88929919   0.15108594  0.0
 0.77522690   0.17859910  0.0
 0.77063414   0.17966800  0.0
 0.65599057   0.20508790  0.0
 0.65199875   0.20593678  0.0
 0.53638345   0.22882629  0.0
 0.53339951   0.22937536  0.0
 0.41643402   0.24923626  0.0
 0.41483057   0.24947689  0.0
 0.29622475   0.26567370  0.0
 0.17765116   0.27721091  0.0
 0.17582228   0.27734360  0.0
 0.05919050   0.28301236  0.0
 0.05525491   0.28308056  0.0
-0.05920793   0.28146330  0.0
-0.06535171   0.28118330  0.0
-0.17764982   0.27308560  0.0
-0.18594987   0.27227031  0.0
-0.29612871   0.25880367  0.0
-0.30642381   0.25729312  0.0
-0.41457865   0.23827045  0.0
-0.42663257   0.23580483  0.0
-0.53299235   0.21060019  0.0
-0.54641034   0.20694137  0.0
-0.65132287   0.17390677  0.0
-0.66551716   0.16872454  0.0
-0.71036057   0.15098034  0.0
-0.72454666   0.14486306  0.0
-0.76933568   0.12344931  0.0
-0.78290002   0.11612717  0.0
-0.82810513   0.08788459  0.0
-0.84009070   0.07908653  0.0
-0.85716398   0.06492404  0.0
-0.86748881   0.05462001  0.0
-0.86856156   0.05343031  0.0
-0.87428852   0.04641592  0.0
-0.87742274   0.04197798  0.0
-0.88161638   0.03474617  0.0
-0.88487953   0.00122256  0.0
-0.87421761  -0.01755734  0.0
-0.86888310  -0.02317778  0.0
-0.86676840  -0.02511977  0.0
-0.86008902  -0.03052906  0.0
-0.85785246  -0.03212928  0.0
-0.84767316  -0.03829884  0.0
-0.82904241  -0.04708535  0.0
-0.81708930  -0.05171042  0.0
-0.77028093  -0.06682764  0.0
-0.75666210  -0.07051977  0.0
-0.71130079  -0.08114083  0.0
-0.69706859  -0.08404939  0.0
-0.65215676  -0.09231277  0.0
-0.63789196  -0.09469652  0.0
-0.53366049  -0.10929566  0.0
-0.52016110  -0.11087829  0.0
-0.41512489  -0.12121866  0.0
-0.40300167  -0.12219927  0.0
-0.29655082  -0.12916911  0.0
-0.28619441  -0.12969211  0.0
-0.17796547  -0.13351539  0.0
-0.16960799  -0.13369651  0.0
-0.05938762  -0.13440368  0.0
-0.05319106  -0.13433600  0.0
 0.05912722  -0.13068022  0.0
 0.06311070  -0.13045700  0.0
 0.17762661  -0.12148439  0.0
 0.17950368  -0.12129600  0.0
 0.29620545  -0.10847312  0.0
 0.41319816  -0.09314849  0.0
 0.41485322  -0.09292797  0.0
 0.53050753  -0.07615154  0.0
 0.53354567  -0.07570573  0.0
 0.64821062  -0.05819008  0.0
 0.65225011  -0.05755114  0.0
 0.65226012  -0.05754957  0.0
 0.65226252  -0.05754919  0.0
 0.65227253  -0.05754764  0.0
 0.76638325  -0.03997205  0.0
 0.76638802  -0.03997132  0.0
 0.77103114  -0.03926357  0.0
 0.77103911  -0.03926236  0.0
 0.77104102  -0.03926207  0.0
 0.77104898  -0.03926088  0.0
 0.88499436  -0.02226775  0.0
 0.88500237  -0.02226657  0.0
 0.88500430  -0.02226628  0.0
 0.88501231  -0.02226511  0.0
 0.88981694  -0.02156448  0.0
 0.88984127  -0.02156099  0.0
 0.88984712  -0.02156017  0.0
 0.88987147  -0.02155680  0.0
 1.00409710  -0.00604568  0.0
 1.00412868  -0.00604149  0.0
 1.00413627  -0.00604051  0.0
 1.00416788  -0.00603653  0.0
 1.00869226  -0.00548078  0.0
 1.00871893  -0.00547757  0.0
 1.00872534  -0.00547682  0.0
 1.00875203  -0.00547376  0.0
 1.12368303   0.00739162  0.0
 1.12372892   0.00739654  0.0
 1.12373994   0.00739767  0.0
 1.12378587   0.00740217  0.0
 1.12760487   0.00775842  0.0
 1.12764952   0.00776238  0.0
 1.12766024   0.00776328  0.0
 1.12770493   0.00776685  0.0
 1.24373318   0.01649497  0.0
 1.24378130   0.01649836  0.0
 1.24379285   0.01649912  0.0
 1.24384100   0.01650204  0.0
 1.24656275   0.01665404  0.0
 1.24665808   0.01665845  0.0
 1.24668097   0.01665929  0.0
 1.24677637   0.01666188  0.0
 1.36420824   0.01873051  0.0
 1.36434232   0.01873107  0.0
 1.36437450   0.01873077  0.0
 1.36450855   0.01872774  0.0
 1.36582667   0.01868024  0.0
 1.36601068   0.01867021  0.0
 1.36605478   0.01866699  0.0
 1.36623830   0.01865019  0.0
 1.42954439   0.01167513  0.0
;;

