# exterior:
# ---------
-0.63050000   0.17522141  0.0
-0.54500127   0.20214304  0.0
-0.53175785   0.20575426  0.0
-0.42555483   0.23092175  0.0
-0.41364441   0.23335802  0.0
-0.30562767   0.25235641  0.0
-0.29546239   0.25384790  0.0
-0.18540209   0.26730005  0.0
-0.17722555   0.26810321  0.0
-0.06505803   0.27619150  0.0
-0.05905875   0.27646491  0.0
 0.05524691   0.27807995  0.0
 0.05902578   0.27801446  0.0
 0.17551997   0.27235239  0.0
 0.17722808   0.27222846  0.0
 0.29564416   0.26070658  0.0
 0.41412126   0.24452734  0.0
 0.41564441   0.24429877  0.0
 0.53252853   0.22445168  0.0
 0.53544546   0.22391495  0.0
 0.63037500   0.20512080  0.0
 0.63037500   0.20499495  0.0
 0.62537500   0.20095073  0.0
 0.62537500   0.20101365  0.0
 0.53450747   0.21900360  0.0
 0.53165756   0.21952800  0.0
 0.41485480   0.23936127  0.0
 0.41341195   0.23957780  0.0
 0.29506358   0.25573946  0.0
 0.17680501   0.26724601  0.0
 0.17521766   0.26736118  0.0
 0.05886105   0.27301656  0.0
 0.05523890   0.27307934  0.0
-0.05890958   0.27146652  0.0
-0.06476436   0.27119969  0.0
-0.17680128   0.26312082  0.0
-0.18485432   0.26232980  0.0
-0.29479606   0.24889213  0.0
-0.30483152   0.24741969  0.0
-0.41271017   0.22844559  0.0
-0.42447710   0.22603867  0.0
-0.53052334   0.20090833  0.0
-0.54359220   0.19734472  0.0
-0.62899830   0.17045225  0.0
-0.63050000   0.16997940  0.0
-0.63050000   0.17522141  0.0
;;

