# exterior:
# ---------
-0.62899830   0.17045225  0.0
-0.54359220   0.19734472  0.0
-0.53052334   0.20090833  0.0
-0.42447710   0.22603867  0.0
-0.41271017   0.22844559  0.0
-0.30483152   0.24741969  0.0
-0.29479606   0.24889213  0.0
-0.18485432   0.26232980  0.0
-0.17680128   0.26312082  0.0
-0.06476436   0.27119969  0.0
-0.05890958   0.27146652  0.0
 0.05523890   0.27307934  0.0
 0.05886105   0.27301656  0.0
 0.17521766   0.26736118  0.0
 0.17680501   0.26724601  0.0
 0.29506358   0.25573946  0.0
 0.41341195   0.23957780  0.0
 0.41485480   0.23936127  0.0
 0.53165756   0.21952800  0.0
 0.53450747   0.21900360  0.0
 0.62537500   0.20101365  0.0
 0.62537500   0.20095073  0.0
 0.62037500   0.19690650  0.0
 0.53356949   0.21409226  0.0
 0.53078659   0.21460433  0.0
 0.41406520   0.23442378  0.0
 0.41270263   0.23462826  0.0
 0.29448299   0.25077233  0.0
 0.17638194   0.26226357  0.0
 0.17491535   0.26236997  0.0
 0.05869632   0.26801867  0.0
 0.05523090   0.26807873  0.0
-0.05876040   0.26646813  0.0
-0.06447068   0.26620789  0.0
-0.17637702   0.25813843  0.0
-0.18430655   0.25735954  0.0
-0.29412973   0.24393636  0.0
-0.30403537   0.24248297  0.0
-0.41177592   0.22353316  0.0
-0.42339937   0.22115559  0.0
-0.52928883   0.19606240  0.0
-0.54218314   0.19254639  0.0
-0.62749660   0.16568309  0.0
-0.63050000   0.16473739  0.0
-0.63050000   0.16997940  0.0
-0.62899830   0.17045225  0.0
;;

