# exterior:
# ---------
 0.62550000  -0.05154324  0.0
 0.53206471  -0.06581595  0.0
 0.52906384  -0.06625630  0.0
 0.41347504  -0.08302322  0.0
 0.41188840  -0.08323463  0.0
 0.29500983  -0.09854430  0.0
 0.17845826  -0.11135068  0.0
 0.17673664  -0.11152347  0.0
 0.06244031  -0.12047888  0.0
 0.05868476  -0.12068933  0.0
-0.05340835  -0.12433777  0.0
-0.05941015  -0.12440333  0.0
-0.16946757  -0.12369721  0.0
-0.17768061  -0.12351922  0.0
-0.28576569  -0.11970102  0.0
-0.29597194  -0.11918560  0.0
-0.40227183  -0.11222564  0.0
-0.41423185  -0.11125824  0.0
-0.51908895  -0.10093549  0.0
-0.53238458  -0.09937676  0.0
-0.62980645  -0.08573140  0.0
-0.63050000  -0.08563426  0.0
-0.63050000  -0.08058545  0.0
-0.62911289  -0.08077974  0.0
-0.53174663  -0.09441731  0.0
-0.51855287  -0.09596410  0.0
-0.41378533  -0.10627803  0.0
-0.40190692  -0.10723883  0.0
-0.29568249  -0.11419385  0.0
-0.28555133  -0.11470547  0.0
-0.17753818  -0.11852113  0.0
-0.16939736  -0.11869756  0.0
-0.05942142  -0.11940315  0.0
-0.05351700  -0.11933866  0.0
 0.05846353  -0.11569388  0.0
 0.06210511  -0.11548982  0.0
 0.17629165  -0.10654301  0.0
 0.17793554  -0.10637803  0.0
 0.29441202  -0.09357990  0.0
 0.41123353  -0.07827769  0.0
 0.41278595  -0.07807085  0.0
 0.52834199  -0.06130868  0.0
 0.53132424  -0.06087106  0.0
 0.62050000  -0.04724902  0.0
 0.62550000  -0.05154324  0.0
;;

