# exterior:
# ---------
 0.62773396   0.19175677  0.0
 0.62814612   0.19151010  0.0
 0.62859014   0.19130050  0.0
 0.62905256   0.19113546  0.0
 0.62952895   0.19101657  0.0
 0.64817753   0.18732452  0.0
 0.65195798   0.18652059  0.0
 0.76642410   0.16114004  0.0
 0.77084594   0.16011091  0.0
 0.88480092   0.13262605  0.0
 0.88944717   0.13148229  0.0
 1.00324525   0.10243326  0.0
 1.00768405   0.10128220  0.0
 1.12186109   0.07126073  0.0
 1.12565323   0.07026081  0.0
 1.22374372   0.04423213  0.0
 1.22374372   0.03905909  0.0
 1.12437462   0.06542706  0.0
 1.12058793   0.06642554  0.0
 1.00642077   0.09644441  0.0
 1.00199937   0.09759096  0.0
 0.88823122   0.12663235  0.0
 0.88361716   0.12776819  0.0
 0.76969306   0.15524560  0.0
 0.76531619   0.15626426  0.0
 0.65089678   0.18163446  0.0
 0.64717195   0.18242656  0.0
 0.62855790   0.18611177  0.0
 0.62831824   0.18616536  0.0
 0.62784186   0.18628425  0.0
 0.62737188   0.18642639  0.0
 0.62690946   0.18659143  0.0
 0.62645569   0.18677898  0.0
 0.62601168   0.18698858  0.0
 0.62557850   0.18721973  0.0
 0.62515719   0.18747187  0.0
 0.62497068   0.18759632  0.0
 0.62773396   0.19175677  0.0
;;

