# exterior:
# ---------
 1.29171265   0.03145563  0.0
 1.24652979   0.03065971  0.0
 1.24643438   0.03065757  0.0
 1.24635806   0.03065550  0.0
 1.24626267   0.03065245  0.0
 1.24604905   0.03064461  0.0
 1.24595369   0.03064065  0.0
 1.24587743   0.03063712  0.0
 1.24578211   0.03063226  0.0
 1.24306036   0.03048026  0.0
 1.24301221   0.03047745  0.0
 1.24297369   0.03047511  0.0
 1.24292555   0.03047208  0.0
 1.24281774   0.03046501  0.0
 1.24276961   0.03046174  0.0
 1.24273112   0.03045903  0.0
 1.24268301   0.03045553  0.0
 1.22374372   0.02903084  0.0
 1.22374372   0.03404496  0.0
 1.24230795   0.03544144  0.0
 1.24231998   0.03544233  0.0
 1.24236808   0.03544583  0.0
 1.24238011   0.03544670  0.0
 1.24241861   0.03544940  0.0
 1.24243064   0.03545024  0.0
 1.24247876   0.03545351  0.0
 1.24249079   0.03545431  0.0
 1.24259861   0.03546137  0.0
 1.24261064   0.03546215  0.0
 1.24265878   0.03546519  0.0
 1.24267082   0.03546593  0.0
 1.24270933   0.03546827  0.0
 1.24272137   0.03546899  0.0
 1.24276953   0.03547179  0.0
 1.24278157   0.03547248  0.0
 1.24550332   0.03562448  0.0
 1.24552714   0.03562575  0.0
 1.24562245   0.03563062  0.0
 1.24564628   0.03563178  0.0
 1.24572255   0.03563531  0.0
 1.24574639   0.03563635  0.0
 1.24584174   0.03564031  0.0
 1.24586558   0.03564124  0.0
 1.24607920   0.03564909  0.0
 1.24610305   0.03564991  0.0
 1.24619844   0.03565295  0.0
 1.24622229   0.03565366  0.0
 1.24629861   0.03565573  0.0
 1.24632246   0.03565632  0.0
 1.24641787   0.03565846  0.0
 1.24644173   0.03565893  0.0
 1.25551489   0.03581876  0.0
 1.29171265   0.03145563  0.0
;;

