# exterior:
# ---------
 1.22374372   0.02903084  0.0
 1.12665476   0.02172740  0.0
 1.12661007   0.02172394  0.0
 1.12657432   0.02172109  0.0
 1.12652964   0.02171743  0.0
 1.12642958   0.02170900  0.0
 1.12638491   0.02170513  0.0
 1.12634919   0.02170196  0.0
 1.12630455   0.02169790  0.0
 1.12248555   0.02134165  0.0
 1.12243960   0.02133726  0.0
 1.12240285   0.02133366  0.0
 1.12235693   0.02132905  0.0
 1.12225409   0.02131850  0.0
 1.12220819   0.02131368  0.0
 1.12217147   0.02130975  0.0
 1.12212559   0.02130472  0.0
 1.00719459   0.00843934  0.0
 1.00716790   0.00843632  0.0
 1.00714655   0.00843387  0.0
 1.00711986   0.00843077  0.0
 1.00706009   0.00842376  0.0
 1.00703341   0.00842059  0.0
 1.00701207   0.00841803  0.0
 1.00698540   0.00841479  0.0
 1.00246103   0.00785904  0.0
 1.00242941   0.00785510  0.0
 1.00240411   0.00785191  0.0
 1.00237251   0.00784788  0.0
 1.00230172   0.00783872  0.0
 1.00227012   0.00783459  0.0
 1.00224485   0.00783124  0.0
 1.00221327   0.00782700  0.0
 0.88798765  -0.00768412  0.0
 0.88796329  -0.00768746  0.0
 0.88794381  -0.00769016  0.0
 0.88791946  -0.00769356  0.0
 0.88786492  -0.00770123  0.0
 0.88784058  -0.00770469  0.0
 0.88782111  -0.00770748  0.0
 0.88779678  -0.00771100  0.0
 0.88299216  -0.00841163  0.0
 0.88297773  -0.00841374  0.0
 0.88295176  -0.00841756  0.0
 0.88293734  -0.00841970  0.0
 0.76898395  -0.02541402  0.0
 0.76896961  -0.02541616  0.0
 0.76894380  -0.02542005  0.0
 0.76892946  -0.02542222  0.0
 0.76427837  -0.02613118  0.0
 0.76426000  -0.02613399  0.0
 0.65014135  -0.04371080  0.0
 0.65013134  -0.04371235  0.0
 0.65012333  -0.04371359  0.0
 0.65011332  -0.04371515  0.0
 0.65009091  -0.04371865  0.0
 0.65008090  -0.04372021  0.0
 0.65007290  -0.04372147  0.0
 0.65006289  -0.04372305  0.0
 0.64605997  -0.04435620  0.0
 0.63037500  -0.04675216  0.0
 0.62662487  -0.04344931  0.0
 0.62693105  -0.04312735  0.0
 0.62731556  -0.04279744  0.0
 0.62773148  -0.04250813  0.0
 0.62817454  -0.04226239  0.0
 0.62864020  -0.04206276  0.0
 0.62912367  -0.04191127  0.0
 0.62961998  -0.04180949  0.0
 0.64529188  -0.03941553  0.0
 0.64928174  -0.03878445  0.0
 0.64929425  -0.03878247  0.0
 0.64930475  -0.03878082  0.0
 0.64931726  -0.03877886  0.0
 0.64934218  -0.03877497  0.0
 0.64935469  -0.03877303  0.0
 0.64936520  -0.03877140  0.0
 0.64937771  -0.03876946  0.0
 0.76349886  -0.02119227  0.0
 0.76350382  -0.02119151  0.0
 0.76352219  -0.02118869  0.0
 0.76817602  -0.02047932  0.0
 0.76818110  -0.02047854  0.0
 0.76819544  -0.02047637  0.0
 0.76822474  -0.02047196  0.0
 0.76824356  -0.02046914  0.0
 0.88219982  -0.00347439  0.0
 0.88220494  -0.00347363  0.0
 0.88221937  -0.00347149  0.0
 0.88224885  -0.00346715  0.0
 0.88226778  -0.00346438  0.0
 0.88707530  -0.00276333  0.0
 0.88708138  -0.00276244  0.0
 0.88710571  -0.00275893  0.0
 0.88711179  -0.00275805  0.0
 0.88713126  -0.00275526  0.0
 0.88713735  -0.00275439  0.0
 0.88716169  -0.00275093  0.0
 0.88716778  -0.00275007  0.0
 0.88722231  -0.00274240  0.0
 0.88722840  -0.00274154  0.0
 0.88725275  -0.00273814  0.0
 0.88725883  -0.00273730  0.0
 0.88727832  -0.00273460  0.0
 0.88728441  -0.00273377  0.0
 0.88730876  -0.00273043  0.0
 0.88731485  -0.00272960  0.0
 1.00154048   0.01278153  0.0
 1.00154837   0.01278259  0.0
 1.00157995   0.01278683  0.0
 1.00158785   0.01278788  0.0
 1.00161312   0.01279123  0.0
 1.00162102   0.01279227  0.0
 1.00165261   0.01279641  0.0
 1.00166051   0.01279744  0.0
 1.00173130   0.01280659  0.0
 1.00173920   0.01280761  0.0
 1.00177081   0.01281164  0.0
 1.00177871   0.01281265  0.0
 1.00180400   0.01281583  0.0
 1.00181191   0.01281682  0.0
 1.00184353   0.01282076  0.0
 1.00185143   0.01282174  0.0
 1.00637581   0.01337749  0.0
 1.00638248   0.01337830  0.0
 1.00640915   0.01338154  0.0
 1.00641581   0.01338235  0.0
 1.00643715   0.01338491  0.0
 1.00644382   0.01338571  0.0
 1.00647050   0.01338887  0.0
 1.00647717   0.01338966  0.0
 1.00653694   0.01339668  0.0
 1.00654361   0.01339746  0.0
 1.00657030   0.01340055  0.0
 1.00657697   0.01340132  0.0
 1.00659833   0.01340377  0.0
 1.00660500   0.01340453  0.0
 1.00663169   0.01340756  0.0
 1.00663837   0.01340831  0.0
 1.12156937   0.02627368  0.0
 1.12158084   0.02627495  0.0
 1.12162672   0.02627998  0.0
 1.12163819   0.02628123  0.0
 1.12167490   0.02628516  0.0
 1.12168637   0.02628638  0.0
 1.12173228   0.02629120  0.0
 1.12174375   0.02629239  0.0
 1.12184660   0.02630294  0.0
 1.12185807   0.02630411  0.0
 1.12190400   0.02630871  0.0
 1.12191548   0.02630985  0.0
 1.12195223   0.02631345  0.0
 1.12196371   0.02631456  0.0
 1.12200966   0.02631895  0.0
 1.12202114   0.02632004  0.0
 1.12584014   0.02667629  0.0
 1.12585130   0.02667731  0.0
 1.12589595   0.02668138  0.0
 1.12590711   0.02668238  0.0
 1.12594283   0.02668555  0.0
 1.12595400   0.02668653  0.0
 1.12599866   0.02669039  0.0
 1.12600983   0.02669135  0.0
 1.12610989   0.02669978  0.0
 1.12612106   0.02670071  0.0
 1.12616574   0.02670437  0.0
 1.12617691   0.02670527  0.0
 1.12621266   0.02670812  0.0
 1.12622383   0.02670900  0.0
 1.12626853   0.02671246  0.0
 1.12627970   0.02671332  0.0
 1.22374372   0.03404496  0.0
 1.22374372   0.02903084  0.0
;;

