# exterior:
# ---------
-0.63050000  -0.08563426  0.0
-0.63637404  -0.08481152  0.0
-0.65042777  -0.08246304  0.0
-0.69516251  -0.07423224  0.0
-0.70915933  -0.07137178  0.0
-0.75421318  -0.06082271  0.0
-0.76743436  -0.05723838  0.0
-0.81374564  -0.04228170  0.0
-0.82510028  -0.03788820  0.0
-0.84293593  -0.02947667  0.0
-0.85234346  -0.02377488  0.0
-0.85402745  -0.02257001  0.0
-0.86023339  -0.01754413  0.0
-0.86186632  -0.01604457  0.0
-0.86612407  -0.01155861  0.0
-0.87461976   0.00340571  0.0
-0.87187421   0.03161187  0.0
-0.86899638   0.03657460  0.0
-0.86632160   0.04036199  0.0
-0.86097061   0.04691590  0.0
-0.86023848   0.04772784  0.0
-0.85042556   0.05752099  0.0
-0.83393435   0.07120064  0.0
-0.82248929   0.07960194  0.0
-0.77787059   0.10747815  0.0
-0.76480117   0.11453313  0.0
-0.72040855   0.13575736  0.0
-0.70654016   0.14173764  0.0
-0.66196210   0.15937685  0.0
-0.64810479   0.16443605  0.0
-0.63050000   0.16997940  0.0
-0.63050000   0.16473739  0.0
-0.64649574   0.15970069  0.0
-0.66018456   0.15470300  0.0
-0.70462996   0.13711629  0.0
-0.71833949   0.13120451  0.0
-0.76253391   0.11007504  0.0
-0.77535588   0.10315364  0.0
-0.81968138   0.07546061  0.0
-0.83085618   0.06725769  0.0
-0.84705635   0.05381947  0.0
-0.85661332   0.04428175  0.0
-0.85717513   0.04365869  0.0
-0.86233814   0.03733503  0.0
-0.86478320   0.03387290  0.0
-0.86700312   0.03004472  0.0
-0.86948988   0.00449729  0.0
-0.86207729  -0.00855924  0.0
-0.85835792  -0.01247797  0.0
-0.85696589  -0.01375631  0.0
-0.85099667  -0.01859049  0.0
-0.84958897  -0.01959767  0.0
-0.84056732  -0.02506558  0.0
-0.82312922  -0.03328963  0.0
-0.81207382  -0.03756735  0.0
-0.76601108  -0.05244375  0.0
-0.75298871  -0.05597418  0.0
-0.70808861  -0.06648725  0.0
-0.69420946  -0.06932367  0.0
-0.64956328  -0.07753817  0.0
-0.63561507  -0.07986901  0.0
-0.63050000  -0.08058545  0.0
-0.63050000  -0.08563426  0.0
;;

