# exterior:
# ---------
-0.62899830   0.17045225  0.0
-0.54359220   0.19734472  0.0
-0.53052334   0.20090833  0.0
-0.42447710   0.22603867  0.0
-0.41271017   0.22844559  0.0
-0.30483152   0.24741969  0.0
-0.29479606   0.24889213  0.0
-0.18485432   0.26232980  0.0
-0.17680128   0.26312082  0.0
-0.06476436   0.27119969  0.0
-0.05890958   0.27146652  0.0
 0.05523890   0.27307934  0.0
 0.05886105   0.27301656  0.0
 0.17521766   0.26736118  0.0
 0.17680501   0.26724601  0.0
 0.29506358   0.25573946  0.0
 0.41341195   0.23957780  0.0
 0.41485480   0.23936127  0.0
 0.53165756   0.21952800  0.0
 0.53450747   0.21900360  0.0
 0.62537500   0.20101365  0.0
 0.62537500   0.19594611  0.0
 0.62539911   0.19545571  0.0
 0.62547120   0.19497003  0.0
 0.62559058   0.19449377  0.0
 0.62575609   0.19403151  0.0
 0.62596615   0.19358772  0.0
 0.62621872   0.19316667  0.0
 0.62651137   0.19277242  0.0
 0.62684128   0.19240877  0.0
 0.62720526   0.19207923  0.0
 0.62759981   0.19178699  0.0
 0.62802112   0.19153485  0.0
 0.62846514   0.19132525  0.0
 0.62892756   0.19116021  0.0
 0.62940395   0.19104132  0.0
 0.64817753   0.18732452  0.0
 0.65195798   0.18652059  0.0
 0.76642410   0.16114004  0.0
 0.77084594   0.16011091  0.0
 0.88480092   0.13262605  0.0
 0.88944717   0.13148229  0.0
 1.00324525   0.10243326  0.0
 1.00768405   0.10128220  0.0
 1.12186109   0.07126073  0.0
 1.12565323   0.07026081  0.0
 1.24053752   0.03977583  0.0
 1.24323370   0.03905356  0.0
 1.24324642   0.03905016  0.0
 1.24325711   0.03904731  0.0
 1.24326983   0.03904392  0.0
 1.24329519   0.03903718  0.0
 1.24330792   0.03903381  0.0
 1.24331862   0.03903098  0.0
 1.24333135   0.03902762  0.0
 1.25551489   0.03581876  0.0
 1.24644173   0.03565893  0.0
 1.24641787   0.03565846  0.0
 1.24632246   0.03565632  0.0
 1.24629861   0.03565573  0.0
 1.24622229   0.03565366  0.0
 1.24619844   0.03565295  0.0
 1.24610305   0.03564991  0.0
 1.24607920   0.03564909  0.0
 1.24586558   0.03564124  0.0
 1.24584174   0.03564031  0.0
 1.24574639   0.03563635  0.0
 1.24572255   0.03563531  0.0
 1.24564628   0.03563178  0.0
 1.24562245   0.03563062  0.0
 1.24552714   0.03562575  0.0
 1.24550332   0.03562448  0.0
 1.24278157   0.03547248  0.0
 1.24276953   0.03547179  0.0
 1.24272137   0.03546899  0.0
 1.24270933   0.03546827  0.0
 1.24267082   0.03546593  0.0
 1.24265878   0.03546519  0.0
 1.24261064   0.03546215  0.0
 1.24259861   0.03546137  0.0
 1.24249079   0.03545431  0.0
 1.24247876   0.03545351  0.0
 1.24243064   0.03545024  0.0
 1.24241861   0.03544940  0.0
 1.24238011   0.03544670  0.0
 1.24236808   0.03544583  0.0
 1.24231998   0.03544233  0.0
 1.24230795   0.03544144  0.0
 1.12627970   0.02671332  0.0
 1.12626853   0.02671246  0.0
 1.12622383   0.02670900  0.0
 1.12621266   0.02670812  0.0
 1.12617691   0.02670527  0.0
 1.12616574   0.02670437  0.0
 1.12612106   0.02670071  0.0
 1.12610989   0.02669978  0.0
 1.12600983   0.02669135  0.0
 1.12599866   0.02669039  0.0
 1.12595400   0.02668653  0.0
 1.12594283   0.02668555  0.0
 1.12590711   0.02668238  0.0
 1.12589595   0.02668138  0.0
 1.12585130   0.02667731  0.0
 1.12584014   0.02667629  0.0
 1.12202114   0.02632004  0.0
 1.12200966   0.02631895  0.0
 1.12196371   0.02631456  0.0
 1.12195223   0.02631345  0.0
 1.12191548   0.02630985  0.0
 1.12190400   0.02630871  0.0
 1.12185807   0.02630411  0.0
 1.12184660   0.02630294  0.0
 1.12174375   0.02629239  0.0
 1.12173228   0.02629120  0.0
 1.12168637   0.02628638  0.0
 1.12167490   0.02628516  0.0
 1.12163819   0.02628123  0.0
 1.12162672   0.02627998  0.0
 1.12158084   0.02627495  0.0
 1.12156937   0.02627368  0.0
 1.00663837   0.01340831  0.0
 1.00663169   0.01340756  0.0
 1.00660500   0.01340453  0.0
 1.00659833   0.01340377  0.0
 1.00657697   0.01340132  0.0
 1.00657030   0.01340055  0.0
 1.00654361   0.01339746  0.0
 1.00653694   0.01339668  0.0
 1.00647717   0.01338966  0.0
 1.00647050   0.01338887  0.0
 1.00644382   0.01338571  0.0
 1.00643715   0.01338491  0.0
 1.00641581   0.01338235  0.0
 1.00640915   0.01338154  0.0
 1.00638248   0.01337830  0.0
 1.00637581   0.01337749  0.0
 1.00185143   0.01282174  0.0
 1.00184353   0.01282076  0.0
 1.00181191   0.01281682  0.0
 1.00180400   0.01281583  0.0
 1.00177871   0.01281265  0.0
 1.00177081   0.01281164  0.0
 1.00173920   0.01280761  0.0
 1.00173130   0.01280659  0.0
 1.00166051   0.01279744  0.0
 1.00165261   0.01279641  0.0
 1.00162102   0.01279227  0.0
 1.00161312   0.01279123  0.0
 1.00158785   0.01278788  0.0
 1.00157995   0.01278683  0.0
 1.00154837   0.01278259  0.0
 1.00154048   0.01278153  0.0
 0.88731485  -0.00272960  0.0
 0.88730876  -0.00273043  0.0
 0.88728441  -0.00273377  0.0
 0.88727832  -0.00273460  0.0
 0.88725883  -0.00273730  0.0
 0.88725275  -0.00273814  0.0
 0.88722840  -0.00274154  0.0
 0.88722231  -0.00274240  0.0
 0.88716778  -0.00275007  0.0
 0.88716169  -0.00275093  0.0
 0.88713735  -0.00275439  0.0
 0.88713126  -0.00275526  0.0
 0.88711179  -0.00275805  0.0
 0.88710571  -0.00275893  0.0
 0.88708138  -0.00276244  0.0
 0.88707530  -0.00276333  0.0
 0.88226778  -0.00346438  0.0
 0.88224885  -0.00346715  0.0
 0.88221937  -0.00347149  0.0
 0.88220494  -0.00347363  0.0
 0.88219982  -0.00347439  0.0
 0.76824356  -0.02046914  0.0
 0.76822474  -0.02047196  0.0
 0.76819544  -0.02047637  0.0
 0.76818110  -0.02047854  0.0
 0.76817602  -0.02047932  0.0
 0.76352219  -0.02118869  0.0
 0.76350382  -0.02119151  0.0
 0.76349886  -0.02119227  0.0
 0.64937771  -0.03876946  0.0
 0.64936520  -0.03877140  0.0
 0.64935469  -0.03877303  0.0
 0.64934218  -0.03877497  0.0
 0.64931726  -0.03877886  0.0
 0.64930475  -0.03878082  0.0
 0.64929425  -0.03878247  0.0
 0.64928174  -0.03878445  0.0
 0.64529188  -0.03941553  0.0
 0.62961998  -0.04180949  0.0
 0.62912367  -0.04191127  0.0
 0.62864020  -0.04206276  0.0
 0.62817454  -0.04226239  0.0
 0.62773148  -0.04250813  0.0
 0.62731556  -0.04279744  0.0
 0.62693105  -0.04312735  0.0
 0.62658191  -0.04349448  0.0
 0.62627171  -0.04389506  0.0
 0.62600364  -0.04432498  0.0
 0.62578045  -0.04477982  0.0
 0.62560444  -0.04525490  0.0
 0.62547741  -0.04574537  0.0
 0.62540067  -0.04624616  0.0
 0.62537500  -0.04675216  0.0
 0.62537500  -0.05156233  0.0
 0.53206471  -0.06581595  0.0
 0.52906384  -0.06625630  0.0
 0.41347504  -0.08302322  0.0
 0.41188840  -0.08323463  0.0
 0.29500983  -0.09854430  0.0
 0.17845826  -0.11135068  0.0
 0.17673664  -0.11152347  0.0
 0.06244031  -0.12047888  0.0
 0.05868476  -0.12068933  0.0
-0.05340835  -0.12433777  0.0
-0.05941015  -0.12440333  0.0
-0.16946757  -0.12369721  0.0
-0.17768061  -0.12351922  0.0
-0.28576569  -0.11970102  0.0
-0.29597194  -0.11918560  0.0
-0.40227183  -0.11222564  0.0
-0.41423185  -0.11125824  0.0
-0.51908895  -0.10093549  0.0
-0.53238458  -0.09937676  0.0
-0.62980645  -0.08573140  0.0
-0.63637404  -0.08481152  0.0
-0.65042777  -0.08246304  0.0
-0.69516251  -0.07423224  0.0
-0.70915933  -0.07137178  0.0
-0.75421318  -0.06082271  0.0
-0.76743436  -0.05723838  0.0
-0.81374564  -0.04228170  0.0
-0.82510028  -0.03788820  0.0
-0.84293593  -0.02947667  0.0
-0.85234346  -0.02377488  0.0
-0.85402745  -0.02257001  0.0
-0.86023339  -0.01754413  0.0
-0.86186632  -0.01604457  0.0
-0.86612407  -0.01155861  0.0
-0.87461976   0.00340571  0.0
-0.87187421   0.03161187  0.0
-0.86899638   0.03657460  0.0
-0.86632160   0.04036199  0.0
-0.86097061   0.04691590  0.0
-0.86023848   0.04772784  0.0
-0.85042556   0.05752099  0.0
-0.83393435   0.07120064  0.0
-0.82248929   0.07960194  0.0
-0.77787059   0.10747815  0.0
-0.76480117   0.11453313  0.0
-0.72040855   0.13575736  0.0
-0.70654016   0.14173764  0.0
-0.66196210   0.15937685  0.0
-0.64810479   0.16443605  0.0
-0.62899830   0.17045225  0.0
;;

# interior:
# ---------
-0.62749660   0.16568309  0.0
-0.64649574   0.15970069  0.0
-0.66018456   0.15470300  0.0
-0.70462996   0.13711629  0.0
-0.71833949   0.13120451  0.0
-0.76253391   0.11007504  0.0
-0.77535588   0.10315364  0.0
-0.81968138   0.07546061  0.0
-0.83085618   0.06725769  0.0
-0.84705635   0.05381947  0.0
-0.85661332   0.04428175  0.0
-0.85717513   0.04365869  0.0
-0.86233814   0.03733503  0.0
-0.86478320   0.03387290  0.0
-0.86700312   0.03004472  0.0
-0.86948988   0.00449729  0.0
-0.86207729  -0.00855924  0.0
-0.85835792  -0.01247797  0.0
-0.85696589  -0.01375631  0.0
-0.85099667  -0.01859049  0.0
-0.84958897  -0.01959767  0.0
-0.84056732  -0.02506558  0.0
-0.82312922  -0.03328963  0.0
-0.81207382  -0.03756735  0.0
-0.76601108  -0.05244375  0.0
-0.75298871  -0.05597418  0.0
-0.70808861  -0.06648725  0.0
-0.69420946  -0.06932367  0.0
-0.64956328  -0.07753817  0.0
-0.63561507  -0.07986901  0.0
-0.62911289  -0.08077974  0.0
-0.53174663  -0.09441731  0.0
-0.51855287  -0.09596410  0.0
-0.41378533  -0.10627803  0.0
-0.40190692  -0.10723883  0.0
-0.29568249  -0.11419385  0.0
-0.28555133  -0.11470547  0.0
-0.17753818  -0.11852113  0.0
-0.16939736  -0.11869756  0.0
-0.05942142  -0.11940315  0.0
-0.05351700  -0.11933866  0.0
 0.05846353  -0.11569388  0.0
 0.06210511  -0.11548982  0.0
 0.17629165  -0.10654301  0.0
 0.17793554  -0.10637803  0.0
 0.29441202  -0.09357990  0.0
 0.41123353  -0.07827769  0.0
 0.41278595  -0.07807085  0.0
 0.52834199  -0.06130868  0.0
 0.53132424  -0.06087106  0.0
 0.62037500  -0.04726811  0.0
 0.62037500  -0.04675216  0.0
 0.62038142  -0.04649884  0.0
 0.62040709  -0.04599284  0.0
 0.62045836  -0.04548880  0.0
 0.62053511  -0.04498800  0.0
 0.62063712  -0.04449173  0.0
 0.62076415  -0.04400127  0.0
 0.62091587  -0.04351787  0.0
 0.62109188  -0.04304279  0.0
 0.62129173  -0.04257723  0.0
 0.62151492  -0.04212239  0.0
 0.62176086  -0.04167944  0.0
 0.62202893  -0.04124953  0.0
 0.62231844  -0.04083374  0.0
 0.62262864  -0.04043316  0.0
 0.62295874  -0.04004881  0.0
 0.62330788  -0.03968168  0.0
 0.62367518  -0.03933271  0.0
 0.62405969  -0.03900280  0.0
 0.62446042  -0.03869279  0.0
 0.62487634  -0.03840348  0.0
 0.62530638  -0.03813561  0.0
 0.62574944  -0.03788988  0.0
 0.62620438  -0.03766691  0.0
 0.62667004  -0.03746728  0.0
 0.62714521  -0.03729149  0.0
 0.62762868  -0.03714000  0.0
 0.62811920  -0.03701321  0.0
 0.62861552  -0.03691143  0.0
 0.62886497  -0.03686683  0.0
 0.64452379  -0.03447486  0.0
 0.64850284  -0.03384549  0.0
 0.64851780  -0.03384313  0.0
 0.64853086  -0.03384108  0.0
 0.64854599  -0.03383871  0.0
 0.64857329  -0.03383445  0.0
 0.64858825  -0.03383212  0.0
 0.64860131  -0.03383009  0.0
 0.64861657  -0.03382773  0.0
 0.76274021  -0.01625016  0.0
 0.76274764  -0.01624902  0.0
 0.76276875  -0.01624579  0.0
 0.76742512  -0.01553602  0.0
 0.76743274  -0.01553486  0.0
 0.76745037  -0.01553220  0.0
 0.76748382  -0.01552716  0.0
 0.76750604  -0.01552383  0.0
 0.88146487   0.00147130  0.0
 0.88147255   0.00147244  0.0
 0.88149028   0.00147506  0.0
 0.88152393   0.00148002  0.0
 0.88154629   0.00148330  0.0
 0.88635685   0.00218479  0.0
 0.88636598   0.00218611  0.0
 0.88639335   0.00219007  0.0
 0.88640248   0.00219138  0.0
 0.88642499   0.00219461  0.0
 0.88643412   0.00219591  0.0
 0.88646150   0.00219980  0.0
 0.88647063   0.00220109  0.0
 0.88652821   0.00220919  0.0
 0.88653734   0.00221047  0.0
 0.88656473   0.00221429  0.0
 0.88657386   0.00221556  0.0
 0.88659639   0.00221867  0.0
 0.88660552   0.00221993  0.0
 0.88663292   0.00222369  0.0
 0.88664206   0.00222493  0.0
 1.00087163   0.01773659  0.0
 1.00088347   0.01773819  0.0
 1.00091900   0.01774295  0.0
 1.00093085   0.01774453  0.0
 1.00096007   0.01774840  0.0
 1.00097191   0.01774996  0.0
 1.00100746   0.01775461  0.0
 1.00101931   0.01775615  0.0
 1.00109405   0.01776582  0.0
 1.00110590   0.01776734  0.0
 1.00114146   0.01777188  0.0
 1.00115331   0.01777338  0.0
 1.00118255   0.01777706  0.0
 1.00119441   0.01777855  0.0
 1.00122998   0.01778297  0.0
 1.00124184   0.01778444  0.0
 1.00576955   0.01834060  0.0
 1.00577955   0.01834182  0.0
 1.00580956   0.01834546  0.0
 1.00581956   0.01834667  0.0
 1.00584423   0.01834963  0.0
 1.00585424   0.01835082  0.0
 1.00588425   0.01835439  0.0
 1.00589426   0.01835557  0.0
 1.00595736   0.01836297  0.0
 1.00596737   0.01836414  0.0
 1.00599739   0.01836762  0.0
 1.00600740   0.01836878  0.0
 1.00603209   0.01837160  0.0
 1.00604210   0.01837274  0.0
 1.00607213   0.01837615  0.0
 1.00608214   0.01837727  0.0
 1.12101314   0.03124265  0.0
 1.12101888   0.03124329  0.0
 1.12103034   0.03124456  0.0
 1.12103608   0.03124519  0.0
 1.12108196   0.03125022  0.0
 1.12108769   0.03125084  0.0
 1.12109916   0.03125209  0.0
 1.12110490   0.03125270  0.0
 1.12114161   0.03125664  0.0
 1.12114735   0.03125725  0.0
 1.12115882   0.03125847  0.0
 1.12116456   0.03125908  0.0
 1.12121046   0.03126389  0.0
 1.12121620   0.03126449  0.0
 1.12122768   0.03126568  0.0
 1.12123342   0.03126628  0.0
 1.12133626   0.03127683  0.0
 1.12134200   0.03127741  0.0
 1.12135348   0.03127858  0.0
 1.12135922   0.03127916  0.0
 1.12140514   0.03128376  0.0
 1.12141088   0.03128433  0.0
 1.12142236   0.03128547  0.0
 1.12142811   0.03128604  0.0
 1.12146485   0.03128964  0.0
 1.12147060   0.03129020  0.0
 1.12148208   0.03129131  0.0
 1.12148782   0.03129186  0.0
 1.12153377   0.03129625  0.0
 1.12153951   0.03129680  0.0
 1.12155100   0.03129788  0.0
 1.12155674   0.03129842  0.0
 1.12537574   0.03165467  0.0
 1.12538132   0.03165519  0.0
 1.12539248   0.03165622  0.0
 1.12539806   0.03165673  0.0
 1.12544271   0.03166079  0.0
 1.12544829   0.03166130  0.0
 1.12545945   0.03166230  0.0
 1.12546503   0.03166280  0.0
 1.12550075   0.03166597  0.0
 1.12550634   0.03166646  0.0
 1.12551750   0.03166744  0.0
 1.12552308   0.03166793  0.0
 1.12556775   0.03167179  0.0
 1.12557333   0.03167227  0.0
 1.12558449   0.03167322  0.0
 1.12559008   0.03167370  0.0
 1.12569014   0.03168213  0.0
 1.12569572   0.03168259  0.0
 1.12570689   0.03168352  0.0
 1.12571248   0.03168398  0.0
 1.12575716   0.03168765  0.0
 1.12576274   0.03168810  0.0
 1.12577391   0.03168901  0.0
 1.12577950   0.03168945  0.0
 1.12581525   0.03169230  0.0
 1.12582083   0.03169275  0.0
 1.12583201   0.03169363  0.0
 1.12583759   0.03169406  0.0
 1.12588229   0.03169752  0.0
 1.12588788   0.03169795  0.0
 1.12589905   0.03169881  0.0
 1.12590464   0.03169923  0.0
 1.22374372   0.03905909  0.0
 1.12437462   0.06542706  0.0
 1.12058793   0.06642554  0.0
 1.00642077   0.09644441  0.0
 1.00199937   0.09759096  0.0
 0.88823122   0.12663235  0.0
 0.88361716   0.12776819  0.0
 0.76969306   0.15524560  0.0
 0.76531619   0.15626426  0.0
 0.65089678   0.18163446  0.0
 0.64717195   0.18242656  0.0
 0.62843290   0.18613652  0.0
 0.62819324   0.18619011  0.0
 0.62771686   0.18630900  0.0
 0.62724688   0.18645114  0.0
 0.62678446   0.18661618  0.0
 0.62633069   0.18680373  0.0
 0.62588668   0.18701333  0.0
 0.62545350   0.18724448  0.0
 0.62503219   0.18749662  0.0
 0.62462376   0.18776914  0.0
 0.62422921   0.18806138  0.0
 0.62384949   0.18837265  0.0
 0.62348550   0.18870219  0.0
 0.62313814   0.18904919  0.0
 0.62280823   0.18941284  0.0
 0.62249657   0.18979225  0.0
 0.62220392   0.19018650  0.0
 0.62193098   0.19059464  0.0
 0.62167841   0.19101569  0.0
 0.62144682   0.19144864  0.0
 0.62123676   0.19189243  0.0
 0.62104875   0.19234601  0.0
 0.62088323   0.19280827  0.0
 0.62074062   0.19327809  0.0
 0.62062124   0.19375436  0.0
 0.62052539   0.19423591  0.0
 0.62045330   0.19472158  0.0
 0.62040514   0.19521021  0.0
 0.62038103   0.19570062  0.0
 0.62037500   0.19594611  0.0
 0.62037500   0.19690650  0.0
 0.53356949   0.21409226  0.0
 0.53078659   0.21460433  0.0
 0.41406520   0.23442378  0.0
 0.41270263   0.23462826  0.0
 0.29448299   0.25077233  0.0
 0.17638194   0.26226357  0.0
 0.17491535   0.26236997  0.0
 0.05869632   0.26801867  0.0
 0.05523090   0.26807873  0.0
-0.05876040   0.26646813  0.0
-0.06447068   0.26620789  0.0
-0.17637702   0.25813843  0.0
-0.18430655   0.25735954  0.0
-0.29412973   0.24393636  0.0
-0.30403537   0.24248297  0.0
-0.41177592   0.22353316  0.0
-0.42339937   0.22115559  0.0
-0.52928883   0.19606240  0.0
-0.54218314   0.19254639  0.0
-0.62749660   0.16568309  0.0
;;

