# exterior:
# ---------
 0.63050000   0.19592137  0.0
 0.64918312   0.19222248  0.0
 0.65301919   0.19140673  0.0
 0.76753200   0.16601582  0.0
 0.77199883   0.16497623  0.0
 0.88598467   0.13748392  0.0
 0.89066311   0.13633223  0.0
 1.00449113   0.10727556  0.0
 1.00894733   0.10611999  0.0
 1.12313424   0.07609592  0.0
 1.12693184   0.07509456  0.0
 1.22374372   0.04940517  0.0
 1.22374372   0.04423213  0.0
 1.12565323   0.07026081  0.0
 1.12186109   0.07126073  0.0
 1.00768405   0.10128220  0.0
 1.00324525   0.10243326  0.0
 0.88944717   0.13148229  0.0
 0.88480092   0.13262605  0.0
 0.77084594   0.16011091  0.0
 0.76642410   0.16114004  0.0
 0.65195798   0.18652059  0.0
 0.64817753   0.18732452  0.0
 0.62952895   0.19101657  0.0
 0.62905256   0.19113546  0.0
 0.62859014   0.19130050  0.0
 0.62814612   0.19151010  0.0
 0.62773396   0.19175677  0.0
 0.63050000   0.19592137  0.0
;;

