# exterior:
# ---------
 1.29171265   0.03145563  0.0
 1.24460480   0.04386273  0.0
 1.24459462   0.04386542  0.0
 1.24458647   0.04386758  0.0
 1.24457629   0.04387028  0.0
 1.24455348   0.04387634  0.0
 1.24454329   0.04387905  0.0
 1.24453515   0.04388122  0.0
 1.24452497   0.04388394  0.0
 1.24182562   0.04460706  0.0
 1.22374372   0.04940517  0.0
 1.22374372   0.05975124  0.0
 1.24440184   0.05426953  0.0
 1.24711261   0.05354335  0.0
 1.24712076   0.05354117  0.0
 1.24714357   0.05353511  0.0
 1.24715172   0.05353296  0.0
 1.29171265   0.04179665  0.0
 1.29171265   0.03145563  0.0
;;

