# exterior:
# ---------
 1.36406091   0.02272853  0.0
 1.24670592   0.02066126  0.0
 1.24662960   0.02065919  0.0
 1.24641598   0.02065134  0.0
 1.24633971   0.02064781  0.0
 1.24361796   0.02049581  0.0
 1.24357944   0.02049348  0.0
 1.24347163   0.02048641  0.0
 1.24343313   0.02048370  0.0
 1.12740488   0.01175558  0.0
 1.12736913   0.01175273  0.0
 1.12726907   0.01174430  0.0
 1.12723335   0.01174113  0.0
 1.12341435   0.01138488  0.0
 1.12337760   0.01138128  0.0
 1.12327476   0.01137073  0.0
 1.12323805   0.01136679  0.0
 1.00830705  -0.00149859  0.0
 1.00828569  -0.00150104  0.0
 1.00822592  -0.00150805  0.0
 1.00820458  -0.00151061  0.0
 1.00368021  -0.00206636  0.0
 1.00365492  -0.00206955  0.0
 1.00358413  -0.00207871  0.0
 1.00355886  -0.00208206  0.0
 0.88933324  -0.01759318  0.0
 0.88931375  -0.01759588  0.0
 0.88925922  -0.01760355  0.0
 0.88923975  -0.01760634  0.0
 0.88443512  -0.01830697  0.0
 0.88442871  -0.01830791  0.0
 0.88441076  -0.01831056  0.0
 0.88440435  -0.01831151  0.0
 0.77045897  -0.03530463  0.0
 0.77045260  -0.03530559  0.0
 0.77043476  -0.03530828  0.0
 0.77042838  -0.03530925  0.0
 0.76578526  -0.03601700  0.0
 0.76577357  -0.03601879  0.0
 0.65166362  -0.05359426  0.0
 0.65165561  -0.05359550  0.0
 0.65163320  -0.05359900  0.0
 0.65162519  -0.05360026  0.0
 0.64759614  -0.05423754  0.0
 0.63037500  -0.05686816  0.0
 0.63037500  -0.04675216  0.0
 0.64605997  -0.04435620  0.0
 0.65006289  -0.04372305  0.0
 0.65007290  -0.04372147  0.0
 0.65008090  -0.04372021  0.0
 0.65009091  -0.04371865  0.0
 0.65011332  -0.04371515  0.0
 0.65012333  -0.04371359  0.0
 0.65013134  -0.04371235  0.0
 0.65014135  -0.04371080  0.0
 0.76426000  -0.02613399  0.0
 0.76427837  -0.02613118  0.0
 0.76892946  -0.02542222  0.0
 0.76894380  -0.02542005  0.0
 0.76896961  -0.02541616  0.0
 0.76898395  -0.02541402  0.0
 0.88293734  -0.00841970  0.0
 0.88295176  -0.00841756  0.0
 0.88297773  -0.00841374  0.0
 0.88299216  -0.00841163  0.0
 0.88779678  -0.00771100  0.0
 0.88782111  -0.00770748  0.0
 0.88784058  -0.00770469  0.0
 0.88786492  -0.00770123  0.0
 0.88791946  -0.00769356  0.0
 0.88794381  -0.00769016  0.0
 0.88796329  -0.00768746  0.0
 0.88798765  -0.00768412  0.0
 1.00221327   0.00782700  0.0
 1.00224485   0.00783124  0.0
 1.00227012   0.00783459  0.0
 1.00230172   0.00783872  0.0
 1.00237251   0.00784788  0.0
 1.00240411   0.00785191  0.0
 1.00242941   0.00785510  0.0
 1.00246103   0.00785904  0.0
 1.00698540   0.00841479  0.0
 1.00701207   0.00841803  0.0
 1.00703341   0.00842059  0.0
 1.00706009   0.00842376  0.0
 1.00711986   0.00843077  0.0
 1.00714655   0.00843387  0.0
 1.00716790   0.00843632  0.0
 1.00719459   0.00843934  0.0
 1.12212559   0.02130472  0.0
 1.12217147   0.02130975  0.0
 1.12220819   0.02131368  0.0
 1.12225409   0.02131850  0.0
 1.12235693   0.02132905  0.0
 1.12240285   0.02133366  0.0
 1.12243960   0.02133726  0.0
 1.12248555   0.02134165  0.0
 1.12630455   0.02169790  0.0
 1.12634919   0.02170196  0.0
 1.12638491   0.02170513  0.0
 1.12642958   0.02170900  0.0
 1.12652964   0.02171743  0.0
 1.12657432   0.02172109  0.0
 1.12661007   0.02172394  0.0
 1.12665476   0.02172740  0.0
 1.24268301   0.03045553  0.0
 1.24273112   0.03045903  0.0
 1.24276961   0.03046174  0.0
 1.24281774   0.03046501  0.0
 1.24292555   0.03047208  0.0
 1.24297369   0.03047511  0.0
 1.24301221   0.03047745  0.0
 1.24306036   0.03048026  0.0
 1.24578211   0.03063226  0.0
 1.24587743   0.03063712  0.0
 1.24595369   0.03064065  0.0
 1.24604905   0.03064461  0.0
 1.24626267   0.03065245  0.0
 1.24635806   0.03065550  0.0
 1.24643438   0.03065757  0.0
 1.24652979   0.03065971  0.0
 1.29171265   0.03145563  0.0
 1.24460480   0.04386273  0.0
 1.24459462   0.04386542  0.0
 1.24458647   0.04386758  0.0
 1.24457629   0.04387028  0.0
 1.24455348   0.04387634  0.0
 1.24454329   0.04387905  0.0
 1.24453515   0.04388122  0.0
 1.24452497   0.04388394  0.0
 1.24182562   0.04460706  0.0
 1.12693184   0.07509456  0.0
 1.12313424   0.07609592  0.0
 1.00894733   0.10611999  0.0
 1.00449113   0.10727556  0.0
 0.89066311   0.13633223  0.0
 0.88598467   0.13748392  0.0
 0.77199883   0.16497623  0.0
 0.76753200   0.16601582  0.0
 0.65301919   0.19140673  0.0
 0.64918312   0.19222248  0.0
 0.63037500   0.19594611  0.0
 0.63037500   0.20614021  0.0
 0.65119428   0.20201841  0.0
 0.65514161   0.20117900  0.0
 0.76974782   0.17576738  0.0
 0.77430459   0.17470685  0.0
 0.88835219   0.14719965  0.0
 0.89309501   0.14603211  0.0
 1.00698290   0.11696016  0.0
 1.01147388   0.11579557  0.0
 1.12568055   0.08576631  0.0
 1.12948906   0.08476207  0.0
 1.24440184   0.05426953  0.0
 1.24711261   0.05354335  0.0
 1.24712076   0.05354117  0.0
 1.24714357   0.05353511  0.0
 1.24715172   0.05353296  0.0
 1.36311897   0.02298990  0.0
 1.36406091   0.02272853  0.0
;;

