# exterior:
# ---------
 1.22374372   0.01900258  0.0
 1.12740488   0.01175558  0.0
 1.12736913   0.01175273  0.0
 1.12726907   0.01174430  0.0
 1.12723335   0.01174113  0.0
 1.12341435   0.01138488  0.0
 1.12337760   0.01138128  0.0
 1.12327476   0.01137073  0.0
 1.12323805   0.01136679  0.0
 1.00830705  -0.00149859  0.0
 1.00828569  -0.00150104  0.0
 1.00822592  -0.00150805  0.0
 1.00820458  -0.00151061  0.0
 1.00368021  -0.00206636  0.0
 1.00365492  -0.00206955  0.0
 1.00358413  -0.00207871  0.0
 1.00355886  -0.00208206  0.0
 0.88933324  -0.01759318  0.0
 0.88931375  -0.01759588  0.0
 0.88925922  -0.01760355  0.0
 0.88923975  -0.01760634  0.0
 0.88443512  -0.01830697  0.0
 0.88442871  -0.01830791  0.0
 0.88441076  -0.01831056  0.0
 0.88440435  -0.01831151  0.0
 0.77045897  -0.03530463  0.0
 0.77045260  -0.03530559  0.0
 0.77043476  -0.03530828  0.0
 0.77042838  -0.03530925  0.0
 0.76578526  -0.03601700  0.0
 0.76577357  -0.03601879  0.0
 0.65166362  -0.05359426  0.0
 0.65165561  -0.05359550  0.0
 0.65163320  -0.05359900  0.0
 0.65162519  -0.05360026  0.0
 0.64759614  -0.05423754  0.0
 0.63050000  -0.05684906  0.0
 0.63050000  -0.04673306  0.0
 0.64605997  -0.04435620  0.0
 0.65006289  -0.04372305  0.0
 0.65007290  -0.04372147  0.0
 0.65008090  -0.04372021  0.0
 0.65009091  -0.04371865  0.0
 0.65011332  -0.04371515  0.0
 0.65012333  -0.04371359  0.0
 0.65013134  -0.04371235  0.0
 0.65014135  -0.04371080  0.0
 0.76426000  -0.02613399  0.0
 0.76427837  -0.02613118  0.0
 0.76892946  -0.02542222  0.0
 0.76894380  -0.02542005  0.0
 0.76896961  -0.02541616  0.0
 0.76898395  -0.02541402  0.0
 0.88293734  -0.00841970  0.0
 0.88295176  -0.00841756  0.0
 0.88297773  -0.00841374  0.0
 0.88299216  -0.00841163  0.0
 0.88779678  -0.00771100  0.0
 0.88782111  -0.00770748  0.0
 0.88784058  -0.00770469  0.0
 0.88786492  -0.00770123  0.0
 0.88791946  -0.00769356  0.0
 0.88794381  -0.00769016  0.0
 0.88796329  -0.00768746  0.0
 0.88798765  -0.00768412  0.0
 1.00221327   0.00782700  0.0
 1.00224485   0.00783124  0.0
 1.00227012   0.00783459  0.0
 1.00230172   0.00783872  0.0
 1.00237251   0.00784788  0.0
 1.00240411   0.00785191  0.0
 1.00242941   0.00785510  0.0
 1.00246103   0.00785904  0.0
 1.00698540   0.00841479  0.0
 1.00701207   0.00841803  0.0
 1.00703341   0.00842059  0.0
 1.00706009   0.00842376  0.0
 1.00711986   0.00843077  0.0
 1.00714655   0.00843387  0.0
 1.00716790   0.00843632  0.0
 1.00719459   0.00843934  0.0
 1.12212559   0.02130472  0.0
 1.12217147   0.02130975  0.0
 1.12220819   0.02131368  0.0
 1.12225409   0.02131850  0.0
 1.12235693   0.02132905  0.0
 1.12240285   0.02133366  0.0
 1.12243960   0.02133726  0.0
 1.12248555   0.02134165  0.0
 1.12630455   0.02169790  0.0
 1.12634919   0.02170196  0.0
 1.12638491   0.02170513  0.0
 1.12642958   0.02170900  0.0
 1.12652964   0.02171743  0.0
 1.12657432   0.02172109  0.0
 1.12661007   0.02172394  0.0
 1.12665476   0.02172740  0.0
 1.22374372   0.02903084  0.0
 1.22374372   0.01900258  0.0
;;

