# exterior:
# ---------
 1.22374372   0.05975124  0.0
 1.12948906   0.08476207  0.0
 1.12568055   0.08576631  0.0
 1.01147388   0.11579557  0.0
 1.00698290   0.11696016  0.0
 0.89309501   0.14603211  0.0
 0.88835219   0.14719965  0.0
 0.77430459   0.17470685  0.0
 0.76974782   0.17576738  0.0
 0.65514161   0.20117900  0.0
 0.65119428   0.20201841  0.0
 0.63050000   0.20611546  0.0
 0.63050000   0.21019310  0.0
 0.65199875   0.20593678  0.0
 0.65599057   0.20508790  0.0
 0.77063414   0.17966800  0.0
 0.77522690   0.17859910  0.0
 0.88929919   0.15108594  0.0
 0.89406776   0.14991207  0.0
 1.00797961   0.12083400  0.0
 1.01248450   0.11966580  0.0
 1.12669907   0.08963446  0.0
 1.13051195   0.08862907  0.0
 1.22374372   0.06388967  0.0
 1.22374372   0.05975124  0.0
;;

