# exterior:
# ---------
 1.22374372   0.01499128  0.0
 1.12770493   0.00776685  0.0
 1.12760487   0.00775842  0.0
 1.12378587   0.00740217  0.0
 1.12368303   0.00739162  0.0
 1.00875203  -0.00547376  0.0
 1.00869226  -0.00548078  0.0
 1.00416788  -0.00603653  0.0
 1.00409710  -0.00604568  0.0
 0.88987147  -0.02155680  0.0
 0.88981694  -0.02156448  0.0
 0.88501231  -0.02226511  0.0
 0.88499436  -0.02226775  0.0
 0.77104898  -0.03926088  0.0
 0.77103114  -0.03926357  0.0
 0.76638802  -0.03997132  0.0
 0.76637940  -0.03997264  0.0
 0.65227253  -0.05754764  0.0
 0.65225011  -0.05755114  0.0
 0.64821062  -0.05819008  0.0
 0.63050000  -0.06089546  0.0
 0.63050000  -0.05684906  0.0
 0.64759614  -0.05423754  0.0
 0.65162519  -0.05360026  0.0
 0.65163320  -0.05359900  0.0
 0.65165561  -0.05359550  0.0
 0.65166362  -0.05359426  0.0
 0.76577357  -0.03601879  0.0
 0.76578526  -0.03601700  0.0
 0.77042838  -0.03530925  0.0
 0.77043476  -0.03530828  0.0
 0.77045260  -0.03530559  0.0
 0.77045897  -0.03530463  0.0
 0.88440435  -0.01831151  0.0
 0.88441076  -0.01831056  0.0
 0.88442871  -0.01830791  0.0
 0.88443512  -0.01830697  0.0
 0.88923975  -0.01760634  0.0
 0.88925922  -0.01760355  0.0
 0.88931375  -0.01759588  0.0
 0.88933324  -0.01759318  0.0
 1.00355886  -0.00208206  0.0
 1.00358413  -0.00207871  0.0
 1.00365492  -0.00206955  0.0
 1.00368021  -0.00206636  0.0
 1.00820458  -0.00151061  0.0
 1.00822592  -0.00150805  0.0
 1.00828569  -0.00150104  0.0
 1.00830705  -0.00149859  0.0
 1.12323805   0.01136679  0.0
 1.12327476   0.01137073  0.0
 1.12337760   0.01138128  0.0
 1.12341435   0.01138488  0.0
 1.12723335   0.01174113  0.0
 1.12726907   0.01174430  0.0
 1.12736913   0.01175273  0.0
 1.12740488   0.01175558  0.0
 1.22374372   0.01900258  0.0
 1.22374372   0.01499128  0.0
;;

