# exterior:
# ---------
 1.42954439   0.01167513  0.0
 1.36623830   0.01865019  0.0
 1.36582667   0.01868024  0.0
 1.36450855   0.01872774  0.0
 1.36420824   0.01873051  0.0
 1.24677637   0.01666188  0.0
 1.24656275   0.01665404  0.0
 1.24384100   0.01650204  0.0
 1.24373318   0.01649497  0.0
 1.12770493   0.00776685  0.0
 1.12760487   0.00775842  0.0
 1.12378587   0.00740217  0.0
 1.12368303   0.00739162  0.0
 1.00875203  -0.00547376  0.0
 1.00869226  -0.00548078  0.0
 1.00416788  -0.00603653  0.0
 1.00409710  -0.00604568  0.0
 0.88987147  -0.02155680  0.0
 0.88981694  -0.02156448  0.0
 0.88501231  -0.02226511  0.0
 0.88499436  -0.02226775  0.0
 0.77104898  -0.03926088  0.0
 0.77103114  -0.03926357  0.0
 0.76638802  -0.03997132  0.0
 0.76637940  -0.03997264  0.0
 0.65227253  -0.05754764  0.0
 0.65225011  -0.05755114  0.0
 0.64821062  -0.05819008  0.0
 0.63037500  -0.06091456  0.0
 0.63037500  -0.05686816  0.0
 0.64759614  -0.05423754  0.0
 0.65162519  -0.05360026  0.0
 0.65163320  -0.05359900  0.0
 0.65165561  -0.05359550  0.0
 0.65166362  -0.05359426  0.0
 0.76577357  -0.03601879  0.0
 0.76578526  -0.03601700  0.0
 0.77042838  -0.03530925  0.0
 0.77043476  -0.03530828  0.0
 0.77045260  -0.03530559  0.0
 0.77045897  -0.03530463  0.0
 0.88440435  -0.01831151  0.0
 0.88441076  -0.01831056  0.0
 0.88442871  -0.01830791  0.0
 0.88443512  -0.01830697  0.0
 0.88923975  -0.01760634  0.0
 0.88925922  -0.01760355  0.0
 0.88931375  -0.01759588  0.0
 0.88933324  -0.01759318  0.0
 1.00355886  -0.00208206  0.0
 1.00358413  -0.00207871  0.0
 1.00365492  -0.00206955  0.0
 1.00368021  -0.00206636  0.0
 1.00820458  -0.00151061  0.0
 1.00822592  -0.00150805  0.0
 1.00828569  -0.00150104  0.0
 1.00830705  -0.00149859  0.0
 1.12323805   0.01136679  0.0
 1.12327476   0.01137073  0.0
 1.12337760   0.01138128  0.0
 1.12341435   0.01138488  0.0
 1.12723335   0.01174113  0.0
 1.12726907   0.01174430  0.0
 1.12736913   0.01175273  0.0
 1.12740488   0.01175558  0.0
 1.24343313   0.02048370  0.0
 1.24347163   0.02048641  0.0
 1.24357944   0.02049348  0.0
 1.24361796   0.02049581  0.0
 1.24633971   0.02064781  0.0
 1.24641598   0.02065134  0.0
 1.24662960   0.02065919  0.0
 1.24670592   0.02066126  0.0
 1.36406091   0.02272853  0.0
 1.36311897   0.02298990  0.0
 1.24715172   0.05353296  0.0
 1.24714357   0.05353511  0.0
 1.24712076   0.05354117  0.0
 1.24711261   0.05354335  0.0
 1.24440184   0.05426953  0.0
 1.12948906   0.08476207  0.0
 1.12568055   0.08576631  0.0
 1.01147388   0.11579557  0.0
 1.00698290   0.11696016  0.0
 0.89309501   0.14603211  0.0
 0.88835219   0.14719965  0.0
 0.77430459   0.17470685  0.0
 0.76974782   0.17576738  0.0
 0.65514161   0.20117900  0.0
 0.65119428   0.20201841  0.0
 0.63037500   0.20614021  0.0
 0.63037500   0.21021785  0.0
 0.65199875   0.20593678  0.0
 0.65599057   0.20508790  0.0
 0.77063414   0.17966800  0.0
 0.77522690   0.17859910  0.0
 0.88929919   0.15108594  0.0
 0.89406776   0.14991207  0.0
 1.00797961   0.12083400  0.0
 1.01248450   0.11966580  0.0
 1.12669907   0.08963446  0.0
 1.13051195   0.08862907  0.0
 1.24543232   0.05813452  0.0
 1.24814767   0.05740711  0.0
 1.24817048   0.05740105  0.0
 1.36416315   0.02685129  0.0
 1.36544582   0.02649538  0.0
 1.36568207   0.02643534  0.0
 1.42954439   0.01167513  0.0
;;

