# exterior:
# ---------
 2.43654667  -0.48550129  0.0
 2.26317056  -0.56122490  0.0
 2.26312755  -0.56124390  0.0
 2.06083560  -0.65162676  0.0
 2.06081027  -0.65163815  0.0
 1.85851832  -0.74322703  0.0
 1.65630623  -0.83496578  0.0
 1.45404394  -0.92597244  0.0
 1.25180838  -1.01490452  0.0
 1.04968014  -1.10055504  0.0
 0.84750709  -1.18135603  0.0
 0.83600000  -1.18562276  0.0
 0.83600000  -1.12134052  0.0
 1.02683929  -1.04506921  0.0
 1.22802619  -0.95981758  0.0
 1.42965754  -0.87115119  0.0
 1.63160212  -0.78028749  0.0
 1.83377124  -0.68856825  0.0
 2.03606319  -0.59697938  0.0
 2.03619878  -0.59691819  0.0
 2.03622411  -0.59690680  0.0
 2.03635985  -0.59684595  0.0
 2.23865180  -0.50646309  0.0
 2.23888199  -0.50636082  0.0
 2.23892500  -0.50634182  0.0
 2.23915562  -0.50624052  0.0
 2.43654667  -0.42002816  0.0
 2.43654667  -0.48550129  0.0
;;

