# exterior:
# ---------
 3.71787000  -0.04387507  0.0
 3.60417420  -0.06890185  0.0
 3.60394908  -0.06895631  0.0
 3.43245223  -0.11421601  0.0
 3.43224383  -0.11427534  0.0
 3.25278273  -0.16914523  0.0
 3.25260542  -0.16920269  0.0
 3.06518007  -0.23340213  0.0
 3.06503047  -0.23345575  0.0
 2.86971672  -0.30661308  0.0
 2.86959650  -0.30665969  0.0
 2.66783550  -0.38757647  0.0
 2.66774499  -0.38761369  0.0
 2.52254667  -0.44881258  0.0
 2.52254667  -0.38370085  0.0
 2.64444127  -0.33232412  0.0
 2.64492528  -0.33212261  0.0
 2.64501579  -0.33208539  0.0
 2.64550153  -0.33188811  0.0
 2.84726253  -0.25097133  0.0
 2.84790513  -0.25071790  0.0
 2.84802536  -0.25067128  0.0
 2.84867083  -0.25042526  0.0
 3.04398458  -0.17726794  0.0
 3.04478398  -0.17697496  0.0
 3.04493358  -0.17692134  0.0
 3.04573705  -0.17663973  0.0
 3.23316240  -0.11244029  0.0
 3.23410974  -0.11212458  0.0
 3.23428706  -0.11206713  0.0
 3.23523952  -0.11176722  0.0
 3.41470062  -0.05689733  0.0
 3.41581396  -0.05656867  0.0
 3.41602235  -0.05650934  0.0
 3.41714184  -0.05620228  0.0
 3.58863869  -0.01094259  0.0
 3.58984165  -0.01063839  0.0
 3.59006676  -0.01058393  0.0
 3.59127575  -0.01030467  0.0
 3.71787000   0.01756133  0.0
 3.71787000  -0.04387507  0.0
;;

