# exterior:
# ---------
-0.75000000   1.34910231  0.0
-0.66748000   1.35069888  0.0
-0.46518805   1.34607203  0.0
-0.26297195   1.33411048  0.0
-0.06068000   1.31596716  0.0
 0.14161195   1.29198339  0.0
 0.34382805   1.26244740  0.0
 0.54612000   1.22785980  0.0
 0.74841195   1.18857709  0.0
 0.75000000   1.18823446  0.0
 0.75000000   1.18762065  0.0
 0.74829148   1.18798927  0.0
 0.54601224   1.22726952  0.0
 0.34373412   1.26185475  0.0
 0.14153326   1.29138852  0.0
-0.06074213   1.31537032  0.0
-0.26301647   1.33351206  0.0
-0.46521263   1.34547243  0.0
-0.66748106   1.35009874  0.0
-0.75000000   1.34850220  0.0
-0.75000000   1.34910231  0.0
;;

