# exterior:
# ---------
-0.75000000   1.34850220  0.0
-0.66748106   1.35009874  0.0
-0.46521263   1.34547243  0.0
-0.26301647   1.33351206  0.0
-0.06074213   1.31537032  0.0
 0.14153326   1.29138852  0.0
 0.34373412   1.26185475  0.0
 0.54601224   1.22726952  0.0
 0.74829148   1.18798927  0.0
 0.75000000   1.18762065  0.0
 0.75000000   1.18250560  0.0
 0.74728755   1.18309082  0.0
 0.54511422   1.22235050  0.0
 0.34295135   1.25691603  0.0
 0.14087748   1.28643125  0.0
-0.06125990   1.31039669  0.0
-0.26338751   1.32852527  0.0
-0.46541749   1.34047581  0.0
-0.66748987   1.34509764  0.0
-0.75000000   1.34350126  0.0
-0.75000000   1.34850220  0.0
;;

