# exterior:
# ---------
 0.75000000  -1.22284345  0.0
 0.64702804  -1.26102454  0.0
 0.44483083  -1.32905563  0.0
 0.24256078  -1.38911475  0.0
 0.04029431  -1.44042081  0.0
-0.16189148  -1.48162393  0.0
-0.36414802  -1.51122301  0.0
-0.56639914  -1.52780047  0.0
-0.75000000  -1.52941886  0.0
-0.75000000  -1.52441866  0.0
-0.56662570  -1.52280227  0.0
-0.36471482  -1.50625270  0.0
-0.16275336  -1.47669681  0.0
 0.03917980  -1.43554516  0.0
 0.24123397  -1.38429295  0.0
 0.44332151  -1.32428803  0.0
 0.64536126  -1.25630992  0.0
 0.75000000  -1.21751080  0.0
 0.75000000  -1.22284345  0.0
;;

