# exterior:
# ---------
 0.83600000   1.16967962  0.0
 0.95062805   1.14494816  0.0
 1.15292000   1.09719301  0.0
 1.35521195   1.04602460  0.0
 1.55742805   0.99193596  0.0
 1.75972000   0.93529118  0.0
 1.96201195   0.87664396  0.0
 2.16422805   0.81636597  0.0
 2.36652000   0.75473784  0.0
 2.43654667   0.73303404  0.0
 2.43654667   0.73240588  0.0
 2.36634376   0.75416431  0.0
 2.16405492   0.81579148  0.0
 1.96184271   0.87606832  0.0
 1.75955557   0.93471414  0.0
 1.55726963   0.99135724  0.0
 1.35506086   1.04544392  0.0
 1.15277750   1.09661015  0.0
 0.95049584   1.14436288  0.0
 0.83600000   1.16906581  0.0
 0.83600000   1.16967962  0.0
;;

