# exterior:
# ---------
 4.28927548   0.15374660  0.0
 4.40686289   0.11827509  0.0
 4.52685673   0.08183701  0.0
 4.63888684   0.04767428  0.0
 4.63888929   0.04767353  0.0
 4.66566434   0.03963343  0.0
 4.66566541   0.03963312  0.0
 4.69190951   0.03180540  0.0
 4.71727000   0.02424946  0.0
 4.71727000   0.02424946  0.0
 4.71227000   0.02052196  0.0
 4.71227000   0.02052196  0.0
 4.69048039   0.02701398  0.0
 4.66423186   0.03484303  0.0
 4.66422636   0.03484468  0.0
 4.63745131   0.04288478  0.0
 4.63744109   0.04288786  0.0
 4.63743864   0.04288860  0.0
 4.63742843   0.04289170  0.0
 4.52540111   0.07705359  0.0
 4.40541446   0.11348948  0.0
 4.28927548   0.14852405  0.0
 4.28927548   0.15374660  0.0
;;

