# exterior:
# ---------
 4.71787000  -0.02469676  0.0
 4.69208100  -0.01857566  0.0
 4.58399475   0.00284438  0.0
 4.46802010   0.01651255  0.0
 4.34408120   0.02156416  0.0
 4.28927548   0.02023419  0.0
 4.28927548   0.02083437  0.0
 4.34406664   0.02216398  0.0
 4.34410564   0.02216366  0.0
 4.46804454   0.01711205  0.0
 4.46809033   0.01710842  0.0
 4.58406498   0.00344025  0.0
 4.58411139   0.00343293  0.0
 4.69219764  -0.01798711  0.0
 4.69221956  -0.01799188  0.0
 4.71727000  -0.02393768  0.0
 4.71727000  -0.02393768  0.0
 4.71787000  -0.02469676  0.0
;;

