# exterior:
# ---------
 4.28927548   0.02083437  0.0
 4.21216349   0.01896311  0.0
 4.21213083   0.01896142  0.0
 4.07233928   0.00792525  0.0
 4.07231112   0.00792236  0.0
 3.96697377  -0.00541785  0.0
 3.96697377  -0.00037792  0.0
 4.07168292   0.01288274  0.0
 4.07180012   0.01289618  0.0
 4.07182828   0.01289907  0.0
 4.07194577   0.01290974  0.0
 4.21173732   0.02394591  0.0
 4.21187333   0.02395479  0.0
 4.21190599   0.02395647  0.0
 4.21204220   0.02396164  0.0
 4.28927548   0.02583584  0.0
 4.28927548   0.02083437  0.0
;;

