# exterior:
# ---------
-0.83600000  -1.52534484  0.0
-0.97088000  -1.51566504  0.0
-1.16649715  -1.48527194  0.0
-1.35149530  -1.44165061  0.0
-1.52579860  -1.38748613  0.0
-1.68948290  -1.32486436  0.0
-1.84254820  -1.25504444  0.0
-1.98491865  -1.17903516  0.0
-2.11674595  -1.09805011  0.0
-2.23780255  -1.01271886  0.0
-2.34831600  -0.92389851  0.0
-2.44813460  -0.83252202  0.0
-2.53733420  -0.73957542  0.0
-2.61591480  -0.64592343  0.0
-2.68380055  -0.55268861  0.0
-2.74106730  -0.45874838  0.0
-2.78771505  -0.36416343  0.0
-2.82374380  -0.26922957  0.0
-2.84907770  -0.16603565  0.0
-2.86379260  -0.06440424  0.0
-2.86576470  -0.04035220  0.0
-2.86713000   0.00000000  0.0
-2.85772460   0.11045277  0.0
-2.83770020   0.22296866  0.0
-2.80705680   0.32061037  0.0
-2.76571855   0.41206271  0.0
-2.71376130   0.50315856  0.0
-2.65118505   0.59240367  0.0
-2.57798980   0.67958566  0.0
-2.49409970   0.76434045  0.0
-2.39959060   0.84575784  0.0
-2.29438665   0.92319310  0.0
-2.17863955   0.99620632  0.0
-2.05212175   1.06417550  0.0
-1.91506080   1.12666073  0.0
-1.76738085   1.18316898  0.0
-1.60900605   1.23284314  0.0
-1.43993640   1.27504609  0.0
-1.26032360   1.30863246  0.0
-1.07001595   1.33290446  0.0
-0.86977195   1.34678502  0.0
-0.83600000   1.34743842  0.0
-0.83600000   1.34683831  0.0
-0.86974538   1.34618542  0.0
-1.06995720   1.33230710  0.0
-1.26023042   1.30803949  0.0
-1.43980849   1.27445960  0.0
-1.60884347   1.23226532  0.0
-1.76718367   1.18260200  0.0
-1.91482892   1.12610703  0.0
-2.05185504   1.06363768  0.0
-2.17833715   0.99568767  0.0
-2.29404832   0.92269712  0.0
-2.39921641   0.84528825  0.0
-2.49369003   0.76390143  0.0
-2.57754608   0.67918104  0.0
-2.65070876   0.59203785  0.0
-2.71325397   0.50283700  0.0
-2.76518341   0.41178991  0.0
-2.80649516   0.32039619  0.0
-2.83711622   0.22282568  0.0
-2.85712909   0.11037459  0.0
-2.86652914  -0.00001536  0.0
-2.86516553  -0.04031752  0.0
-2.86319613  -0.06433667  0.0
-2.84848806  -0.16592087  0.0
-2.82316984  -0.26905094  0.0
-2.78716426  -0.36392375  0.0
-2.74054104  -0.45845896  0.0
-2.68330103  -0.55235531  0.0
-2.61544190  -0.64555358  0.0
-2.53688744  -0.73917442  0.0
-2.44771514  -0.83209256  0.0
-2.34792509  -0.92344292  0.0
-2.23744141  -1.01223934  0.0
-2.11641575  -1.09754879  0.0
-1.98462005  -1.17851442  0.0
-1.84228215  -1.25450633  0.0
-1.68925097  -1.32431068  0.0
-1.52560218  -1.38691886  0.0
-1.35133723  -1.44107143  0.0
-1.16638207  -1.48468263  0.0
-0.97081235  -1.51506835  0.0
-0.83600000  -1.52474330  0.0
-0.83600000  -1.52534484  0.0
;;

