# exterior:
# ---------
 2.43654667  -0.49161212  0.0
 2.26541195  -0.56635678  0.0
 2.06312000  -0.65673964  0.0
 1.86082805  -0.74832851  0.0
 1.65861195  -0.84006909  0.0
 1.45632000  -0.93108909  0.0
 1.25402805  -1.02004597  0.0
 1.05181195  -1.10573371  0.0
 0.84952000  -1.18658223  0.0
 0.83600000  -1.19159533  0.0
 0.83600000  -1.19095541  0.0
 0.84930433  -1.18602228  0.0
 1.05158354  -1.10517886  0.0
 1.25379023  -1.01949510  0.0
 1.45607614  -0.93054088  0.0
 1.65836491  -0.83952231  0.0
 1.86058058  -0.74778193  0.0
 2.06287253  -0.65619305  0.0
 2.06287524  -0.65619183  0.0
 2.26516719  -0.56580897  0.0
 2.26517180  -0.56580694  0.0
 2.43654667  -0.49095739  0.0
 2.43654667  -0.49161212  0.0
;;

