# exterior:
# ---------
 4.28927548   0.15437330  0.0
 4.40703670   0.11884936  0.0
 4.52703140   0.08241102  0.0
 4.63906185   0.04824818  0.0
 4.66583690   0.04020808  0.0
 4.69208100   0.03238037  0.0
 4.71787000   0.02469676  0.0
 4.71727000   0.02424946  0.0
 4.71727000   0.02424946  0.0
 4.69190951   0.03180540  0.0
 4.66566541   0.03963312  0.0
 4.66566434   0.03963343  0.0
 4.63888929   0.04767353  0.0
 4.63888684   0.04767428  0.0
 4.52685673   0.08183701  0.0
 4.40686289   0.11827509  0.0
 4.28927548   0.15374660  0.0
 4.28927548   0.15437330  0.0
;;

