# exterior:
# ---------
 4.71727000  -0.02393768  0.0
 4.69221956  -0.01799188  0.0
 4.69219764  -0.01798711  0.0
 4.58411139   0.00343293  0.0
 4.58406498   0.00344025  0.0
 4.46809033   0.01710842  0.0
 4.46804454   0.01711205  0.0
 4.34410564   0.02216366  0.0
 4.34406664   0.02216398  0.0
 4.21216349   0.01896311  0.0
 4.21213083   0.01896142  0.0
 4.07233928   0.00792525  0.0
 4.07231112   0.00792236  0.0
 3.92455532  -0.01078984  0.0
 3.92452825  -0.01079390  0.0
 3.76888405  -0.03776616  0.0
 3.76885752  -0.03777137  0.0
 3.60524907  -0.07378495  0.0
 3.60522495  -0.07379079  0.0
 3.43372810  -0.11905048  0.0
 3.43370577  -0.11905684  0.0
 3.25424467  -0.17392673  0.0
 3.25422567  -0.17393289  0.0
 3.06680032  -0.23813233  0.0
 3.06678429  -0.23813807  0.0
 2.87147054  -0.31129540  0.0
 2.87145766  -0.31130039  0.0
 2.66969666  -0.39221717  0.0
 2.66968696  -0.39222116  0.0
 2.46739501  -0.47748414  0.0
 2.46738790  -0.47748720  0.0
 2.26517180  -0.56580694  0.0
 2.26516719  -0.56580897  0.0
 2.06287524  -0.65619183  0.0
 2.06287253  -0.65619305  0.0
 1.86058058  -0.74778193  0.0
 1.65836491  -0.83952231  0.0
 1.45607614  -0.93054088  0.0
 1.25379023  -1.01949510  0.0
 1.05158354  -1.10517886  0.0
 0.84930433  -1.18602228  0.0
 0.64702804  -1.26102454  0.0
 0.44483083  -1.32905563  0.0
 0.24256078  -1.38911475  0.0
 0.04029431  -1.44042081  0.0
-0.16189148  -1.48162393  0.0
-0.36414802  -1.51122301  0.0
-0.56639914  -1.52780047  0.0
-0.76856919  -1.52958254  0.0
-0.97081235  -1.51506835  0.0
-1.16638207  -1.48468263  0.0
-1.35133723  -1.44107143  0.0
-1.52560218  -1.38691886  0.0
-1.68925097  -1.32431068  0.0
-1.84228215  -1.25450633  0.0
-1.98462005  -1.17851442  0.0
-2.11641575  -1.09754879  0.0
-2.23744141  -1.01223934  0.0
-2.34792509  -0.92344292  0.0
-2.44771514  -0.83209256  0.0
-2.53688744  -0.73917442  0.0
-2.61544190  -0.64555358  0.0
-2.68330103  -0.55235531  0.0
-2.74054104  -0.45845896  0.0
-2.78716426  -0.36392375  0.0
-2.82316984  -0.26905094  0.0
-2.84848806  -0.16592087  0.0
-2.86319613  -0.06433667  0.0
-2.86516553  -0.04031752  0.0
-2.86652914  -0.00001536  0.0
-2.85712909   0.11037459  0.0
-2.83711622   0.22282568  0.0
-2.80649516   0.32039619  0.0
-2.76518341   0.41178991  0.0
-2.71325397   0.50283700  0.0
-2.65070876   0.59203785  0.0
-2.57754608   0.67918104  0.0
-2.49369003   0.76390143  0.0
-2.39921641   0.84528825  0.0
-2.29404832   0.92269712  0.0
-2.17833715   0.99568767  0.0
-2.05185504   1.06363768  0.0
-1.91482892   1.12610703  0.0
-1.76718367   1.18260200  0.0
-1.60884347   1.23226532  0.0
-1.43980849   1.27445960  0.0
-1.26023042   1.30803949  0.0
-1.06995720   1.33230710  0.0
-0.86974538   1.34618542  0.0
-0.66748106   1.35009874  0.0
-0.46521263   1.34547243  0.0
-0.26301647   1.33351206  0.0
-0.06074213   1.31537032  0.0
 0.14153326   1.29138852  0.0
 0.34373412   1.26185475  0.0
 0.54601224   1.22726952  0.0
 0.74829148   1.18798927  0.0
 0.95049584   1.14436288  0.0
 1.15277750   1.09661015  0.0
 1.35506086   1.04544392  0.0
 1.55726963   0.99135724  0.0
 1.75955557   0.93471414  0.0
 1.96184271   0.87606832  0.0
 2.16405492   0.81579148  0.0
 2.36634376   0.75416431  0.0
 2.56863328   0.69146745  0.0
 2.77084780   0.62798150  0.0
 2.97018075   0.56499592  0.0
 3.16154984   0.50429332  0.0
 3.34495498   0.44601022  0.0
 3.52047223   0.39035138  0.0
 3.52047391   0.39035086  0.0
 3.68802656   0.33775647  0.0
 3.68802793   0.33775604  0.0
 3.84761633   0.28808187  0.0
 3.84761817   0.28808130  0.0
 3.99931817   0.24139563  0.0
 3.99932021   0.24139500  0.0
 4.14313181   0.19769782  0.0
 4.14313349   0.19769731  0.0
 4.27898058   0.15685216  0.0
 4.40686289   0.11827509  0.0
 4.52685673   0.08183701  0.0
 4.63888684   0.04767428  0.0
 4.63888929   0.04767353  0.0
 4.66566434   0.03963343  0.0
 4.66566541   0.03963312  0.0
 4.69190951   0.03180540  0.0
 4.71727000   0.02424946  0.0
 4.71727000  -0.02393768  0.0
;;

# interior:
# ---------
 4.71227000  -0.01761200  0.0
 4.71227000   0.02052196  0.0
 4.69048039   0.02701398  0.0
 4.66423186   0.03484303  0.0
 4.66422636   0.03484468  0.0
 4.63745131   0.04288478  0.0
 4.63744109   0.04288786  0.0
 4.63743864   0.04288860  0.0
 4.63742843   0.04289170  0.0
 4.52540111   0.07705359  0.0
 4.40541446   0.11348948  0.0
 4.27753872   0.15206457  0.0
 4.14169381   0.19290906  0.0
 4.14168683   0.19291117  0.0
 4.14168516   0.19291167  0.0
 4.14167819   0.19291378  0.0
 3.99786659   0.23661097  0.0
 3.99785806   0.23661357  0.0
 3.99785601   0.23661419  0.0
 3.99784749   0.23661681  0.0
 3.84614749   0.28330248  0.0
 3.84613983   0.28330485  0.0
 3.84613799   0.28330542  0.0
 3.84613033   0.28330779  0.0
 3.68654193   0.33298196  0.0
 3.68653621   0.33298375  0.0
 3.68653483   0.33298417  0.0
 3.68652911   0.33298597  0.0
 3.51897646   0.38558036  0.0
 3.51896948   0.38558255  0.0
 3.51896781   0.38558308  0.0
 3.51896084   0.38558529  0.0
 3.34344069   0.44124505  0.0
 3.16003680   0.49952774  0.0
 2.96867162   0.56022911  0.0
 2.76934571   0.62321246  0.0
 2.56714432   0.68669429  0.0
 2.36487508   0.74938486  0.0
 2.16261218   0.81100413  0.0
 1.96043241   0.87127130  0.0
 1.75818531   0.92990551  0.0
 1.55594949   0.98653458  0.0
 1.35380176   1.04060493  0.0
 1.15158998   1.09175306  0.0
 0.94939410   1.13948554  0.0
 0.74728755   1.18309082  0.0
 0.54511422   1.22235050  0.0
 0.34295135   1.25691603  0.0
 0.14087748   1.28643125  0.0
-0.06125990   1.31039669  0.0
-0.26338751   1.32852527  0.0
-0.46541749   1.34047581  0.0
-0.66748987   1.34509764  0.0
-0.86952401   1.34118876  0.0
-1.06946762   1.32732904  0.0
-1.25945396   1.30309802  0.0
-1.43874255   1.26957226  0.0
-1.60748862   1.22745009  0.0
-1.76554050   1.17787721  0.0
-1.91289657   1.12149289  0.0
-2.04963248   1.05915584  0.0
-2.17581713   0.99136564  0.0
-2.29122893   0.91856394  0.0
-2.39609817   0.84137503  0.0
-2.49027614   0.76024290  0.0
-2.57384841   0.67580922  0.0
-2.64673965   0.58898934  0.0
-2.70902624   0.50015733  0.0
-2.76072392   0.40951658  0.0
-2.80181484   0.31861140  0.0
-2.83224970   0.22163418  0.0
-2.85216647   0.10972308  0.0
-2.86152194  -0.00014339  0.0
-2.86017245  -0.04002852  0.0
-2.85822552  -0.06377360  0.0
-2.84357442  -0.16496434  0.0
-2.81838683  -0.26756231  0.0
-2.78257433  -0.36192636  0.0
-2.73615553  -0.45604708  0.0
-2.67913840  -0.54957783  0.0
-2.61150108  -0.64247145  0.0
-2.53316441  -0.73583273  0.0
-2.44421967  -0.82851375  0.0
-2.34466752  -0.91964633  0.0
-2.23443194  -1.00824336  0.0
-2.11366405  -1.09337110  0.0
-1.98213175  -1.17417492  0.0
-1.84006505  -1.25002203  0.0
-1.68731826  -1.31969667  0.0
-1.52396532  -1.38219166  0.0
-1.35002001  -1.43624490  0.0
-1.16542306  -1.47977164  0.0
-0.97024862  -1.51009595  0.0
-0.76841202  -1.52458096  0.0
-0.56662570  -1.52280227  0.0
-0.36471482  -1.50625270  0.0
-0.16275336  -1.47669681  0.0
 0.03917980  -1.43554516  0.0
 0.24123397  -1.38429295  0.0
 0.44332151  -1.32428803  0.0
 0.64536126  -1.25630992  0.0
 0.84750709  -1.18135603  0.0
 1.04968014  -1.10055504  0.0
 1.25180838  -1.01490452  0.0
 1.45404394  -0.92597244  0.0
 1.65630623  -0.83496578  0.0
 1.85851832  -0.74322703  0.0
 2.06081027  -0.65163815  0.0
 2.06082157  -0.65163306  0.0
 2.06082428  -0.65163183  0.0
 2.06083560  -0.65162676  0.0
 2.26312755  -0.56124390  0.0
 2.26314673  -0.56123538  0.0
 2.26315134  -0.56123335  0.0
 2.26317056  -0.56122490  0.0
 2.46538666  -0.47290516  0.0
 2.46541625  -0.47289235  0.0
 2.46542336  -0.47288930  0.0
 2.46545304  -0.47287668  0.0
 2.66774499  -0.38761369  0.0
 2.66778532  -0.38759690  0.0
 2.66779502  -0.38759291  0.0
 2.66783550  -0.38757647  0.0
 2.86959650  -0.30665969  0.0
 2.86965005  -0.30663857  0.0
 2.86966293  -0.30663358  0.0
 2.86971672  -0.30661308  0.0
 3.06503047  -0.23345575  0.0
 3.06509708  -0.23343134  0.0
 3.06511311  -0.23342559  0.0
 3.06518007  -0.23340213  0.0
 3.25260542  -0.16920269  0.0
 3.25268436  -0.16917638  0.0
 3.25270336  -0.16917022  0.0
 3.25278273  -0.16914523  0.0
 3.43224383  -0.11427534  0.0
 3.43233661  -0.11424795  0.0
 3.43235894  -0.11424159  0.0
 3.43245223  -0.11421601  0.0
 3.60394908  -0.06895631  0.0
 3.60404933  -0.06893096  0.0
 3.60407345  -0.06892513  0.0
 3.60417420  -0.06890185  0.0
 3.76778265  -0.03288827  0.0
 3.76789296  -0.03286529  0.0
 3.76791950  -0.03286007  0.0
 3.76803030  -0.03283958  0.0
 3.92367450  -0.00586732  0.0
 3.92378709  -0.00584913  0.0
 3.92381415  -0.00584508  0.0
 3.92392712  -0.00582946  0.0
 4.07168292   0.01288274  0.0
 4.07180012   0.01289618  0.0
 4.07182828   0.01289907  0.0
 4.07194577   0.01290974  0.0
 4.21173732   0.02394591  0.0
 4.21187333   0.02395479  0.0
 4.21190599   0.02395647  0.0
 4.21204220   0.02396164  0.0
 4.34394535   0.02716251  0.0
 4.34410783   0.02716381  0.0
 4.34414682   0.02716349  0.0
 4.34430926   0.02715951  0.0
 4.46824816   0.02210790  0.0
 4.46843925   0.02209644  0.0
 4.46848504   0.02209282  0.0
 4.46867555   0.02207405  0.0
 4.58465020   0.00840588  0.0
 4.58484417   0.00837916  0.0
 4.58489058   0.00837184  0.0
 4.58508336   0.00833755  0.0
 4.69316961  -0.01308249  0.0
 4.69326115  -0.01310153  0.0
 4.69328308  -0.01310630  0.0
 4.69337425  -0.01312704  0.0
 4.71227000  -0.01761200  0.0
;;

