# exterior:
# ---------
 2.52254667   0.70637952  0.0
 2.56881195   0.69204023  0.0
 2.77102805   0.62855378  0.0
 2.97036185   0.56556794  0.0
 3.16173140   0.50486518  0.0
 3.34513670   0.44658204  0.0
 3.52065360   0.39092331  0.0
 3.68820625   0.33832893  0.0
 3.71787000   0.32909566  0.0
 3.71787000   0.32846727  0.0
 3.68802793   0.33775604  0.0
 3.68802656   0.33775647  0.0
 3.52047391   0.39035086  0.0
 3.52047223   0.39035138  0.0
 3.34495498   0.44601022  0.0
 3.16154984   0.50429332  0.0
 2.97018075   0.56499592  0.0
 2.77084780   0.62798150  0.0
 2.56863328   0.69146745  0.0
 2.52254667   0.70575136  0.0
 2.52254667   0.70637952  0.0
;;

