# exterior:
# ---------
 4.71787000  -0.02469676  0.0
 4.69208100  -0.01857566  0.0
 4.58399475   0.00284438  0.0
 4.46802010   0.01651255  0.0
 4.34408120   0.02156416  0.0
 4.21217805   0.01836329  0.0
 4.07238650   0.00732711  0.0
 3.92463070  -0.01138508  0.0
 3.76898650  -0.03835735  0.0
 3.60537805  -0.07437092  0.0
 3.43388120  -0.11963062  0.0
 3.25442010  -0.17450051  0.0
 3.06699475  -0.23869995  0.0
 2.87168100  -0.31185727  0.0
 2.66992000  -0.39277406  0.0
 2.46762805  -0.47803704  0.0
 2.26541195  -0.56635678  0.0
 2.06312000  -0.65673964  0.0
 1.86082805  -0.74832851  0.0
 1.65861195  -0.84006909  0.0
 1.45632000  -0.93108909  0.0
 1.25402805  -1.02004597  0.0
 1.05181195  -1.10573371  0.0
 0.84952000  -1.18658223  0.0
 0.64722805  -1.26159029  0.0
 0.44501195  -1.32962775  0.0
 0.24272000  -1.38969336  0.0
 0.04042805  -1.44100589  0.0
-0.16178805  -1.48221519  0.0
-0.36408000  -1.51181944  0.0
-0.56637195  -1.52840025  0.0
-0.76858805  -1.53018273  0.0
-0.97088000  -1.51566504  0.0
-1.16649715  -1.48527194  0.0
-1.35149530  -1.44165061  0.0
-1.52579860  -1.38748613  0.0
-1.68948290  -1.32486436  0.0
-1.84254820  -1.25504444  0.0
-1.98491865  -1.17903516  0.0
-2.11674595  -1.09805011  0.0
-2.23780255  -1.01271886  0.0
-2.34831600  -0.92389851  0.0
-2.44813460  -0.83252202  0.0
-2.53733420  -0.73957542  0.0
-2.61591480  -0.64592343  0.0
-2.68380055  -0.55268861  0.0
-2.74106730  -0.45874838  0.0
-2.78771505  -0.36416343  0.0
-2.82374380  -0.26922957  0.0
-2.84907770  -0.16603565  0.0
-2.86379260  -0.06440424  0.0
-2.86576470  -0.04035220  0.0
-2.86713000   0.00000000  0.0
-2.85772460   0.11045277  0.0
-2.83770020   0.22296866  0.0
-2.80705680   0.32061037  0.0
-2.76571855   0.41206271  0.0
-2.71376130   0.50315856  0.0
-2.65118505   0.59240367  0.0
-2.57798980   0.67958566  0.0
-2.49409970   0.76434045  0.0
-2.39959060   0.84575784  0.0
-2.29438665   0.92319310  0.0
-2.17863955   0.99620632  0.0
-2.05212175   1.06417550  0.0
-1.91506080   1.12666073  0.0
-1.76738085   1.18316898  0.0
-1.60900605   1.23284314  0.0
-1.43993640   1.27504609  0.0
-1.26032360   1.30863246  0.0
-1.07001595   1.33290446  0.0
-0.86977195   1.34678502  0.0
-0.66748000   1.35069888  0.0
-0.46518805   1.34607203  0.0
-0.26297195   1.33411048  0.0
-0.06068000   1.31596716  0.0
 0.14161195   1.29198339  0.0
 0.34382805   1.26244740  0.0
 0.54612000   1.22785980  0.0
 0.74841195   1.18857709  0.0
 0.95062805   1.14494816  0.0
 1.15292000   1.09719301  0.0
 1.35521195   1.04602460  0.0
 1.55742805   0.99193596  0.0
 1.75972000   0.93529118  0.0
 1.96201195   0.87664396  0.0
 2.16422805   0.81636597  0.0
 2.36652000   0.75473784  0.0
 2.56881195   0.69204023  0.0
 2.77102805   0.62855378  0.0
 2.97036185   0.56556794  0.0
 3.16173140   0.50486518  0.0
 3.34513670   0.44658204  0.0
 3.52065360   0.39092331  0.0
 3.68820625   0.33832893  0.0
 3.84779465   0.28865476  0.0
 3.99949465   0.24196909  0.0
 4.14330625   0.19827190  0.0
 4.27915360   0.15742667  0.0
 4.40703670   0.11884936  0.0
 4.52703140   0.08241102  0.0
 4.63906185   0.04824818  0.0
 4.66583690   0.04020808  0.0
 4.69208100   0.03238037  0.0
 4.71787000   0.02469676  0.0
 4.71787000  -0.02469676  0.0
;;

# interior:
# ---------
 4.71727000  -0.02393768  0.0
 4.71727000   0.02424946  0.0
 4.69190951   0.03180540  0.0
 4.66566541   0.03963312  0.0
 4.66566434   0.03963343  0.0
 4.63888929   0.04767353  0.0
 4.63888684   0.04767428  0.0
 4.52685673   0.08183701  0.0
 4.40686289   0.11827509  0.0
 4.27898058   0.15685216  0.0
 4.14313349   0.19769731  0.0
 4.14313181   0.19769782  0.0
 3.99932021   0.24139500  0.0
 3.99931817   0.24139563  0.0
 3.84761817   0.28808130  0.0
 3.84761633   0.28808187  0.0
 3.68802793   0.33775604  0.0
 3.68802656   0.33775647  0.0
 3.52047391   0.39035086  0.0
 3.52047223   0.39035138  0.0
 3.34495498   0.44601022  0.0
 3.16154984   0.50429332  0.0
 2.97018075   0.56499592  0.0
 2.77084780   0.62798150  0.0
 2.56863328   0.69146745  0.0
 2.36634376   0.75416431  0.0
 2.16405492   0.81579148  0.0
 1.96184271   0.87606832  0.0
 1.75955557   0.93471414  0.0
 1.55726963   0.99135724  0.0
 1.35506086   1.04544392  0.0
 1.15277750   1.09661015  0.0
 0.95049584   1.14436288  0.0
 0.74829148   1.18798927  0.0
 0.54601224   1.22726952  0.0
 0.34373412   1.26185475  0.0
 0.14153326   1.29138852  0.0
-0.06074213   1.31537032  0.0
-0.26301647   1.33351206  0.0
-0.46521263   1.34547243  0.0
-0.66748106   1.35009874  0.0
-0.86974538   1.34618542  0.0
-1.06995720   1.33230710  0.0
-1.26023042   1.30803949  0.0
-1.43980849   1.27445960  0.0
-1.60884347   1.23226532  0.0
-1.76718367   1.18260200  0.0
-1.91482892   1.12610703  0.0
-2.05185504   1.06363768  0.0
-2.17833715   0.99568767  0.0
-2.29404832   0.92269712  0.0
-2.39921641   0.84528825  0.0
-2.49369003   0.76390143  0.0
-2.57754608   0.67918104  0.0
-2.65070876   0.59203785  0.0
-2.71325397   0.50283700  0.0
-2.76518341   0.41178991  0.0
-2.80649516   0.32039619  0.0
-2.83711622   0.22282568  0.0
-2.85712909   0.11037459  0.0
-2.86652914  -0.00001536  0.0
-2.86516553  -0.04031752  0.0
-2.86319613  -0.06433667  0.0
-2.84848806  -0.16592087  0.0
-2.82316984  -0.26905094  0.0
-2.78716426  -0.36392375  0.0
-2.74054104  -0.45845896  0.0
-2.68330103  -0.55235531  0.0
-2.61544190  -0.64555358  0.0
-2.53688744  -0.73917442  0.0
-2.44771514  -0.83209256  0.0
-2.34792509  -0.92344292  0.0
-2.23744141  -1.01223934  0.0
-2.11641575  -1.09754879  0.0
-1.98462005  -1.17851442  0.0
-1.84228215  -1.25450633  0.0
-1.68925097  -1.32431068  0.0
-1.52560218  -1.38691886  0.0
-1.35133723  -1.44107143  0.0
-1.16638207  -1.48468263  0.0
-0.97081235  -1.51506835  0.0
-0.76856919  -1.52958254  0.0
-0.56639914  -1.52780047  0.0
-0.36414802  -1.51122301  0.0
-0.16189148  -1.48162393  0.0
 0.04029431  -1.44042081  0.0
 0.24256078  -1.38911475  0.0
 0.44483083  -1.32905563  0.0
 0.64702804  -1.26102454  0.0
 0.84930433  -1.18602228  0.0
 1.05158354  -1.10517886  0.0
 1.25379023  -1.01949510  0.0
 1.45607614  -0.93054088  0.0
 1.65836491  -0.83952231  0.0
 1.86058058  -0.74778193  0.0
 2.06287253  -0.65619305  0.0
 2.06287524  -0.65619183  0.0
 2.26516719  -0.56580897  0.0
 2.26517180  -0.56580694  0.0
 2.46738790  -0.47748720  0.0
 2.46739501  -0.47748414  0.0
 2.66968696  -0.39222116  0.0
 2.66969666  -0.39221717  0.0
 2.87145766  -0.31130039  0.0
 2.87147054  -0.31129540  0.0
 3.06678429  -0.23813807  0.0
 3.06680032  -0.23813233  0.0
 3.25422567  -0.17393289  0.0
 3.25424467  -0.17392673  0.0
 3.43370577  -0.11905684  0.0
 3.43372810  -0.11905048  0.0
 3.60522495  -0.07379079  0.0
 3.60524907  -0.07378495  0.0
 3.76885752  -0.03777137  0.0
 3.76888405  -0.03776616  0.0
 3.92452825  -0.01079390  0.0
 3.92455532  -0.01078984  0.0
 4.07231112   0.00792236  0.0
 4.07233928   0.00792525  0.0
 4.21213083   0.01896142  0.0
 4.21216349   0.01896311  0.0
 4.34406664   0.02216398  0.0
 4.34410564   0.02216366  0.0
 4.46804454   0.01711205  0.0
 4.46809033   0.01710842  0.0
 4.58406498   0.00344025  0.0
 4.58411139   0.00343293  0.0
 4.69219764  -0.01798711  0.0
 4.69221956  -0.01799188  0.0
 4.71727000  -0.02393768  0.0
;;

