# exterior:
# ---------
 3.71787000  -0.04960914  0.0
 3.60537805  -0.07437092  0.0
 3.43388120  -0.11963062  0.0
 3.25442010  -0.17450051  0.0
 3.06699475  -0.23869995  0.0
 2.87168100  -0.31185727  0.0
 2.66992000  -0.39277406  0.0
 2.52254667  -0.45488968  0.0
 2.52254667  -0.45423856  0.0
 2.66968696  -0.39222116  0.0
 2.66969666  -0.39221717  0.0
 2.87145766  -0.31130039  0.0
 2.87147054  -0.31129540  0.0
 3.06678429  -0.23813807  0.0
 3.06680032  -0.23813233  0.0
 3.25422567  -0.17393289  0.0
 3.25424467  -0.17392673  0.0
 3.43370577  -0.11905684  0.0
 3.43372810  -0.11905048  0.0
 3.60522495  -0.07379079  0.0
 3.60524907  -0.07378495  0.0
 3.71787000  -0.04899477  0.0
 3.71787000  -0.04960914  0.0
;;

