# exterior:
# ---------
-0.75000000  -1.38841338  0.0
-0.75000000   1.20747581  0.0
-0.66772948   1.20906755  0.0
-0.47098955   1.20456768  0.0
-0.27347963   1.19288452  0.0
-0.07534325   1.17511391  0.0
 0.12304030   1.15159352  0.0
 0.32166006   1.12258282  0.0
 0.52068825   1.08855325  0.0
 0.71998070   1.04985300  0.0
 0.75000000   1.04337622  0.0
 0.75000000  -1.07246273  0.0
 0.60002503  -1.12807212  0.0
 0.40226784  -1.19460933  0.0
 0.20514456  -1.25314023  0.0
 0.00886515  -1.30292764  0.0
-0.18619660  -1.34267898  0.0
-0.38013187  -1.37106028  0.0
-0.57278825  -1.38685131  0.0
-0.75000000  -1.38841338  0.0
;;

# interior:
# ---------
-0.74500000  -1.38336911  0.0
-0.57301482  -1.38185311  0.0
-0.38069867  -1.36608997  0.0
-0.18705849  -1.33775185  0.0
 0.00775064  -1.29805200  0.0
 0.20381774  -1.24831844  0.0
 0.40075852  -1.18984173  0.0
 0.59835826  -1.12335749  0.0
 0.74500000  -1.06898403  0.0
 0.74500000   1.03933994  0.0
 0.71897677   1.04495455  0.0
 0.51979023   1.08363423  0.0
 0.32087729   1.11764409  0.0
 0.12238452   1.14663625  0.0
-0.07586102   1.17014028  0.0
-0.27385066   1.18789773  0.0
-0.47119441   1.19957106  0.0
-0.66773829   1.20406644  0.0
-0.74500000   1.20257161  0.0
-0.74500000  -1.38336911  0.0
;;

