# exterior:
# ---------
 2.43154667  -0.41675586  0.0
 2.23715437  -0.50165848  0.0
 2.23714476  -0.50166270  0.0
 2.23691414  -0.50176400  0.0
 2.23690454  -0.50176823  0.0
 2.23686153  -0.50178723  0.0
 2.23685193  -0.50179148  0.0
 2.23662174  -0.50189375  0.0
 2.23661215  -0.50189802  0.0
 2.03432020  -0.59228088  0.0
 2.03431455  -0.59228341  0.0
 2.03417880  -0.59234426  0.0
 2.03417315  -0.59234680  0.0
 2.03414782  -0.59235819  0.0
 2.03414217  -0.59236074  0.0
 2.03400658  -0.59242193  0.0
 2.03400093  -0.59242448  0.0
 1.83170551  -0.68401493  0.0
 1.62954344  -0.77573097  0.0
 1.42762534  -0.86658276  0.0
 1.22604434  -0.95522700  0.0
 1.02493588  -1.04044539  0.0
 0.84100000  -1.11395767  0.0
 0.84600000  -1.10657482  0.0
 1.02303248  -1.03582157  0.0
 1.22406249  -0.95063642  0.0
 1.42559314  -0.86201432  0.0
 1.62748476  -0.77117445  0.0
 1.82964325  -0.67946003  0.0
 2.03194150  -0.58786830  0.0
 2.03194997  -0.58786448  0.0
 2.03208839  -0.58780201  0.0
 2.03209687  -0.58779820  0.0
 2.03212502  -0.58778554  0.0
 2.03213350  -0.58778173  0.0
 2.03227207  -0.58771961  0.0
 2.03228056  -0.58771581  0.0
 2.23457251  -0.49733295  0.0
 2.23457730  -0.49733081  0.0
 2.23458689  -0.49732654  0.0
 2.23459168  -0.49732441  0.0
 2.23482187  -0.49722214  0.0
 2.23482667  -0.49722001  0.0
 2.23483627  -0.49721576  0.0
 2.23484107  -0.49721364  0.0
 2.23488407  -0.49719464  0.0
 2.23488888  -0.49719252  0.0
 2.23489848  -0.49718829  0.0
 2.23490328  -0.49718618  0.0
 2.23513390  -0.49708487  0.0
 2.23513871  -0.49708277  0.0
 2.23514832  -0.49707856  0.0
 2.23515313  -0.49707645  0.0
 2.42654663  -0.41348358  0.0
 2.42654667  -0.41348357  0.0
 2.43154667  -0.41675586  0.0
;;

