# exterior:
# ---------
-0.74500000  -1.38336911  0.0
-0.74500000   1.20257161  0.0
-0.66773829   1.20406644  0.0
-0.47119441   1.19957106  0.0
-0.27385066   1.18789773  0.0
-0.07586102   1.17014028  0.0
 0.12238452   1.14663625  0.0
 0.32087729   1.11764409  0.0
 0.51979023   1.08363423  0.0
 0.71897677   1.04495455  0.0
 0.74500000   1.03933994  0.0
 0.74500000  -1.06898403  0.0
 0.59835826  -1.12335749  0.0
 0.40075852  -1.18984173  0.0
 0.20381774  -1.24831844  0.0
 0.00775064  -1.29805200  0.0
-0.18705849  -1.33775185  0.0
-0.38069867  -1.36608997  0.0
-0.57301482  -1.38185311  0.0
-0.74500000  -1.38336911  0.0
;;

# interior:
# ---------
-0.74000000  -1.37832485  0.0
-0.57324138  -1.37685492  0.0
-0.38126548  -1.36111966  0.0
-0.18792037  -1.33282472  0.0
 0.00663613  -1.29317636  0.0
 0.20249093  -1.24349665  0.0
 0.39924919  -1.18507413  0.0
 0.59669148  -1.11864287  0.0
 0.74000000  -1.06550534  0.0
 0.74000000   1.03530366  0.0
 0.71797284   1.04005610  0.0
 0.51889222   1.07871522  0.0
 0.32009453   1.11270537  0.0
 0.12172874   1.14167898  0.0
-0.07637879   1.16516665  0.0
-0.27422169   1.18291094  0.0
-0.47139926   1.19457444  0.0
-0.66774710   1.19906534  0.0
-0.74000000   1.19766742  0.0
-0.74000000  -1.37832485  0.0
;;

