# exterior:
# ---------
 3.71787000   0.01756133  0.0
 3.59127575  -0.01030467  0.0
 3.59006676  -0.01058393  0.0
 3.58984165  -0.01063839  0.0
 3.58863869  -0.01094259  0.0
 3.41714184  -0.05620228  0.0
 3.41602235  -0.05650934  0.0
 3.41581396  -0.05656867  0.0
 3.41470062  -0.05689733  0.0
 3.23523952  -0.11176722  0.0
 3.23428706  -0.11206713  0.0
 3.23410974  -0.11212458  0.0
 3.23316240  -0.11244029  0.0
 3.04573705  -0.17663973  0.0
 3.04493358  -0.17692134  0.0
 3.04478398  -0.17697496  0.0
 3.04398458  -0.17726794  0.0
 2.84867083  -0.25042526  0.0
 2.84802536  -0.25067128  0.0
 2.84790513  -0.25071790  0.0
 2.84726253  -0.25097133  0.0
 2.64550153  -0.33188811  0.0
 2.64501579  -0.33208539  0.0
 2.64492528  -0.33212261  0.0
 2.64444127  -0.33232412  0.0
 2.52254667  -0.38370085  0.0
 2.52754667  -0.37616744  0.0
 2.64249929  -0.32771666  0.0
 2.64251944  -0.32770822  0.0
 2.64300345  -0.32750670  0.0
 2.64302363  -0.32749835  0.0
 2.64311414  -0.32746113  0.0
 2.64313436  -0.32745287  0.0
 2.64362011  -0.32725559  0.0
 2.64364037  -0.32724741  0.0
 2.84540137  -0.24633063  0.0
 2.84542811  -0.24632000  0.0
 2.84607072  -0.24606656  0.0
 2.84609752  -0.24605608  0.0
 2.84621774  -0.24600946  0.0
 2.84624461  -0.24599914  0.0
 2.84689009  -0.24575312  0.0
 2.84691701  -0.24574294  0.0
 3.04223076  -0.17258562  0.0
 3.04226403  -0.17257329  0.0
 3.04306342  -0.17228032  0.0
 3.04309677  -0.17226823  0.0
 3.04324637  -0.17221460  0.0
 3.04327981  -0.17220275  0.0
 3.04408328  -0.17192115  0.0
 3.04411680  -0.17190953  0.0
 3.23154215  -0.10771009  0.0
 3.23158157  -0.10769678  0.0
 3.23252891  -0.10738106  0.0
 3.23256844  -0.10736807  0.0
 3.23274575  -0.10731062  0.0
 3.23278538  -0.10729796  0.0
 3.23373784  -0.10699805  0.0
 3.23377758  -0.10698572  0.0
 3.41323868  -0.05211583  0.0
 3.41328501  -0.05210191  0.0
 3.41439834  -0.05177326  0.0
 3.41444480  -0.05175979  0.0
 3.41465320  -0.05170045  0.0
 3.41469978  -0.05168743  0.0
 3.41581927  -0.05138037  0.0
 3.41586598  -0.05136781  0.0
 3.58736283  -0.00610811  0.0
 3.58741288  -0.00609518  0.0
 3.58861584  -0.00579098  0.0
 3.58866603  -0.00577856  0.0
 3.58889114  -0.00572410  0.0
 3.58894146  -0.00571221  0.0
 3.59015045  -0.00543295  0.0
 3.59020088  -0.00542157  0.0
 3.71287000   0.02158042  0.0
 3.71287000   0.02158042  0.0
 3.71787000   0.01756133  0.0
;;

