# exterior:
# ---------
-0.74500000   1.20257161  0.0
-0.66773829   1.20406644  0.0
-0.47119441   1.19957106  0.0
-0.27385066   1.18789773  0.0
-0.07586102   1.17014028  0.0
 0.12238452   1.14663625  0.0
 0.32087729   1.11764409  0.0
 0.51979023   1.08363423  0.0
 0.71897677   1.04495455  0.0
 0.74500000   1.03933994  0.0
 0.74000000   1.03530366  0.0
 0.73999998   1.03530366  0.0
 0.71797284   1.04005610  0.0
 0.51889222   1.07871522  0.0
 0.32009453   1.11270537  0.0
 0.12172874   1.14167898  0.0
-0.07637879   1.16516665  0.0
-0.27422169   1.18291094  0.0
-0.47139926   1.19457444  0.0
-0.66774710   1.19906534  0.0
-0.74000000   1.19766742  0.0
-0.74500000   1.20257161  0.0
;;

