# exterior:
# ---------
 3.71582602   0.19299335  0.0
 3.71592578   0.19294538  0.0
 3.71638400   0.19277782  0.0
 3.80898354   0.16395489  0.0
 3.80912443   0.16391114  0.0
 3.80919213   0.16389017  0.0
 3.80933449   0.16384621  0.0
 3.91964530   0.12989805  0.0
 3.91964530   0.12466663  0.0
 3.91964525   0.12466664  0.0
 3.80785941   0.15906875  0.0
 3.80771254   0.15911410  0.0
 3.80764166   0.15913606  0.0
 3.80749754   0.15918082  0.0
 3.71489800   0.18800375  0.0
 3.71466684   0.18808193  0.0
 3.71420862   0.18824949  0.0
 3.71378005   0.18843038  0.0
 3.71582602   0.19299335  0.0
;;

