# exterior:
# ---------
 0.74500000  -1.06898403  0.0
 0.74500000  -1.06898403  0.0
 0.59835826  -1.12335749  0.0
 0.40075852  -1.18984173  0.0
 0.20381774  -1.24831844  0.0
 0.00775064  -1.29805200  0.0
-0.18705849  -1.33775185  0.0
-0.38069867  -1.36608997  0.0
-0.57301482  -1.38185311  0.0
-0.74500000  -1.38336911  0.0
-0.74000000  -1.37832485  0.0
-0.57324138  -1.37685492  0.0
-0.38126548  -1.36111966  0.0
-0.18792037  -1.33282472  0.0
 0.00663613  -1.29317636  0.0
 0.20249093  -1.24349665  0.0
 0.39924919  -1.18507413  0.0
 0.59669148  -1.11864287  0.0
 0.74000000  -1.06550534  0.0
 0.74000000  -1.06550534  0.0
 0.74500000  -1.06898403  0.0
;;

