# exterior:
# ---------
 0.83600000   1.10257015  0.0
 0.93617317   1.08095740  0.0
 1.13733981   1.03346789  0.0
 1.33869258   0.98253704  0.0
 1.54010779   0.92866263  0.0
 1.74174223   0.87220196  0.0
 1.94350876   0.81370706  0.0
 2.14529929   0.75355593  0.0
 2.34725091   0.69203148  0.0
 2.43654667   0.66435549  0.0
 2.43154667   0.66067052  0.0
 2.43154667   0.66067053  0.0
 2.34578223   0.68725203  0.0
 2.14385655   0.74876858  0.0
 1.94209846   0.80891004  0.0
 1.74037197   0.86739333  0.0
 1.53878764   0.92383996  0.0
 1.33743348   0.97769805  0.0
 1.13615230   1.02861079  0.0
 0.93507143   1.07608005  0.0
 0.84100000   1.09637633  0.0
 0.83600000   1.10257015  0.0
;;

