# exterior:
# ---------
 3.91964530   0.11962669  0.0
 3.90822222   0.11818004  0.0
 3.90819395   0.11817638  0.0
 3.90751560   0.11808654  0.0
 3.90748735   0.11808271  0.0
 3.90613173   0.11789530  0.0
 3.90610350   0.11789132  0.0
 3.90542622   0.11779375  0.0
 3.90539801   0.11778960  0.0
 3.90514539   0.11775174  0.0
 3.90511721   0.11774743  0.0
 3.90444109   0.11764214  0.0
 3.90441293   0.11763767  0.0
 3.90306194   0.11741939  0.0
 3.90303381   0.11741477  0.0
 3.90235893   0.11730177  0.0
 3.90233082   0.11729699  0.0
 3.74668662   0.09032473  0.0
 3.74665888   0.09031984  0.0
 3.74599335   0.09020064  0.0
 3.74596563   0.09019559  0.0
 3.74463595   0.08994970  0.0
 3.74460827   0.08994450  0.0
 3.74394412   0.08981781  0.0
 3.74391646   0.08981245  0.0
 3.74366880   0.08976376  0.0
 3.74364118   0.08975825  0.0
 3.74297850   0.08962408  0.0
 3.74295090   0.08961842  0.0
 3.74162710   0.08934262  0.0
 3.74159954   0.08933680  0.0
 3.74093842   0.08919517  0.0
 3.74091089   0.08918920  0.0
 3.71679513   0.08388082  0.0
 3.71632858   0.08375419  0.0
 3.71587644   0.08358310  0.0
 3.71544293   0.08336915  0.0
 3.71503212   0.08311432  0.0
 3.71496307   0.08306162  0.0
 3.71205465   0.08712760  0.0
 3.71239656   0.08736331  0.0
 3.71280737   0.08761813  0.0
 3.71323003   0.08785279  0.0
 3.71366353   0.08806675  0.0
 3.71410688   0.08825950  0.0
 3.71455902   0.08843059  0.0
 3.71501890   0.08857962  0.0
 3.71548545   0.08870625  0.0
 3.71572026   0.08876392  0.0
 3.73983602   0.09407229  0.0
 3.73984978   0.09407530  0.0
 3.73987731   0.09408128  0.0
 3.73989108   0.09408425  0.0
 3.74055220   0.09422588  0.0
 3.74056598   0.09422881  0.0
 3.74059354   0.09423463  0.0
 3.74060733   0.09423752  0.0
 3.74193113   0.09451332  0.0
 3.74194492   0.09451617  0.0
 3.74197252   0.09452184  0.0
 3.74198632   0.09452465  0.0
 3.74264899   0.09465882  0.0
 3.74266280   0.09466160  0.0
 3.74269043   0.09466711  0.0
 3.74270425   0.09466985  0.0
 3.74295191   0.09471854  0.0
 3.74296573   0.09472123  0.0
 3.74299339   0.09472659  0.0
 3.74300722   0.09472925  0.0
 3.74367137   0.09485594  0.0
 3.74368521   0.09485856  0.0
 3.74371290   0.09486376  0.0
 3.74372674   0.09486634  0.0
 3.74505642   0.09511223  0.0
 3.74507028   0.09511478  0.0
 3.74509799   0.09511982  0.0
 3.74511186   0.09512232  0.0
 3.74577739   0.09524152  0.0
 3.74579126   0.09524399  0.0
 3.74581900   0.09524887  0.0
 3.74583288   0.09525130  0.0
 3.90147708   0.12222356  0.0
 3.90149113   0.12222597  0.0
 3.90151923   0.12223076  0.0
 3.90153329   0.12223314  0.0
 3.90220816   0.12234613  0.0
 3.90222223   0.12234846  0.0
 3.90225036   0.12235309  0.0
 3.90226443   0.12235538  0.0
 3.90361542   0.12257366  0.0
 3.90362950   0.12257592  0.0
 3.90365766   0.12258038  0.0
 3.90367174   0.12258260  0.0
 3.90434786   0.12268789  0.0
 3.90436195   0.12269006  0.0
 3.90439014   0.12269437  0.0
 3.90440423   0.12269650  0.0
 3.90465685   0.12273436  0.0
 3.90467095   0.12273646  0.0
 3.90469916   0.12274060  0.0
 3.90471326   0.12274266  0.0
 3.90539054   0.12284023  0.0
 3.90540465   0.12284224  0.0
 3.90543288   0.12284622  0.0
 3.90544700   0.12284820  0.0
 3.90680262   0.12303561  0.0
 3.90681675   0.12303754  0.0
 3.90684500   0.12304136  0.0
 3.90685913   0.12304325  0.0
 3.90753748   0.12313310  0.0
 3.90755161   0.12313495  0.0
 3.90757989   0.12313861  0.0
 3.90759403   0.12314042  0.0
 3.91964530   0.12466663  0.0
 3.91964530   0.11962669  0.0
;;

