# exterior:
# ---------
-0.83600000  -1.45957613  0.0
-0.96348381  -1.45042712  0.0
-1.15391498  -1.42083977  0.0
-1.33421329  -1.37832663  0.0
-1.50432303  -1.32546528  0.0
-1.66412574  -1.26432853  0.0
-1.81345989  -1.19621055  0.0
-1.95227214  -1.12210093  0.0
-2.08064367  -1.04323886  0.0
-2.19831827  -0.96029154  0.0
-2.30557670  -0.87408726  0.0
-2.40227398  -0.78556811  0.0
-2.48848804  -0.69573247  0.0
-2.56421117  -0.60548599  0.0
-2.62918678  -0.51624799  0.0
-2.68352940  -0.42710450  0.0
-2.72749515  -0.33795769  0.0
-2.76099066  -0.24969876  0.0
-2.78461069  -0.15348606  0.0
-2.79857818  -0.05701676  0.0
-2.80025545  -0.03656050  0.0
-2.80143563  -0.00167973  0.0
-2.79261507   0.10190497  0.0
-2.77385153   0.20733617  0.0
-2.74565100   0.29719394  0.0
-2.70721003   0.38223665  0.0
-2.65829350   0.46800125  0.0
-2.59911036   0.55240718  0.0
-2.52947639   0.63534736  0.0
-2.44930944   0.71634062  0.0
-2.35867928   0.79441639  0.0
-2.25739620   0.86896571  0.0
-2.14557693   0.93950125  0.0
-2.02296177   1.00537382  0.0
-1.88970836   1.06612321  0.0
-1.74582249   1.12117969  0.0
-1.59123049   1.16966739  0.0
-1.42595129   1.21092416  0.0
-1.25013643   1.24380035  0.0
-1.06359270   1.26759230  0.0
-0.86686747   1.28122893  0.0
-0.83600000   1.28182614  0.0
-0.84100000   1.27672847  0.0
-0.86664609   1.27623228  0.0
-1.06310312   1.26261424  0.0
-1.24935997   1.23885888  0.0
-1.42488535   1.20603682  0.0
-1.58987564   1.16485216  0.0
-1.74417932   1.11645490  0.0
-1.88777601   1.06150907  0.0
-2.02073921   1.00089198  0.0
-2.14305692   0.93517921  0.0
-2.25457681   0.86483252  0.0
-2.35556104   0.79050318  0.0
-2.44589555   0.71268210  0.0
-2.52577872   0.63197554  0.0
-2.59514125   0.54935866  0.0
-2.65406577   0.46532158  0.0
-2.70275054   0.37996332  0.0
-2.74097068   0.29540915  0.0
-2.76898501   0.20614467  0.0
-2.78765245   0.10125346  0.0
-2.79642844  -0.00180776  0.0
-2.79526237  -0.03627150  0.0
-2.79360757  -0.05645369  0.0
-2.77969704  -0.15252953  0.0
-2.75620765  -0.24821013  0.0
-2.72290522  -0.33596030  0.0
-2.67914389  -0.42469261  0.0
-2.62502414  -0.51347050  0.0
-2.56027035  -0.60240387  0.0
-2.48476501  -0.69239078  0.0
-2.39877850  -0.78198931  0.0
-2.30231914  -0.87029067  0.0
-2.19530879  -0.95629556  0.0
-2.07789197  -1.03906117  0.0
-1.94978384  -1.11776143  0.0
-1.81124279  -1.19172626  0.0
-1.66219303  -1.25971452  0.0
-1.50268618  -1.32073809  0.0
-1.33289606  -1.37350011  0.0
-1.15295598  -1.41592878  0.0
-0.96292008  -1.44545472  0.0
-0.84100000  -1.45420444  0.0
-0.83600000  -1.45957613  0.0
;;

