# exterior:
# ---------
 2.52754667   0.63091664  0.0
 2.54778786   0.62464317  0.0
 2.74981852   0.56121494  0.0
 2.94905288   0.49826052  0.0
 3.14036735   0.43757523  0.0
 3.32375777   0.37929682  0.0
 3.49931622   0.32362491  0.0
 3.49940335   0.32359735  0.0
 3.49942246   0.32359132  0.0
 3.49950963   0.32356389  0.0
 3.66706514   0.27096860  0.0
 3.66713668   0.27094619  0.0
 3.66715237   0.27094129  0.0
 3.66722394   0.27091897  0.0
 3.71287000   0.25671098  0.0
 3.71287000   0.25671098  0.0
 3.70787000   0.25303068  0.0
 3.70787000   0.25303068  0.0
 3.66573513   0.26614576  0.0
 3.66566091   0.26616892  0.0
 3.66564216   0.26617478  0.0
 3.66556769   0.26619810  0.0
 3.49800877   0.31879446  0.0
 3.49791835   0.31882292  0.0
 3.49789551   0.31883012  0.0
 3.49780483   0.31885881  0.0
 3.32224348   0.37453164  0.0
 3.13885431   0.43280966  0.0
 2.94754375   0.49349370  0.0
 2.74831642   0.55644590  0.0
 2.54629890   0.61987000  0.0
 2.53254667   0.62413232  0.0
 2.52754667   0.63091664  0.0
;;

