# exterior:
# ---------
 3.71287000   0.02158042  0.0
 3.71287000   0.02158042  0.0
 3.59020088  -0.00542157  0.0
 3.59015045  -0.00543295  0.0
 3.58894146  -0.00571221  0.0
 3.58889114  -0.00572410  0.0
 3.58866603  -0.00577856  0.0
 3.58861584  -0.00579098  0.0
 3.58741288  -0.00609518  0.0
 3.58736283  -0.00610811  0.0
 3.41586598  -0.05136781  0.0
 3.41581927  -0.05138037  0.0
 3.41469978  -0.05168743  0.0
 3.41465320  -0.05170045  0.0
 3.41444480  -0.05175979  0.0
 3.41439834  -0.05177326  0.0
 3.41328501  -0.05210191  0.0
 3.41323868  -0.05211583  0.0
 3.23377758  -0.10698572  0.0
 3.23373784  -0.10699805  0.0
 3.23278538  -0.10729796  0.0
 3.23274575  -0.10731062  0.0
 3.23256844  -0.10736807  0.0
 3.23252891  -0.10738106  0.0
 3.23158157  -0.10769678  0.0
 3.23154215  -0.10771009  0.0
 3.04411680  -0.17190953  0.0
 3.04408328  -0.17192115  0.0
 3.04327981  -0.17220275  0.0
 3.04324637  -0.17221460  0.0
 3.04309677  -0.17226823  0.0
 3.04306342  -0.17228032  0.0
 3.04226403  -0.17257329  0.0
 3.04223076  -0.17258562  0.0
 2.84691701  -0.24574294  0.0
 2.84689009  -0.24575312  0.0
 2.84624461  -0.24599914  0.0
 2.84621774  -0.24600946  0.0
 2.84609752  -0.24605608  0.0
 2.84607072  -0.24606656  0.0
 2.84542811  -0.24632000  0.0
 2.84540137  -0.24633063  0.0
 2.64364037  -0.32724741  0.0
 2.64362011  -0.32725559  0.0
 2.64313436  -0.32745287  0.0
 2.64311414  -0.32746113  0.0
 2.64302363  -0.32749835  0.0
 2.64300345  -0.32750670  0.0
 2.64251944  -0.32770822  0.0
 2.64249929  -0.32771666  0.0
 2.52754667  -0.37616744  0.0
 2.53254667  -0.36863404  0.0
 2.64055732  -0.32310919  0.0
 2.64056739  -0.32310496  0.0
 2.64058754  -0.32309652  0.0
 2.64059762  -0.32309231  0.0
 2.64108162  -0.32289080  0.0
 2.64109171  -0.32288661  0.0
 2.64111189  -0.32287826  0.0
 2.64112199  -0.32287409  0.0
 2.64121250  -0.32283687  0.0
 2.64122261  -0.32283273  0.0
 2.64124283  -0.32282447  0.0
 2.64125294  -0.32282034  0.0
 2.64173869  -0.32262307  0.0
 2.64174881  -0.32261897  0.0
 2.64176907  -0.32261079  0.0
 2.64177920  -0.32260672  0.0
 2.84354020  -0.24168994  0.0
 2.84355357  -0.24168460  0.0
 2.84358031  -0.24167396  0.0
 2.84359369  -0.24166866  0.0
 2.84423630  -0.24141523  0.0
 2.84424969  -0.24140997  0.0
 2.84427650  -0.24139948  0.0
 2.84428991  -0.24139426  0.0
 2.84441013  -0.24134765  0.0
 2.84442355  -0.24134246  0.0
 2.84445042  -0.24133214  0.0
 2.84446386  -0.24132699  0.0
 2.84510934  -0.24108097  0.0
 2.84512279  -0.24107587  0.0
 2.84514972  -0.24106569  0.0
 2.84516319  -0.24106063  0.0
 3.04047694  -0.16790330  0.0
 3.04049356  -0.16789711  0.0
 3.04052682  -0.16788478  0.0
 3.04054347  -0.16787865  0.0
 3.04134286  -0.16758568  0.0
 3.04135953  -0.16757960  0.0
 3.04139288  -0.16756751  0.0
 3.04140957  -0.16756150  0.0
 3.04155917  -0.16750787  0.0
 3.04157587  -0.16750191  0.0
 3.04160931  -0.16749006  0.0
 3.04162604  -0.16748417  0.0
 3.04242951  -0.16720256  0.0
 3.04244626  -0.16719673  0.0
 3.04247978  -0.16718511  0.0
 3.04249655  -0.16717934  0.0
 3.22992190  -0.10297990  0.0
 3.22994160  -0.10297320  0.0
 3.22998101  -0.10295988  0.0
 3.23000074  -0.10295326  0.0
 3.23094807  -0.10263755  0.0
 3.23096782  -0.10263101  0.0
 3.23100735  -0.10261802  0.0
 3.23102713  -0.10261157  0.0
 3.23120444  -0.10255411  0.0
 3.23122425  -0.10254774  0.0
 3.23126388  -0.10253508  0.0
 3.23128371  -0.10252879  0.0
 3.23223617  -0.10222888  0.0
 3.23225603  -0.10222268  0.0
 3.23229577  -0.10221035  0.0
 3.23231565  -0.10220422  0.0
 3.41177675  -0.04733433  0.0
 3.41179989  -0.04732732  0.0
 3.41184622  -0.04731340  0.0
 3.41186939  -0.04730650  0.0
 3.41298273  -0.04697784  0.0
 3.41300594  -0.04697105  0.0
 3.41305240  -0.04695758  0.0
 3.41307564  -0.04695090  0.0
 3.41328404  -0.04689156  0.0
 3.41330732  -0.04688500  0.0
 3.41335390  -0.04687198  0.0
 3.41337721  -0.04686552  0.0
 3.41449670  -0.04655847  0.0
 3.41452003  -0.04655213  0.0
 3.41456674  -0.04653956  0.0
 3.41459011  -0.04653333  0.0
 3.58608696  -0.00127363  0.0
 3.58611197  -0.00126710  0.0
 3.58616203  -0.00125417  0.0
 3.58618708  -0.00124777  0.0
 3.58739003  -0.00094356  0.0
 3.58741511  -0.00093729  0.0
 3.58746530  -0.00092488  0.0
 3.58749041  -0.00091873  0.0
 3.58771552  -0.00086428  0.0
 3.58774067  -0.00085826  0.0
 3.58779098  -0.00084637  0.0
 3.58781615  -0.00084048  0.0
 3.58902514  -0.00056122  0.0
 3.58905034  -0.00055547  0.0
 3.58910078  -0.00054409  0.0
 3.58912601  -0.00053847  0.0
 3.70787000   0.02559952  0.0
 3.70787000   0.02559952  0.0
 3.71287000   0.02158042  0.0
;;

