# exterior:
# ---------
 2.43654667  -0.42002816  0.0
 2.23915562  -0.50624052  0.0
 2.23892500  -0.50634182  0.0
 2.23888199  -0.50636082  0.0
 2.23865180  -0.50646309  0.0
 2.03635985  -0.59684595  0.0
 2.03622411  -0.59690680  0.0
 2.03619878  -0.59691819  0.0
 2.03606319  -0.59697938  0.0
 1.83377124  -0.68856825  0.0
 1.63160212  -0.78028749  0.0
 1.42965754  -0.87115119  0.0
 1.22802619  -0.95981758  0.0
 1.02683929  -1.04506921  0.0
 0.83600000  -1.12134052  0.0
 0.84100000  -1.11395767  0.0
 1.02493588  -1.04044539  0.0
 1.22604434  -0.95522700  0.0
 1.42762534  -0.86658276  0.0
 1.62954344  -0.77573097  0.0
 1.83170551  -0.68401493  0.0
 2.03400093  -0.59242448  0.0
 2.03400658  -0.59242193  0.0
 2.03414217  -0.59236074  0.0
 2.03414782  -0.59235819  0.0
 2.03417315  -0.59234680  0.0
 2.03417880  -0.59234426  0.0
 2.03431455  -0.59228341  0.0
 2.03432020  -0.59228088  0.0
 2.23661215  -0.50189802  0.0
 2.23662174  -0.50189375  0.0
 2.23685193  -0.50179148  0.0
 2.23686153  -0.50178723  0.0
 2.23690454  -0.50176823  0.0
 2.23691414  -0.50176400  0.0
 2.23714476  -0.50166270  0.0
 2.23715437  -0.50165848  0.0
 2.43154667  -0.41675586  0.0
 2.43654667  -0.42002816  0.0
;;

