# exterior:
# ---------
 2.52254667   0.63770097  0.0
 2.54927682   0.62941633  0.0
 2.75132061   0.56598398  0.0
 2.95056202   0.50302733  0.0
 3.14188038   0.44234081  0.0
 3.32526917   0.38406292  0.0
 3.50082413   0.32839211  0.0
 3.50090777   0.32836565  0.0
 3.50092339   0.32836072  0.0
 3.50100708   0.32833438  0.0
 3.66855973   0.27573999  0.0
 3.66862841   0.27571848  0.0
 3.66864123   0.27571447  0.0
 3.66870994   0.27569304  0.0
 3.71787000   0.26039127  0.0
 3.71287000   0.25671098  0.0
 3.71287000   0.25671098  0.0
 3.66722394   0.27091897  0.0
 3.66715237   0.27094129  0.0
 3.66713668   0.27094619  0.0
 3.66706514   0.27096860  0.0
 3.49950963   0.32356389  0.0
 3.49942246   0.32359132  0.0
 3.49940335   0.32359735  0.0
 3.49931622   0.32362491  0.0
 3.32375777   0.37929682  0.0
 3.14036735   0.43757523  0.0
 2.94905288   0.49826052  0.0
 2.74981852   0.56121494  0.0
 2.54778786   0.62464317  0.0
 2.52754667   0.63091664  0.0
 2.52254667   0.63770097  0.0
;;

