# exterior:
# ---------
 0.75000000  -1.07246273  0.0
 0.60002503  -1.12807212  0.0
 0.40226784  -1.19460933  0.0
 0.20514456  -1.25314023  0.0
 0.00886515  -1.30292764  0.0
-0.18619660  -1.34267898  0.0
-0.38013187  -1.37106028  0.0
-0.57278825  -1.38685131  0.0
-0.75000000  -1.38841338  0.0
-0.74500000  -1.38336911  0.0
-0.57301482  -1.38185311  0.0
-0.38069867  -1.36608997  0.0
-0.18705849  -1.33775185  0.0
 0.00775064  -1.29805200  0.0
 0.20381774  -1.24831844  0.0
 0.40075852  -1.18984173  0.0
 0.59835826  -1.12335749  0.0
 0.74500000  -1.06898403  0.0
 0.74500000  -1.06898403  0.0
 0.75000000  -1.07246273  0.0
;;

