# exterior:
# ---------
 0.75000000  -1.21751080  0.0
 0.64536126  -1.25630992  0.0
 0.44332151  -1.32428803  0.0
 0.24123397  -1.38429295  0.0
 0.03917980  -1.43554516  0.0
-0.16275336  -1.47669681  0.0
-0.36471482  -1.50625270  0.0
-0.56662570  -1.52280227  0.0
-0.75000000  -1.52441866  0.0
-0.75000000  -1.38841338  0.0
-0.57278825  -1.38685131  0.0
-0.38013187  -1.37106028  0.0
-0.18619660  -1.34267898  0.0
 0.00886515  -1.30292764  0.0
 0.20514456  -1.25314023  0.0
 0.40226784  -1.19460933  0.0
 0.60002503  -1.12807212  0.0
 0.75000000  -1.07246273  0.0
 0.75000000  -1.21751080  0.0
;;

