# exterior:
# ---------
-0.75000000   1.34350126  0.0
-0.66748987   1.34509764  0.0
-0.46541749   1.34047581  0.0
-0.26338751   1.32852527  0.0
-0.06125990   1.31039669  0.0
 0.14087748   1.28643125  0.0
 0.34295135   1.25691603  0.0
 0.54511422   1.22235050  0.0
 0.74728755   1.18309082  0.0
 0.75000000   1.18250560  0.0
 0.75000000   1.04337622  0.0
 0.71998070   1.04985300  0.0
 0.52068825   1.08855325  0.0
 0.32166006   1.12258282  0.0
 0.12304030   1.15159352  0.0
-0.07534325   1.17511391  0.0
-0.27347963   1.19288452  0.0
-0.47098955   1.20456768  0.0
-0.66772948   1.20906755  0.0
-0.75000000   1.20747581  0.0
-0.75000000   1.34350126  0.0
;;

