# exterior:
# ---------
 4.71227000  -0.01761200  0.0
 4.69337425  -0.01312704  0.0
 4.69316961  -0.01308249  0.0
 4.58508336   0.00833755  0.0
 4.58465020   0.00840588  0.0
 4.46867555   0.02207405  0.0
 4.46824816   0.02210790  0.0
 4.34430926   0.02715951  0.0
 4.34394535   0.02716251  0.0
 4.21204220   0.02396164  0.0
 4.21173732   0.02394591  0.0
 4.07194577   0.01290974  0.0
 4.07168292   0.01288274  0.0
 3.92392712  -0.00582946  0.0
 3.92367450  -0.00586732  0.0
 3.76803030  -0.03283958  0.0
 3.76778265  -0.03288827  0.0
 3.71787000  -0.04387507  0.0
 3.71787000   0.01756133  0.0
 3.75488420   0.02570891  0.0
 3.75620800   0.02598470  0.0
 3.75645566   0.02603339  0.0
 3.75778534   0.02627929  0.0
 3.91342954   0.05325155  0.0
 3.91478053   0.05346983  0.0
 3.91503315   0.05350769  0.0
 3.91638877   0.05369510  0.0
 4.06414457   0.07240730  0.0
 4.06555096   0.07256857  0.0
 4.06581381   0.07259558  0.0
 4.06722362   0.07272363  0.0
 4.20701517   0.08375980  0.0
 4.20864730   0.08386629  0.0
 4.20895218   0.08388202  0.0
 4.21058662   0.08394398  0.0
 4.28927548   0.08585351  0.0
 4.26023643   0.09461345  0.0
 4.12441762   0.13545009  0.0
 4.12433392   0.13547532  0.0
 4.12431830   0.13548005  0.0
 4.12423464   0.13550540  0.0
 3.98042304   0.17920258  0.0
 3.98032070   0.17923378  0.0
 3.98030160   0.17923962  0.0
 3.98019931   0.17927100  0.0
 3.82849931   0.22595667  0.0
 3.82840738   0.22598505  0.0
 3.82839023   0.22599036  0.0
 3.82829834   0.22601888  0.0
 3.71787000   0.26039127  0.0
 3.71787000   0.32323065  0.0
 3.84613033   0.28330779  0.0
 3.84614749   0.28330248  0.0
 3.99784749   0.23661681  0.0
 3.99786659   0.23661097  0.0
 4.14167819   0.19291378  0.0
 4.14169381   0.19290906  0.0
 4.27753872   0.15206457  0.0
 4.40541446   0.11348948  0.0
 4.52540111   0.07705359  0.0
 4.63742843   0.04289170  0.0
 4.63745131   0.04288478  0.0
 4.66422636   0.03484468  0.0
 4.66423629   0.03484170  0.0
 4.69048039   0.02701398  0.0
 4.71227000   0.02052196  0.0
 4.71227000  -0.01761200  0.0
;;

