# exterior:
# ---------
 0.75000000  -2.72525557  0.0
 0.73686054  -2.72936765  0.0
 0.49437586  -2.78272043  0.0
 0.24813313  -2.81489723  0.0
 0.00000000  -2.82564750  0.0
-0.24813313  -2.81489723  0.0
-0.49437586  -2.78272043  0.0
-0.73686054  -2.72936765  0.0
-0.75000000  -2.72525557  0.0
-0.75000000  -2.72462688  0.0
-0.73670618  -2.72878726  0.0
-0.49427233  -2.78212886  0.0
-0.24808118  -2.81429892  0.0
 0.00000000  -2.82504694  0.0
 0.24808118  -2.81429892  0.0
 0.49427233  -2.78212886  0.0
 0.73670618  -2.72878726  0.0
 0.75000000  -2.72462688  0.0
 0.75000000  -2.72525557  0.0
;;

