# exterior:
# ---------
 2.84639942   0.00000000  0.0
 2.83556606  -0.24621846  0.0
 2.80315705  -0.49056401  0.0
 2.74941150  -0.73117513  0.0
 2.67473926  -0.96621876  0.0
 2.57971530  -1.19391308  0.0
 2.46505689  -1.41252177  0.0
 2.33163500  -1.62037687  0.0
 2.18046863  -1.81590146  0.0
 2.01270771  -1.99760973  0.0
 1.92820145  -2.07446657  0.0
 1.92495340  -2.07066200  0.0
 2.00918206  -1.99405762  0.0
 2.17664666  -1.81267032  0.0
 2.32754550  -1.61749176  0.0
 2.46073077  -1.41000528  0.0
 2.57518549  -1.19178494  0.0
 2.67004043  -0.96449565  0.0
 2.74457966  -0.72987066  0.0
 2.79822937  -0.48968862  0.0
 2.83058056  -0.24577901  0.0
 2.84139458   0.00000000  0.0
 2.83058056   0.24577901  0.0
 2.79822937   0.48968862  0.0
 2.74457966   0.72987066  0.0
 2.67004043   0.96449565  0.0
 2.57518549   1.19178494  0.0
 2.46073077   1.41000528  0.0
 2.32754550   1.61749176  0.0
 2.17664666   1.81267032  0.0
 2.00918206   1.99405762  0.0
 1.92495340   2.07066200  0.0
 1.92820145   2.07446657  0.0
 2.01270771   1.99760973  0.0
 2.18046863   1.81590146  0.0
 2.33163500   1.62037687  0.0
 2.46505689   1.41252177  0.0
 2.57971530   1.19391308  0.0
 2.67473926   0.96621876  0.0
 2.74941150   0.73117513  0.0
 2.80315705   0.49056401  0.0
 2.83556606   0.24621846  0.0
 2.84639942   0.00000000  0.0
;;

