# exterior:
# ---------
 1.84700000   1.96989028  0.0
 1.91963080   1.90383394  0.0
 2.07956863   1.73059918  0.0
 2.22367200   1.54421013  0.0
 2.35084740   1.34608631  0.0
 2.46012837   1.13773030  0.0
 2.55069001   0.92072851  0.0
 2.62185098   0.69673717  0.0
 2.67306631   0.46745352  0.0
 2.70394880   0.23461697  0.0
 2.71427171   0.00000000  0.0
 2.70394880  -0.23461697  0.0
 2.67306631  -0.46745352  0.0
 2.62185098  -0.69673717  0.0
 2.55069001  -0.92072851  0.0
 2.46012837  -1.13773030  0.0
 2.35084740  -1.34608631  0.0
 2.22367200  -1.54421013  0.0
 2.07956863  -1.73059918  0.0
 1.91963080  -1.90383394  0.0
 1.84700000  -1.96989028  0.0
 1.84700000  -1.96313166  0.0
 1.91610516  -1.90028183  0.0
 2.07574666  -1.72736803  0.0
 2.21958250  -1.54132503  0.0
 2.34652128  -1.34356982  0.0
 2.45559856  -1.13560216  0.0
 2.54599117  -0.91900539  0.0
 2.61701914  -0.69543270  0.0
 2.66813863  -0.46657812  0.0
 2.69896330  -0.23417752  0.0
 2.70926687   0.00000000  0.0
 2.69896330   0.23417752  0.0
 2.66813863   0.46657812  0.0
 2.61701914   0.69543270  0.0
 2.54599117   0.91900539  0.0
 2.45559856   1.13560216  0.0
 2.34652128   1.34356982  0.0
 2.21958250   1.54132503  0.0
 2.07574666   1.72736803  0.0
 1.91610516   1.90028183  0.0
 1.84700000   1.96313166  0.0
 1.84700000   1.96989028  0.0
;;

