# exterior:
# ---------
 0.75000000  -2.57502840  0.0
 0.74996305  -2.57502685  0.0
 0.74947086  -2.57505479  0.0
 0.74898381  -2.57513107  0.0
 0.74850664  -2.57525494  0.0
 0.69991769  -2.59046118  0.0
 0.46959752  -2.64113745  0.0
 0.23569893  -2.67170123  0.0
 0.00000000  -2.68191279  0.0
-0.23569893  -2.67170123  0.0
-0.46959752  -2.64113745  0.0
-0.69991769  -2.59046118  0.0
-0.74850664  -2.57525494  0.0
-0.74898381  -2.57513107  0.0
-0.74947086  -2.57505479  0.0
-0.74996305  -2.57502685  0.0
-0.75000000  -2.57502840  0.0
-0.75000000  -2.57003252  0.0
-0.74967965  -2.57003489  0.0
-0.74918746  -2.57006283  0.0
-0.74869725  -2.57011500  0.0
-0.74821020  -2.57019128  0.0
-0.74772750  -2.57029147  0.0
-0.74725034  -2.57041534  0.0
-0.74701328  -2.57048316  0.0
-0.69863138  -2.58562460  0.0
-0.46873477  -2.63620769  0.0
-0.23526598  -2.66671529  0.0
 0.00000000  -2.67690810  0.0
 0.23526598  -2.66671529  0.0
 0.46873477  -2.63620769  0.0
 0.69863138  -2.58562460  0.0
 0.74701328  -2.57048316  0.0
 0.74725034  -2.57041534  0.0
 0.74772750  -2.57029147  0.0
 0.74821020  -2.57019128  0.0
 0.74869725  -2.57011500  0.0
 0.74918746  -2.57006283  0.0
 0.74967965  -2.57003489  0.0
 0.75000000  -2.57003252  0.0
 0.75000000  -2.57502840  0.0
;;

