# exterior:
# ---------
-0.75000000   2.59364847  0.0
-0.70454841   2.60787285  0.0
-0.47270344   2.65888462  0.0
-0.23725753   2.68965059  0.0
 0.00000000   2.69992968  0.0
 0.23725753   2.68965059  0.0
 0.47270344   2.65888462  0.0
 0.70454841   2.60787285  0.0
 0.75000000   2.59364847  0.0
 0.75000000   2.58002672  0.0
 0.70120400   2.59529775  0.0
 0.47046028   2.64606722  0.0
 0.23613188   2.67668716  0.0
 0.00000000   2.68691748  0.0
-0.23613188   2.67668716  0.0
-0.47046028   2.64606722  0.0
-0.70120400   2.59529775  0.0
-0.75000000   2.58002672  0.0
-0.75000000   2.59364847  0.0
;;

