# exterior:
# ---------
 2.26187500   0.00000000  0.0
 2.08092500   0.01993707  0.0
 2.07891645   0.02000945  0.0
 1.89997500   0.01685730  0.0
 1.89582763   0.01662569  0.0
 1.71902500   0.00332586  0.0
 1.71320565   0.00278301  0.0
 1.53807500  -0.01682111  0.0
 1.53118080  -0.01766796  0.0
 1.35712500  -0.04130365  0.0
 1.34980376  -0.04237125  0.0
 1.17617500  -0.06826520  0.0
 1.16909986  -0.06934366  0.0
 0.99522500  -0.09612426  0.0
 0.98904737  -0.09710139  0.0
 0.81427500  -0.12379875  0.0
 0.80961373  -0.12448274  0.0
 0.63332500  -0.15005460  0.0
 0.63074465  -0.15039840  0.0
 0.45237500  -0.17376267  0.0
 0.27441791  -0.19331612  0.0
 0.27142500  -0.19361650  0.0
 0.09673949  -0.20730356  0.0
 0.09047500  -0.20765460  0.0
-0.08086656  -0.21323148  0.0
-0.09047500  -0.21333643  0.0
-0.25856669  -0.21225797  0.0
-0.27142500  -0.21197931  0.0
-0.43646588  -0.20614910  0.0
-0.45237500  -0.20534568  0.0
-0.61471248  -0.19471668  0.0
-0.63332500  -0.19321117  0.0
-0.79353089  -0.17743957  0.0
-0.81427500  -0.17500760  0.0
-0.97330834  -0.15273266  0.0
-0.99522500  -0.14907023  0.0
-1.06381229  -0.13645078  0.0
-1.08570000  -0.13197769  0.0
-1.15508347  -0.11573200  0.0
-1.17617500  -0.11001398  0.0
-1.24792529  -0.08684152  0.0
-1.26665000  -0.07959629  0.0
-1.29571781  -0.06588751  0.0
-1.31188750  -0.05608726  0.0
-1.31576707  -0.05331149  0.0
-1.32634902  -0.04474170  0.0
-1.32998250  -0.04140498  0.0
-1.33903000  -0.03187253  0.0
-1.35712500   0.00000000  0.0
-1.35171098   0.05562041  0.0
-1.34419793   0.06857643  0.0
-1.33903000   0.07589405  0.0
-1.32998250   0.08697543  0.0
-1.32805719   0.08911064  0.0
-1.31188750   0.10524776  0.0
-1.28537471   0.12724042  0.0
-1.26665000   0.14098538  0.0
-1.19726653   0.18433376  0.0
-1.17617500   0.19571914  0.0
-1.10758771   0.22851090  0.0
-1.08570000   0.23794925  0.0
-1.01714166   0.26507727  0.0
-0.99522500   0.27307888  0.0
-0.83501911   0.32352412  0.0
-0.81427500   0.32918062  0.0
-0.65193752   0.36765059  0.0
-0.63332500   0.37145778  0.0
-0.46828412   0.40048578  0.0
-0.45237500   0.40282003  0.0
-0.28428331   0.42336510  0.0
-0.27142500   0.42462813  0.0
-0.10008344   0.43698339  0.0
-0.09047500   0.43742129  0.0
 0.08421051   0.43988945  0.0
 0.09047500   0.43978088  0.0
 0.26843209   0.43113147  0.0
 0.27142500   0.43091433  0.0
 0.45237500   0.41330789  0.0
 0.63332500   0.38859736  0.0
 0.63590535   0.38821013  0.0
 0.81427500   0.35792272  0.0
 0.81893627   0.35706502  0.0
 0.99522500   0.32216338  0.0
 1.00140263   0.32084968  0.0
 1.17617500   0.28209743  0.0
 1.18325014   0.28045079  0.0
 1.35712500   0.23851381  0.0
 1.36444624   0.23671155  0.0
 1.53807500   0.19238966  0.0
 1.54496919   0.19060187  0.0
 1.71902500   0.14483600  0.0
 1.72484435   0.14330154  0.0
 1.89997500   0.09682996  0.0
 1.90412237   0.09571893  0.0
 2.08092500   0.04915326  0.0
 2.08293354   0.04859593  0.0
 2.26187500   0.00723800  0.0
 2.26187500   0.00000000  0.0
;;

# interior:
# ---------
 2.26127500   0.00066974  0.0
 2.26127500   0.00676086  0.0
 2.08279843   0.04801134  0.0
 2.08277312   0.04801778  0.0
 2.08076837   0.04857405  0.0
 1.90396956   0.09513872  0.0
 1.90396712   0.09513937  0.0
 1.89982043   0.09625022  0.0
 1.72469092   0.14272149  0.0
 1.71887222   0.14425578  0.0
 1.54481760   0.19002134  0.0
 1.53792549   0.19180858  0.0
 1.36430032   0.23612956  0.0
 1.35698295   0.23793087  0.0
 1.18311180   0.27986695  0.0
 1.17604205   0.28151234  0.0
 1.00127529   0.32026335  0.0
 0.99510433   0.32157562  0.0
 0.81882371   0.35647565  0.0
 0.81417048   0.35733188  0.0
 0.63581059   0.38761763  0.0
 0.63323988   0.38800342  0.0
 0.45230533   0.41271184  0.0
 0.27137423   0.43031644  0.0
 0.26839581   0.43053252  0.0
 0.09045523   0.43918113  0.0
 0.08420955   0.43928938  0.0
-0.09045710   0.43682149  0.0
-0.10004820   0.43638438  0.0
-0.27137409   0.42403024  0.0
-0.28421757   0.42276867  0.0
-0.45229504   0.40222534  0.0
-0.46818859   0.39989337  0.0
-0.63321289   0.37086829  0.0
-0.65180819   0.36706462  0.0
-0.81412686   0.32859911  0.0
-0.83485002   0.32294832  0.0
-0.99503191   0.27251064  0.0
-1.01692836   0.26451641  0.0
-1.08547078   0.23739469  0.0
-1.10733943   0.22796456  0.0
-1.17590293   0.19518417  0.0
-1.19696477   0.18381482  0.0
-1.26631305   0.14048842  0.0
-1.28500533   0.12676727  0.0
-1.31148319   0.10480357  0.0
-1.32762217   0.08869711  0.0
-1.32952704   0.08658456  0.0
-1.33855198   0.07553081  0.0
-1.34369235   0.06825223  0.0
-1.35112645   0.05543235  0.0
-1.35650941   0.00013099  0.0
-1.33854439  -0.03151261  0.0
-1.32956149  -0.04097699  0.0
-1.32595692  -0.04428716  0.0
-1.31540337  -0.05283395  0.0
-1.31155696  -0.05558600  0.0
-1.29543357  -0.06535818  0.0
-1.26641347  -0.07904446  0.0
-1.24772467  -0.08627580  0.0
-1.17600421  -0.10943863  0.0
-1.15493653  -0.11515018  0.0
-1.08557151  -0.13139155  0.0
-1.06369792  -0.13586175  0.0
-0.99512126  -0.14847924  0.0
-0.97321726  -0.15213956  0.0
-0.81419845  -0.17441247  0.0
-0.79346656  -0.17684300  0.0
-0.63327142  -0.19261355  0.0
-0.61466869  -0.19411826  0.0
-0.45234027  -0.20474667  0.0
-0.43644015  -0.20554963  0.0
-0.27140791  -0.21137954  0.0
-0.25855827  -0.21165801  0.0
-0.09047635  -0.21273641  0.0
-0.08087959  -0.21263159  0.0
 0.09044845  -0.20705515  0.0
 0.09669927  -0.20670487  0.0
 0.27137160  -0.19301885  0.0
 0.27435519  -0.19271940  0.0
 0.45230326  -0.17316694  0.0
 0.63066607  -0.14980357  0.0
 0.63324231  -0.14946031  0.0
 0.80952711  -0.12388903  0.0
 0.81418614  -0.12320537  0.0
 0.98895520  -0.09650851  0.0
 0.99513126  -0.09553163  0.0
 0.99513366  -0.09553125  0.0
 1.16900852  -0.06875065  0.0
 1.16900944  -0.06875051  0.0
 1.17608459  -0.06767205  0.0
 1.17608650  -0.06767176  0.0
 1.34971526  -0.04177782  0.0
 1.34971718  -0.04177753  0.0
 1.35703842  -0.04070993  0.0
 1.35704426  -0.04070910  0.0
 1.53110007  -0.01707341  0.0
 1.53110765  -0.01707243  0.0
 1.53800185  -0.01622559  0.0
 1.53800825  -0.01622484  0.0
 1.71313890   0.00337929  0.0
 1.71314992   0.00338042  0.0
 1.71896927   0.00392327  0.0
 1.71897999   0.00392417  0.0
 1.89578262   0.01722400  0.0
 1.89579417   0.01722475  0.0
 1.89994154   0.01745637  0.0
 1.89996443   0.01745721  0.0
 2.07890589   0.02060936  0.0
 2.07893806   0.02060906  0.0
 2.08094661   0.02053668  0.0
 2.08099071   0.02053346  0.0
 2.26127500   0.00066974  0.0
;;

