# exterior:
# ---------
 1.14690000   0.00066974  0.0
 1.05576571   0.01071091  0.0
 1.05572161   0.01071413  0.0
 1.05470263   0.01075085  0.0
 1.05467045   0.01075115  0.0
 0.96388943   0.00915199  0.0
 0.96386654   0.00915115  0.0
 0.96176249   0.00903365  0.0
 0.96175094   0.00903289  0.0
 0.87205499   0.00228559  0.0
 0.87204427   0.00228469  0.0
 0.86909198   0.00200929  0.0
 0.86908096   0.00200816  0.0
 0.78023325  -0.00793745  0.0
 0.78022685  -0.00793820  0.0
 0.77672927  -0.00836783  0.0
 0.77672168  -0.00836881  0.0
 0.68841926  -0.02035972  0.0
 0.68841342  -0.02036055  0.0
 0.68469919  -0.02090217  0.0
 0.68469727  -0.02090245  0.0
 0.59661150  -0.03403903  0.0
 0.59660959  -0.03403932  0.0
 0.59302021  -0.03458645  0.0
 0.59301928  -0.03458659  0.0
 0.50480866  -0.04817299  0.0
 0.50480626  -0.04817336  0.0
 0.50167378  -0.04866884  0.0
 0.41301114  -0.06221250  0.0
 0.41064861  -0.06255918  0.0
 0.32121731  -0.07553178  0.0
 0.31991235  -0.07570566  0.0
 0.22942826  -0.08755798  0.0
 0.13915565  -0.09747689  0.0
 0.13764660  -0.09762835  0.0
 0.04903789  -0.10457106  0.0
 0.04587345  -0.10474839  0.0
-0.04103846  -0.10757723  0.0
-0.04590135  -0.10763034  0.0
-0.13116827  -0.10708328  0.0
-0.13768291  -0.10694209  0.0
-0.22140322  -0.10398460  0.0
-0.22946527  -0.10357747  0.0
-0.31181366  -0.09818573  0.0
-0.32124642  -0.09742274  0.0
-0.40251172  -0.08942251  0.0
-0.41302345  -0.08819015  0.0
-0.49369011  -0.07689161  0.0
-0.50479626  -0.07503569  0.0
-0.53958151  -0.06863551  0.0
-0.55067151  -0.06636910  0.0
-0.58585286  -0.05813162  0.0
-0.59652921  -0.05523721  0.0
-0.63289992  -0.04349093  0.0
-0.64236347  -0.03982916  0.0
-0.65706252  -0.03289689  0.0
-0.66521946  -0.02795306  0.0
-0.66715450  -0.02656857  0.0
-0.67249456  -0.02224393  0.0
-0.67430899  -0.02057768  0.0
-0.67883439  -0.01580973  0.0
-0.68788441   0.00013099  0.0
-0.68516881   0.02802943  0.0
-0.68143623   0.03446616  0.0
-0.67884198   0.03813952  0.0
-0.67427454   0.04373372  0.0
-0.67331823   0.04479430  0.0
-0.66514569   0.05295037  0.0
-0.65173008   0.06407877  0.0
-0.64226305   0.07102809  0.0
-0.60709844   0.09299772  0.0
-0.59642793   0.09875775  0.0
-0.56165584   0.11538237  0.0
-0.55057078   0.12016244  0.0
-0.51580551   0.13391879  0.0
-0.50470691   0.13797081  0.0
-0.42345486   0.16355526  0.0
-0.41295186   0.16641921  0.0
-0.33061322   0.18593143  0.0
-0.32118789   0.18785938  0.0
-0.23747552   0.20258303  0.0
-0.22942004   0.20376496  0.0
-0.14415758   0.21418619  0.0
-0.13764909   0.21482550  0.0
-0.05073934   0.22109248  0.0
-0.04588210   0.22131384  0.0
 0.04272092   0.22256573  0.0
 0.04588023   0.22251097  0.0
 0.13614535   0.21812373  0.0
 0.13764923   0.21801463  0.0
 0.22943033   0.20908433  0.0
 0.32121488   0.19655023  0.0
 0.32251432   0.19635522  0.0
 0.41299548   0.18099139  0.0
 0.41535221   0.18055774  0.0
 0.50477933   0.16285296  0.0
 0.50790671   0.16218792  0.0
 0.59656705   0.14252927  0.0
 0.60015103   0.14169515  0.0
 0.68835795   0.12042047  0.0
 0.69206831   0.11950710  0.0
 0.78015049   0.09702252  0.0
 0.78364599   0.09611608  0.0
 0.87194722   0.07289833  0.0
 0.87489885   0.07212004  0.0
 0.96374543   0.04854427  0.0
 0.96584880   0.04798080  0.0
 0.96585124   0.04798015  0.0
 1.05554337   0.02435734  0.0
 1.05655855   0.02407565  0.0
 1.05658387   0.02406922  0.0
 1.14690000   0.00319486  0.0
 1.14690000   0.00066974  0.0
;;

# interior:
# ---------
 1.08375628   0.01265717  0.0
 1.05545792   0.01919764  0.0
 1.05535216   0.01922330  0.0
 1.05532685   0.01922974  0.0
 1.05522168   0.01925769  0.0
 1.05423815   0.01953060  0.0
 0.96457779   0.04314504  0.0
 0.96456760   0.04314773  0.0
 0.96456516   0.04314838  0.0
 0.96455498   0.04315110  0.0
 0.96245732   0.04371303  0.0
 0.87362024   0.06728629  0.0
 0.87067407   0.06806314  0.0
 0.78238271   0.09127829  0.0
 0.77890461   0.09218022  0.0
 0.69085237   0.11465715  0.0
 0.68717419   0.11556261  0.0
 0.59899815   0.13682983  0.0
 0.59545914   0.13765349  0.0
 0.50684550   0.15730178  0.0
 0.50377375   0.15795500  0.0
 0.41441422   0.17564640  0.0
 0.41212451   0.17606772  0.0
 0.32172471   0.19141773  0.0
 0.32050557   0.19160068  0.0
 0.22884975   0.20411720  0.0
 0.13722616   0.21303218  0.0
 0.13584304   0.21313253  0.0
 0.04571550   0.21751308  0.0
 0.04271292   0.21756511  0.0
-0.04573293   0.21631545  0.0
-0.05044566   0.21610067  0.0
-0.13722482   0.20984311  0.0
-0.14360980   0.20921594  0.0
-0.22875371   0.19880919  0.0
-0.23667937   0.19764631  0.0
-0.32025365   0.18294695  0.0
-0.32953549   0.18104835  0.0
-0.41171735   0.16157328  0.0
-0.42204579   0.15875693  0.0
-0.50309787   0.13323545  0.0
-0.51402798   0.12924495  0.0
-0.54866057   0.11554109  0.0
-0.55958679   0.11082952  0.0
-0.59416068   0.09429965  0.0
-0.60458373   0.08867321  0.0
-0.63945513   0.06688677  0.0
-0.64865191   0.06013583  0.0
-0.66177648   0.04924884  0.0
-0.66969306   0.04134821  0.0
-0.67047906   0.04047652  0.0
-0.67485852   0.03511255  0.0
-0.67722305   0.03176447  0.0
-0.68029773   0.02646228  0.0
-0.68275453   0.00122256  0.0
-0.67478761  -0.01281036  0.0
-0.67080060  -0.01701108  0.0
-0.66922705  -0.01845611  0.0
-0.66412371  -0.02258905  0.0
-0.66246496  -0.02377586  0.0
-0.65469391  -0.02848580  0.0
-0.64039241  -0.03523058  0.0
-0.63122809  -0.03877658  0.0
-0.59510593  -0.05044258  0.0
-0.58462839  -0.05328309  0.0
-0.54960079  -0.06148458  0.0
-0.53862846  -0.06372694  0.0
-0.50393176  -0.07011082  0.0
-0.49293115  -0.07194910  0.0
-0.41238549  -0.08323070  0.0
-0.40197564  -0.08445112  0.0
-0.32079989  -0.09244253  0.0
-0.31144875  -0.09319891  0.0
-0.22917582  -0.09858571  0.0
-0.22118886  -0.09898906  0.0
-0.13754047  -0.10194401  0.0
-0.13109806  -0.10208363  0.0
-0.04591262  -0.10263017  0.0
-0.04114710  -0.10257812  0.0
 0.04565222  -0.09975294  0.0
 0.04870270  -0.09958200  0.0
 0.13720161  -0.09264789  0.0
 0.13863293  -0.09250424  0.0
 0.22883045  -0.08259357  0.0
 0.31925747  -0.07074873  0.0
 0.32052822  -0.07057941  0.0
 0.40992676  -0.05761156  0.0
 0.41227067  -0.05726761  0.0
 0.50090569  -0.04372817  0.0
 0.50402511  -0.04323476  0.0
 0.50403512  -0.04323319  0.0
 0.50403752  -0.04323281  0.0
 0.50404753  -0.04323126  0.0
 0.59226199  -0.02964427  0.0
 0.59226676  -0.02964354  0.0
 0.59585614  -0.02909641  0.0
 0.59586411  -0.02909521  0.0
 0.59586602  -0.02909492  0.0
 0.59587398  -0.02909372  0.0
 0.68395976  -0.01595714  0.0
 0.68396777  -0.01595595  0.0
 0.68396969  -0.01595567  0.0
 0.68397771  -0.01595450  0.0
 0.68769194  -0.01541288  0.0
 0.68771627  -0.01540939  0.0
 0.68772212  -0.01540856  0.0
 0.68774647  -0.01540520  0.0
 0.77604889  -0.00341428  0.0
 0.77608048  -0.00341009  0.0
 0.77608806  -0.00340911  0.0
 0.77611968  -0.00340513  0.0
 0.77961726  -0.00297550  0.0
 0.77964393  -0.00297230  0.0
 0.77965034  -0.00297155  0.0
 0.77967703  -0.00296849  0.0
 0.86852474   0.00697712  0.0
 0.86857063   0.00698205  0.0
 0.86858165   0.00698318  0.0
 0.86862758   0.00698768  0.0
 0.87157987   0.00726308  0.0
 0.87162452   0.00726704  0.0
 0.87163524   0.00726794  0.0
 0.87167993   0.00727151  0.0
 0.96137588   0.01401881  0.0
 0.96142399   0.01402219  0.0
 0.96143554   0.01402295  0.0
 0.96148369   0.01402587  0.0
 0.96358775   0.01414338  0.0
 0.96368308   0.01414779  0.0
 0.96370597   0.01414863  0.0
 0.96380137   0.01415122  0.0
 1.05458239   0.01575038  0.0
 1.05471647   0.01575094  0.0
 1.05474864   0.01575064  0.0
 1.05488269   0.01574761  0.0
 1.05590167   0.01571089  0.0
 1.05608568   0.01570086  0.0
 1.05612978   0.01569764  0.0
 1.05631330   0.01568084  0.0
 1.08375628   0.01265717  0.0
;;

