# exterior:
# ---------
 1.14750000   0.00000000  0.0
 1.05570000   0.01011452  0.0
 1.05468102   0.01015124  0.0
 0.96390000   0.00855209  0.0
 0.96179594   0.00843458  0.0
 0.87210000   0.00168728  0.0
 0.86914771   0.00141188  0.0
 0.78030000  -0.00853373  0.0
 0.77680242  -0.00896335  0.0
 0.68850000  -0.02095427  0.0
 0.68478577  -0.02149589  0.0
 0.59670000  -0.03463247  0.0
 0.59311062  -0.03517960  0.0
 0.50490000  -0.04876600  0.0
 0.50176595  -0.04926172  0.0
 0.41310000  -0.06280589  0.0
 0.41073523  -0.06315289  0.0
 0.32130000  -0.07612607  0.0
 0.31999093  -0.07630049  0.0
 0.22950000  -0.08815370  0.0
 0.13921837  -0.09807361  0.0
 0.13770000  -0.09822600  0.0
 0.04907812  -0.10516975  0.0
 0.04590000  -0.10534784  0.0
-0.04102542  -0.10817712  0.0
-0.04590000  -0.10823036  0.0
-0.13117669  -0.10768324  0.0
-0.13770000  -0.10754186  0.0
-0.22142894  -0.10458407  0.0
-0.22950000  -0.10417648  0.0
-0.31185745  -0.09878414  0.0
-0.32130000  -0.09802037  0.0
-0.40257605  -0.09001908  0.0
-0.41310000  -0.08878529  0.0
-0.49378118  -0.07748471  0.0
-0.50490000  -0.07562668  0.0
-0.53969587  -0.06922454  0.0
-0.55080000  -0.06695525  0.0
-0.58599979  -0.05871344  0.0
-0.59670000  -0.05581256  0.0
-0.63310054  -0.04405666  0.0
-0.64260000  -0.04038098  0.0
-0.65734675  -0.03342622  0.0
-0.66555000  -0.02845433  0.0
-0.66751819  -0.02704612  0.0
-0.67288666  -0.02269847  0.0
-0.67473000  -0.02100568  0.0
-0.67932000  -0.01616965  0.0
-0.68850000   0.00000000  0.0
-0.68575334   0.02821748  0.0
-0.68194181   0.03479036  0.0
-0.67932000   0.03850276  0.0
-0.67473000   0.04412459  0.0
-0.67375325   0.04520783  0.0
-0.66555000   0.05339455  0.0
-0.65209946   0.06455192  0.0
-0.64260000   0.07152505  0.0
-0.60740021   0.09351666  0.0
-0.59670000   0.09929272  0.0
-0.56190413   0.11592871  0.0
-0.55080000   0.12071700  0.0
-0.51601882   0.13447966  0.0
-0.50490000   0.13853905  0.0
-0.42362395   0.16413106  0.0
-0.41310000   0.16700072  0.0
-0.33074255   0.18651740  0.0
-0.32130000   0.18844888  0.0
-0.23757106   0.20317543  0.0
-0.22950000   0.20435965  0.0
-0.14422331   0.21478262  0.0
-0.13770000   0.21542339  0.0
-0.05077458   0.22169149  0.0
-0.04590000   0.22191365  0.0
 0.04272188   0.22316580  0.0
 0.04590000   0.22311072  0.0
 0.13618163   0.21872268  0.0
 0.13770000   0.21861252  0.0
 0.22950000   0.20968038  0.0
 0.32130000   0.19714417  0.0
 0.32260907   0.19694772  0.0
 0.41310000   0.18158224  0.0
 0.41546477   0.18114710  0.0
 0.50490000   0.16344072  0.0
 0.50803405   0.16277425  0.0
 0.59670000   0.14311436  0.0
 0.60028938   0.14227898  0.0
 0.68850000   0.12100342  0.0
 0.69221423   0.12008909  0.0
 0.78030000   0.09760360  0.0
 0.78379758   0.09669661  0.0
 0.87210000   0.07347856  0.0
 0.87505229   0.07270009  0.0
 0.96390000   0.04912402  0.0
 0.96600406   0.04856036  0.0
 1.05570000   0.02493655  0.0
 1.05671898   0.02465381  0.0
 1.14750000   0.00367200  0.0
 1.14750000   0.00000000  0.0
;;

# interior:
# ---------
 1.14690000   0.00066974  0.0
 1.14690000   0.00319486  0.0
 1.05658387   0.02406922  0.0
 1.05655855   0.02407565  0.0
 1.05554337   0.02435734  0.0
 0.96585124   0.04798015  0.0
 0.96584880   0.04798080  0.0
 0.96374543   0.04854427  0.0
 0.87489885   0.07212004  0.0
 0.87194722   0.07289833  0.0
 0.78364599   0.09611608  0.0
 0.78015049   0.09702252  0.0
 0.69206831   0.11950710  0.0
 0.68835795   0.12042047  0.0
 0.60015103   0.14169515  0.0
 0.59656705   0.14252927  0.0
 0.50790671   0.16218792  0.0
 0.50477933   0.16285296  0.0
 0.41535221   0.18055774  0.0
 0.41299548   0.18099139  0.0
 0.32251432   0.19635522  0.0
 0.32121488   0.19655023  0.0
 0.22943033   0.20908433  0.0
 0.13764923   0.21801463  0.0
 0.13614535   0.21812373  0.0
 0.04588023   0.22251097  0.0
 0.04272092   0.22256573  0.0
-0.04588210   0.22131384  0.0
-0.05073934   0.22109248  0.0
-0.13764909   0.21482550  0.0
-0.14415758   0.21418619  0.0
-0.22942004   0.20376496  0.0
-0.23747552   0.20258303  0.0
-0.32118789   0.18785938  0.0
-0.33061322   0.18593143  0.0
-0.41295186   0.16641921  0.0
-0.42345486   0.16355526  0.0
-0.50470691   0.13797081  0.0
-0.51580551   0.13391879  0.0
-0.55057078   0.12016244  0.0
-0.56165584   0.11538237  0.0
-0.59642793   0.09875775  0.0
-0.60709844   0.09299772  0.0
-0.64226305   0.07102809  0.0
-0.65173008   0.06407877  0.0
-0.66514569   0.05295037  0.0
-0.67331823   0.04479430  0.0
-0.67427454   0.04373372  0.0
-0.67884198   0.03813952  0.0
-0.68143623   0.03446616  0.0
-0.68516881   0.02802943  0.0
-0.68788441   0.00013099  0.0
-0.67883439  -0.01580973  0.0
-0.67430899  -0.02057768  0.0
-0.67249456  -0.02224393  0.0
-0.66715450  -0.02656857  0.0
-0.66521946  -0.02795306  0.0
-0.65706252  -0.03289689  0.0
-0.64236347  -0.03982916  0.0
-0.63289992  -0.04349093  0.0
-0.59652921  -0.05523721  0.0
-0.58585286  -0.05813162  0.0
-0.55067151  -0.06636910  0.0
-0.53958151  -0.06863551  0.0
-0.50479626  -0.07503569  0.0
-0.49369011  -0.07689161  0.0
-0.41302345  -0.08819015  0.0
-0.40251172  -0.08942251  0.0
-0.32124642  -0.09742274  0.0
-0.31181366  -0.09818573  0.0
-0.22946527  -0.10357747  0.0
-0.22140322  -0.10398460  0.0
-0.13768291  -0.10694209  0.0
-0.13116827  -0.10708328  0.0
-0.04590135  -0.10763034  0.0
-0.04103846  -0.10757723  0.0
 0.04587345  -0.10474839  0.0
 0.04903789  -0.10457106  0.0
 0.13764660  -0.09762835  0.0
 0.13915565  -0.09747689  0.0
 0.22942826  -0.08755798  0.0
 0.31991235  -0.07570566  0.0
 0.32121731  -0.07553178  0.0
 0.41064861  -0.06255918  0.0
 0.41301114  -0.06221250  0.0
 0.50167378  -0.04866884  0.0
 0.50480626  -0.04817336  0.0
 0.50480866  -0.04817299  0.0
 0.59301928  -0.03458659  0.0
 0.59302021  -0.03458645  0.0
 0.59660959  -0.03403932  0.0
 0.59661150  -0.03403903  0.0
 0.68469727  -0.02090245  0.0
 0.68469919  -0.02090217  0.0
 0.68841342  -0.02036055  0.0
 0.68841926  -0.02035972  0.0
 0.77672168  -0.00836881  0.0
 0.77672927  -0.00836783  0.0
 0.78022685  -0.00793820  0.0
 0.78023325  -0.00793745  0.0
 0.86908096   0.00200816  0.0
 0.86909198   0.00200929  0.0
 0.87204427   0.00228469  0.0
 0.87205499   0.00228559  0.0
 0.96175094   0.00903289  0.0
 0.96176249   0.00903365  0.0
 0.96386654   0.00915115  0.0
 0.96388943   0.00915199  0.0
 1.05467045   0.01075115  0.0
 1.05470263   0.01075085  0.0
 1.05572161   0.01071413  0.0
 1.05576571   0.01071091  0.0
 1.14690000   0.00066974  0.0
;;

