# exterior:
# ---------
 0.48750000  -0.04577595  0.0
 0.41227067  -0.05726761  0.0
 0.40992676  -0.05761156  0.0
 0.32052822  -0.07057941  0.0
 0.31925747  -0.07074873  0.0
 0.22883045  -0.08259357  0.0
 0.13863293  -0.09250424  0.0
 0.13720161  -0.09264789  0.0
 0.04870270  -0.09958200  0.0
 0.04565222  -0.09975294  0.0
-0.04114710  -0.10257812  0.0
-0.04591262  -0.10263017  0.0
-0.13109806  -0.10208363  0.0
-0.13754047  -0.10194401  0.0
-0.22118886  -0.09898906  0.0
-0.22917582  -0.09858571  0.0
-0.31144875  -0.09319891  0.0
-0.32079989  -0.09244253  0.0
-0.40197564  -0.08445112  0.0
-0.41238549  -0.08323070  0.0
-0.48750000  -0.07270982  0.0
-0.48750000  -0.06766101  0.0
-0.41174754  -0.07827125  0.0
-0.40143957  -0.07947972  0.0
-0.32035337  -0.08746232  0.0
-0.31108383  -0.08821210  0.0
-0.22888638  -0.09359396  0.0
-0.22097450  -0.09399351  0.0
-0.13739804  -0.09694592  0.0
-0.13102785  -0.09708397  0.0
-0.04592389  -0.09762999  0.0
-0.04125575  -0.09757900  0.0
 0.04543099  -0.09475750  0.0
 0.04836750  -0.09459294  0.0
 0.13675662  -0.08766743  0.0
 0.13811022  -0.08753158  0.0
 0.22823264  -0.07762916  0.0
 0.31860259  -0.06579179  0.0
 0.31983913  -0.06562704  0.0
 0.40920492  -0.05266394  0.0
 0.41153019  -0.05232273  0.0
 0.48750000  -0.04071795  0.0
 0.48750000  -0.04577595  0.0
;;

