# exterior:
# ---------
 0.83600000   2.47683872  0.0
 0.84998625   2.47400475  0.0
 1.01152564   2.43333825  0.0
 1.17306468   2.38436775  0.0
 1.33454279   2.32661480  0.0
 1.49608112   2.25944344  0.0
 1.65719498   2.18232078  0.0
 1.81315948   2.09691886  0.0
 1.96282400   2.00378283  0.0
 2.10612800   1.90288857  0.0
 2.13198600   1.88232226  0.0
 2.13198600   1.87593362  0.0
 2.10313004   1.89888438  0.0
 1.96006169   1.99961272  0.0
 1.81063594   2.09260017  0.0
 1.65491316   2.17786973  0.0
 1.49404042   2.25487697  0.0
 1.33273985   2.32194946  0.0
 1.17149655   2.37961843  0.0
 1.01018928   2.42851867  0.0
 0.84887886   2.46912752  0.0
 0.83600000   2.47173711  0.0
 0.83600000   2.47683872  0.0
;;

