# exterior:
# ---------
 2.13198600  -1.87436892  0.0
 2.10648776  -1.89461527  0.0
 1.96315548  -1.99562636  0.0
 1.81346230  -2.08911947  0.0
 1.65746880  -2.17513096  0.0
 1.49632600  -2.25307924  0.0
 1.33475914  -2.32114693  0.0
 1.17325286  -2.37990347  0.0
 1.01168600  -2.42999708  0.0
 0.85011914  -2.47186997  0.0
 0.83600000  -2.47484103  0.0
 0.83600000  -2.47422789  0.0
 0.84998203  -2.47128568  0.0
 1.01152180  -2.42941981  0.0
 1.17306134  -2.37933468  0.0
 1.33453996  -2.32058820  0.0
 1.49607872  -2.25253235  0.0
 1.65719311  -2.17459780  0.0
 1.81315830  -2.08860193  0.0
 1.96282349  -1.99512630  0.0
 2.10612810  -1.89413471  0.0
 2.13198600  -1.87360278  0.0
 2.13198600  -1.87436892  0.0
;;

