# exterior:
# ---------
 2.13198600  -1.87360278  0.0
 2.10612810  -1.89413471  0.0
 1.96282349  -1.99512630  0.0
 1.81315830  -2.08860193  0.0
 1.65719311  -2.17459780  0.0
 1.49607872  -2.25253235  0.0
 1.33453996  -2.32058820  0.0
 1.17306134  -2.37933468  0.0
 1.01152180  -2.42941981  0.0
 0.84998203  -2.47128568  0.0
 0.83600000  -2.47422789  0.0
 0.83600000  -2.46911839  0.0
 0.84883943  -2.46641662  0.0
 1.01015349  -2.42460924  0.0
 1.17146535  -2.37459470  0.0
 1.33271351  -2.31593206  0.0
 1.49401809  -2.24797487  0.0
 1.65489574  -2.17015485  0.0
 1.81062498  -2.08428907  0.0
 1.96005687  -1.99095915  0.0
 2.10313091  -1.89013005  0.0
 2.13198600  -1.86721826  0.0
 2.13198600  -1.87360278  0.0
;;

