# exterior:
# ---------
 0.75000000  -2.49293780  0.0
 0.68861286  -2.50585535  0.0
 0.52704600  -2.53222583  0.0
 0.36547914  -2.55112073  0.0
 0.20397286  -2.56262487  0.0
 0.04240600  -2.56675643  0.0
-0.11916086  -2.56347905  0.0
-0.28066714  -2.55269581  0.0
-0.44223400  -2.53423708  0.0
-0.60380086  -2.50788478  0.0
-0.75000000  -2.47661593  0.0
-0.75000000  -2.47600236  0.0
-0.60368976  -2.50729498  0.0
-0.44215161  -2.53364259  0.0
-0.28061307  -2.55209808  0.0
-0.11913478  -2.56287945  0.0
 0.04240441  -2.56615627  0.0
 0.20394386  -2.56202542  0.0
 0.36542295  -2.55052321  0.0
 0.52696278  -2.53163147  0.0
 0.68850270  -2.50526539  0.0
 0.75000000  -2.49232466  0.0
 0.75000000  -2.49293780  0.0
;;

