# exterior:
# ---------
-0.83600000  -2.45444823  0.0
-0.92687400  -2.43016064  0.0
-1.08844086  -2.37783164  0.0
-1.24994714  -2.31568867  0.0
-1.41151400  -2.24284728  0.0
-1.56774982  -2.16123996  0.0
-1.71550444  -2.07283557  0.0
-1.85471728  -1.97828231  0.0
-1.98544892  -1.87810722  0.0
-2.10769936  -1.77278889  0.0
-2.22140802  -1.66284830  0.0
-2.32669606  -1.54859442  0.0
-2.42338174  -1.43062093  0.0
-2.51164680  -1.30911563  0.0
-2.59137008  -1.18459344  0.0
-2.66261216  -1.05733909  0.0
-2.72537304  -0.92767366  0.0
-2.77959214  -0.79607572  0.0
-2.82533004  -0.66263010  0.0
-2.86258674  -0.52753064  0.0
-2.89136224  -0.39082581  0.0
-2.91159596  -0.25220666  0.0
-2.92334848  -0.10826252  0.0
-2.92492356  -0.06921871  0.0
-2.92601400   0.00000000  0.0
-2.92492356   0.07202962  0.0
-2.92334848   0.11461130  0.0
-2.91159596   0.25839187  0.0
-2.89136224   0.39654456  0.0
-2.86258674   0.53309188  0.0
-2.82533004   0.66797931  0.0
-2.77959214   0.80115233  0.0
-2.72537304   0.93241707  0.0
-2.66261216   1.06158575  0.0
-2.59137008   1.18822218  0.0
-2.51164680   1.31200529  0.0
-2.42338174   1.43268065  0.0
-2.32669606   1.54973939  0.0
-2.22140802   1.66301187  0.0
-2.10769936   1.77190442  0.0
-1.98544892   1.87611414  0.0
-1.85471728   1.97512609  0.0
-1.71550444   2.06847987  0.0
-1.56774982   2.15569689  0.0
-1.41151400   2.23624406  0.0
-1.24994714   2.30832215  0.0
-1.08844086   2.37005317  0.0
-0.92687400   2.42232765  0.0
-0.83600000   2.44674130  0.0
-0.83600000   2.44612003  0.0
-0.92670370   2.42175212  0.0
-1.08824126   2.36948712  0.0
-1.24971764   2.30776753  0.0
-1.41125410   2.23570301  0.0
-1.56745961   2.15517147  0.0
-1.71518459   2.06797194  0.0
-1.85436878   1.97463737  0.0
-1.98507287   1.87564629  0.0
-2.10729691   1.77145907  0.0
-2.22098043   1.66259060  0.0
-2.32624464   1.54934375  0.0
-2.42290788   1.43231218  0.0
-2.51115201   1.31166544  0.0
-2.59085594   1.18791237  0.0
-2.66208038   1.06130729  0.0
-2.72482543   0.93217121  0.0
-2.77903061   0.80094015  0.0
-2.82475660   0.66780183  0.0
-2.86200346   0.53295002  0.0
-2.89077128   0.39643913  0.0
-2.91099952   0.25832389  0.0
-2.92274938   0.11457575  0.0
-2.92432373   0.07201399  0.0
-2.92541393   0.00000018  0.0
-2.92432375  -0.06920189  0.0
-2.92274947  -0.10822600  0.0
-2.91099950  -0.25213884  0.0
-2.89077124  -0.39072058  0.0
-2.86200342  -0.52738896  0.0
-2.82475651  -0.66245291  0.0
-2.77903045  -0.79586398  0.0
-2.72482514  -0.92742845  0.0
-2.66207989  -1.05706159  0.0
-2.59085521  -1.18428486  0.0
-2.51115100  -1.30877726  0.0
-2.42290659  -1.43025414  0.0
-2.32624304  -1.54820063  0.0
-2.22097852  -1.66242898  0.0
-2.10729469  -1.77234556  0.0
-1.98507033  -1.87764142  0.0
-1.85436597  -1.97779561  0.0
-1.71518159  -2.07232954  0.0
-1.56745665  -2.16071618  0.0
-1.41125159  -2.24230743  0.0
-1.24971592  -2.31513476  0.0
-1.08824054  -2.37726583  0.0
-0.92670399  -2.42958502  0.0
-0.83600000  -2.45382717  0.0
-0.83600000  -2.45444823  0.0
;;

