# exterior:
# ---------
 3.13138453   0.00000004  0.0
 3.11079362  -0.29400792  0.0
 3.02448799  -0.66329306  0.0
 2.93188848  -0.89854669  0.0
 2.83292690  -1.08966245  0.0
 2.72760455  -1.25604027  0.0
 2.61598214  -1.40552225  0.0
 2.49799908  -1.54221422  0.0
 2.37371592  -1.66835073  0.0
 2.24307206  -1.78539720  0.0
 2.10612810  -1.89413471  0.0
 1.96282349  -1.99512630  0.0
 1.81315830  -2.08860193  0.0
 1.65719311  -2.17459780  0.0
 1.49607872  -2.25253235  0.0
 1.33453996  -2.32058820  0.0
 1.17306134  -2.37933468  0.0
 1.01152180  -2.42941981  0.0
 0.84998203  -2.47128568  0.0
 0.68850270  -2.50526539  0.0
 0.52696278  -2.53163147  0.0
 0.36542295  -2.55052321  0.0
 0.20394386  -2.56202542  0.0
 0.04240441  -2.56615627  0.0
-0.11913478  -2.56287945  0.0
-0.28061307  -2.55209808  0.0
-0.44215161  -2.53364259  0.0
-0.60368976  -2.50729498  0.0
-0.76516685  -2.47275850  0.0
-0.92670399  -2.42958502  0.0
-1.08824054  -2.37726583  0.0
-1.24971592  -2.31513476  0.0
-1.41125159  -2.24230743  0.0
-1.56745665  -2.16071618  0.0
-1.71518159  -2.07232954  0.0
-1.85436597  -1.97779561  0.0
-1.98507033  -1.87764142  0.0
-2.10729469  -1.77234556  0.0
-2.22097852  -1.66242898  0.0
-2.32624304  -1.54820063  0.0
-2.42290659  -1.43025414  0.0
-2.51115100  -1.30877726  0.0
-2.59085521  -1.18428486  0.0
-2.66207989  -1.05706159  0.0
-2.72482514  -0.92742845  0.0
-2.77903045  -0.79586398  0.0
-2.82475651  -0.66245291  0.0
-2.86200342  -0.52738896  0.0
-2.89077124  -0.39072058  0.0
-2.91099950  -0.25213884  0.0
-2.92274947  -0.10822600  0.0
-2.92432375  -0.06920189  0.0
-2.92541393   0.00000018  0.0
-2.92432373   0.07201399  0.0
-2.92274938   0.11457575  0.0
-2.91099952   0.25832389  0.0
-2.89077128   0.39643913  0.0
-2.86200346   0.53295002  0.0
-2.82475660   0.66780183  0.0
-2.77903061   0.80094015  0.0
-2.72482543   0.93217121  0.0
-2.66208038   1.06130729  0.0
-2.59085594   1.18791237  0.0
-2.51115201   1.31166544  0.0
-2.42290788   1.43231218  0.0
-2.32624464   1.54934375  0.0
-2.22098043   1.66259060  0.0
-2.10729691   1.77145907  0.0
-1.98507287   1.87564629  0.0
-1.85436878   1.97463737  0.0
-1.71518459   2.06797194  0.0
-1.56745961   2.15517147  0.0
-1.41125410   2.23570301  0.0
-1.24971764   2.30776753  0.0
-1.08824126   2.36948712  0.0
-0.92670370   2.42175212  0.0
-0.76516566   2.46514995  0.0
-0.60368776   2.50015298  0.0
-0.44214891   2.52716698  0.0
-0.28060975   2.54645234  0.0
-0.11913094   2.55821498  0.0
 0.04240864   2.56258206  0.0
 0.20394839   2.55963836  0.0
 0.36542763   2.54939600  0.0
 0.52696746   2.53179440  0.0
 0.68850722   2.50672454  0.0
 0.84998625   2.47400475  0.0
 1.01152564   2.43333825  0.0
 1.17306468   2.38436775  0.0
 1.33454279   2.32661480  0.0
 1.49608112   2.25944344  0.0
 1.65719498   2.18232078  0.0
 1.81315948   2.09691886  0.0
 1.96282400   2.00378283  0.0
 2.10612800   1.90288857  0.0
 2.24307146   1.79396977  0.0
 2.37371495   1.67649965  0.0
 2.49799789   1.54969108  0.0
 2.61598087   1.41211492  0.0
 2.72760334   1.26153058  0.0
 2.83292587   1.09382610  0.0
 2.93188794   0.90114078  0.0
 3.02448783   0.66502016  0.0
 3.11079360   0.29455945  0.0
 3.13138453   0.00000004  0.0
;;

# interior:
# ---------
 3.12637231   0.00000037  0.0
 3.10583356   0.29381317  0.0
 3.01970054   0.66353239  0.0
 2.92732511   0.89908066  0.0
 2.82857682   1.09134974  0.0
 2.72347170   1.25870804  0.0
 2.61206983   1.40899479  0.0
 2.49431063   1.54630999  0.0
 2.37025449   1.67288716  0.0
 2.23984076   1.79015068  0.0
 2.10313004   1.89888438  0.0
 1.96006169   1.99961272  0.0
 1.81063594   2.09260017  0.0
 1.65491316   2.17786973  0.0
 1.49404042   2.25487697  0.0
 1.33273985   2.32194946  0.0
 1.17149655   2.37961843  0.0
 1.01018928   2.42851867  0.0
 0.84887886   2.46912752  0.0
 0.68762689   2.50180131  0.0
 0.52631292   2.52683612  0.0
 0.36499835   2.54441318  0.0
 0.20374449   2.55464125  0.0
 0.04243067   2.55758083  0.0
-0.11888162   2.55321989  0.0
-0.28013151   2.54147393  0.0
-0.44143981   2.52221613  0.0
-0.60274526   2.49524116  0.0
-0.76398671   2.46028939  0.0
-0.92528458   2.41695608  0.0
-1.08657797   2.36477008  0.0
-1.24780510   2.30314576  0.0
-1.40908825   2.23119424  0.0
-1.56504122   2.15079290  0.0
-1.71251919   2.06373917  0.0
-1.85146463   1.97056471  0.0
-1.98193907   1.87174755  0.0
-2.10394319   1.76774780  0.0
-2.21741718   1.65907999  0.0
-2.32248277   1.54604683  0.0
-2.41895909   1.42924156  0.0
-2.50702874   1.30883337  0.0
-2.58657145   1.18533062  0.0
-2.65764888   1.05898686  0.0
-2.72026197   0.93012234  0.0
-2.77435119   0.79917204  0.0
-2.81997790   0.66632278  0.0
-2.85714278   0.53176778  0.0
-2.88584663   0.39556047  0.0
-2.90602915   0.25775736  0.0
-2.91775692   0.11427953  0.0
-2.91932513   0.07188372  0.0
-2.92041333   0.00000172  0.0
-2.91932534  -0.06906172  0.0
-2.91775768  -0.10792166  0.0
-2.90602900  -0.25157375  0.0
-2.88584625  -0.38984369  0.0
-2.85714237  -0.52620827  0.0
-2.81997706  -0.66097633  0.0
-2.77434971  -0.79409943  0.0
-2.72025927  -0.92538509  0.0
-2.65764427  -1.05474912  0.0
-2.58656459  -1.18171339  0.0
-2.50701933  -1.30595753  0.0
-2.41894698  -1.42719755  0.0
-2.32246784  -1.54491902  0.0
-2.21739938  -1.65893462  0.0
-2.10392245  -1.76865116  0.0
-1.98191544  -1.87375977  0.0
-1.85143835  -1.97373981  0.0
-1.71249114  -2.06811266  0.0
-1.56501357  -2.15635129  0.0
-1.40906480  -2.23780867  0.0
-1.24778913  -2.31051878  0.0
-1.08657124  -2.37255078  0.0
-0.92528720  -2.42478818  0.0
-0.76399772  -2.46789547  0.0
-0.60276389  -2.50237992  0.0
-0.44146499  -2.52868851  0.0
-0.28016250  -2.54711703  0.0
-0.11891741  -2.55788283  0.0
 0.04239120  -2.56115497  0.0
 0.20370220  -2.55702996  0.0
 0.36495469  -2.54554390  0.0
 0.52626932  -2.52667849  0.0
 0.68758472  -2.50034906  0.0
 0.84883943  -2.46641662  0.0
 1.01015349  -2.42460924  0.0
 1.17146535  -2.37459470  0.0
 1.33271351  -2.31593206  0.0
 1.49401809  -2.24797487  0.0
 1.65489574  -2.17015485  0.0
 1.81062498  -2.08428907  0.0
 1.96005687  -1.99095915  0.0
 2.10313091  -1.89013005  0.0
 2.23984640  -1.78157396  0.0
 2.37026356  -1.66473058  0.0
 2.49432175  -1.53882240  0.0
 2.61208160  -1.40238903  0.0
 2.72348296  -1.25320309  0.0
 2.82858641  -1.08717106  0.0
 2.92733014  -0.89647601  0.0
 3.01970206  -0.66180059  0.0
 3.10583378  -0.29325956  0.0
 3.12637231   0.00000037  0.0
;;

