# exterior:
# ---------
-0.83600000  -2.37619469  0.0
-0.90545222  -2.35763243  0.0
-1.06320104  -2.30654003  0.0
-1.22081395  -2.24589512  0.0
-1.37844977  -2.17482601  0.0
-1.53081045  -2.09524281  0.0
-1.67482486  -2.00907626  0.0
-1.81045176  -1.91695856  0.0
-1.93774694  -1.81941672  0.0
-2.05671105  -1.71692955  0.0
-2.16729144  -1.61001357  0.0
-2.26961507  -1.49897653  0.0
-2.36351248  -1.38440522  0.0
-2.44917591  -1.26648130  0.0
-2.52649597  -1.14571279  0.0
-2.59554567  -1.02237452  0.0
-2.65633711  -0.89677798  0.0
-2.70881930  -0.76939579  0.0
-2.75306485  -0.64030429  0.0
-2.78908781  -0.50967858  0.0
-2.81689643  -0.37756715  0.0
-2.83644201  -0.24366238  0.0
-2.84787262  -0.10366091  0.0
-2.84934757  -0.06709931  0.0
-2.85040499   0.00002324  0.0
-2.84934472   0.07005995  0.0
-2.84786245   0.11013235  0.0
-2.83644400   0.24982595  0.0
-2.81690146   0.38325933  0.0
-2.78909329   0.51521643  0.0
-2.75307611   0.64561619  0.0
-2.70883933   0.77441845  0.0
-2.65637361   0.90143827  0.0
-2.59560787   1.02650073  0.0
-2.52658855   1.14918610  0.0
-2.44930293   1.26918436  0.0
-2.36367601   1.38625287  0.0
-2.26981658   1.49988981  0.0
-2.16753165   1.60993146  0.0
-2.05699106   1.71579012  0.0
-1.93806601   1.81716518  0.0
-1.81080645   1.91354749  0.0
-1.67520361   2.00448046  0.0
-1.53118372   2.08949294  0.0
-1.37876638   2.16807150  0.0
-1.22102963   2.23844089  0.0
-1.06329185   2.29873151  0.0
-0.90541680   2.34981152  0.0
-0.83600000   2.36846062  0.0
-0.84100000   2.36194005  0.0
-0.84100000   2.36194006  0.0
-0.90399768   2.34501548  0.0
-1.06162856   2.29401447  0.0
-1.21911709   2.23381912  0.0
-1.37660053   2.16356273  0.0
-1.52876533   2.08511437  0.0
-1.67253821   2.00024770  0.0
-1.80790230   1.90947483  0.0
-1.93493222   1.81326643  0.0
-2.05363734   1.71207885  0.0
-2.16396839   1.60642085  0.0
-2.26605471   1.49659288  0.0
-2.35972722   1.38318225  0.0
-2.44517965   1.26635229  0.0
-2.52230406   1.14660434  0.0
-2.59117637   1.02418029  0.0
-2.65181016   0.89938940  0.0
-2.70415992   0.77265034  0.0
-2.74829741   0.64413715  0.0
-2.78423261   0.51403419  0.0
-2.81197681   0.38238068  0.0
-2.83147363   0.24925942  0.0
-2.84286999   0.10983612  0.0
-2.84434611   0.06992968  0.0
-2.84540439   0.00002477  0.0
-2.84434916  -0.06695914  0.0
-2.84288083  -0.10335657  0.0
-2.83147151  -0.24309729  0.0
-2.81197144  -0.37669025  0.0
-2.78422677  -0.50849789  0.0
-2.74828540  -0.63882771  0.0
-2.70413856  -0.76763124  0.0
-2.65177124  -0.89473462  0.0
-2.59111005  -1.02006204  0.0
-2.52220535  -1.14314132  0.0
-2.44504424  -1.26366157  0.0
-2.35955287  -1.38134863  0.0
-2.26583988  -1.49569492  0.0
-2.16371230  -1.60651921  0.0
-2.05333881  -1.71323515  0.0
-1.93459205  -1.81553507  0.0
-1.80752415  -1.91290276  0.0
-1.67213441  -2.00485937  0.0
-1.52836737  -2.09087792  0.0
-1.37626298  -2.17032725  0.0
-1.21888715  -2.24127915  0.0
-1.06153174  -2.30182498  0.0
-0.90403544  -2.35283559  0.0
-0.84100000  -2.36968286  0.0
-0.84100000  -2.36968286  0.0
-0.83600000  -2.37619469  0.0
;;

