# exterior:
# ---------
 0.83600000   2.32800160  0.0
 0.97277128   2.29357032  0.0
 1.12758892   2.24663741  0.0
 1.28225764   2.19131984  0.0
 1.43690100   2.12701558  0.0
 1.59102221   2.05324019  0.0
 1.73997695   1.97167662  0.0
 1.88271686   1.88284977  0.0
 2.01918691   1.78676700  0.0
 2.13198600   1.69705157  0.0
 2.13198600   1.69705157  0.0
 2.13411034   1.69253157  0.0
 2.13393628   1.69244761  0.0
 2.13347880   1.69227961  0.0
 2.13300714   1.69215695  0.0
 2.13252578   1.69208079  0.0
 2.13203929   1.69205185  0.0
 2.13155229   1.69207041  0.0
 2.13106942   1.69213630  0.0
 2.13059525   1.69224888  0.0
 2.13013429   1.69240709  0.0
 2.12969093   1.69260942  0.0
 2.12926937   1.69285396  0.0
 2.12887362   1.69313837  0.0
 2.01618894   1.78276281  0.0
 1.87995454   1.87867966  0.0
 1.73745341   1.96735792  0.0
 1.58874039   2.04878913  0.0
 1.43486030   2.12244910  0.0
 1.28045470   2.18665450  0.0
 1.12602079   2.24188808  0.0
 0.97143492   2.28875073  0.0
 0.84100000   2.32158688  0.0
 0.83600000   2.32800160  0.0
;;

