# exterior:
# ---------
 0.75000000  -2.42590116  0.0
 0.67656888  -2.44135309  0.0
 0.51794779  -2.46724277  0.0
 0.35933561  -2.48579212  0.0
 0.20080229  -2.49708450  0.0
 0.04223264  -2.50113941  0.0
-0.11630903  -2.49792340  0.0
-0.27475566  -2.48734445  0.0
-0.43322565  -2.46923953  0.0
-0.59165344  -2.44339923  0.0
-0.74996823  -2.40953910  0.0
-0.75000000  -2.40953061  0.0
-0.75000000  -2.40953061  0.0
-0.74500000  -2.40548696  0.0
-0.59072754  -2.43848417  0.0
-0.43253903  -2.46428545  0.0
-0.27430509  -2.48236340  0.0
-0.11609167  -2.49292678  0.0
 0.04221942  -2.49613812  0.0
 0.20056063  -2.49208905  0.0
 0.35886736  -2.48081281  0.0
 0.51725433  -2.46228979  0.0
 0.67565089  -2.43643676  0.0
 0.74500000  -2.42184380  0.0
 0.74500000  -2.42184380  0.0
 0.75000000  -2.42590116  0.0
;;

