# exterior:
# ---------
 2.13198600  -1.68845178  0.0
 2.01920957  -1.77799956  0.0
 1.88259170  -1.87427878  0.0
 1.73969202  -1.96352891  0.0
 1.59056913  -2.04575209  0.0
 1.43632033  -2.12036560  0.0
 1.28157267  -2.18556037  0.0
 1.12677772  -2.24187531  0.0
 0.97184087  -2.28991329  0.0
 0.83600000  -2.32511884  0.0
 0.84100000  -2.31865781  0.0
 0.84100000  -2.31865781  0.0
 0.97047256  -2.28510272  0.0
 1.12518174  -2.23713533  0.0
 1.27974621  -2.18090424  0.0
 1.43425970  -2.11580812  0.0
 1.58827175  -2.04130913  0.0
 1.73715870  -1.95921605  0.0
 1.87982509  -1.87011162  0.0
 2.01621238  -1.77399490  0.0
 2.12887680  -1.68453606  0.0
 2.12927263  -1.68425206  0.0
 2.12969423  -1.68400794  0.0
 2.13013758  -1.68380600  0.0
 2.13059847  -1.68364816  0.0
 2.13107254  -1.68353593  0.0
 2.13155529  -1.68347037  0.0
 2.13204212  -1.68345210  0.0
 2.13252841  -1.68348129  0.0
 2.13300956  -1.68355767  0.0
 2.13348099  -1.68368052  0.0
 2.13393823  -1.68384865  0.0
 2.13397709  -1.68386742  0.0
 2.13198600  -1.68845178  0.0
 2.13198600  -1.68845178  0.0
;;

