# exterior:
# ---------
-0.84100000   2.36194006  0.0
-0.84100000   2.36194005  0.0
-0.84600000   2.35541949  0.0
-0.84600000   2.35541949  0.0
-0.90257855   2.34021944  0.0
-1.05996527   2.28929743  0.0
-1.21720456   2.22919734  0.0
-1.37443468   2.15905396  0.0
-1.52634694   2.08073580  0.0
-1.66987281   1.99601493  0.0
-1.80499814   1.90540217  0.0
-1.93179843   1.80936769  0.0
-2.05028361   1.70836759  0.0
-2.16040514   1.60291024  0.0
-2.26229284   1.49329596  0.0
-2.35577842   1.38011163  0.0
-2.44105638   1.26352021  0.0
-2.51801956   1.14402259  0.0
-2.58674487   1.02185986  0.0
-2.64724670   0.89734054  0.0
-2.69948050   0.77088223  0.0
-2.74351871   0.64265811  0.0
-2.77937194   0.51285195  0.0
-2.80705216   0.38150203  0.0
-2.82650326   0.24869289  0.0
-2.83787753   0.10953990  0.0
-2.83934751   0.06979942  0.0
-2.84040379   0.00002631  0.0
-2.83935074  -0.06681897  0.0
-2.83788904  -0.10305223  0.0
-2.82650101  -0.24253219  0.0
-2.80704645  -0.37581336  0.0
-2.77936573  -0.50731720  0.0
-2.74350596  -0.63735114  0.0
-2.69945782  -0.76586670  0.0
-2.64720538  -0.89269125  0.0
-2.58667444  -1.01774957  0.0
-2.51791473  -1.14056984  0.0
-2.44091257  -1.26084184  0.0
-2.35559326  -1.37829204  0.0
-2.26206468  -1.49241332  0.0
-2.16013316  -1.60302485  0.0
-2.04996657  -1.70954074  0.0
-1.93143715  -1.81165342  0.0
-1.80459654  -1.90884695  0.0
-1.66944397  -2.00064249  0.0
-1.52592429  -2.08651303  0.0
-1.37407619  -2.16582849  0.0
-1.21696035  -2.23666317  0.0
-1.05986244  -2.29710992  0.0
-0.90261865  -2.34803875  0.0
-0.84600000  -2.36317102  0.0
-0.84600000  -2.36317102  0.0
-0.84100000  -2.36968286  0.0
-0.84100000  -2.36968286  0.0
-0.90403544  -2.35283559  0.0
-1.06153174  -2.30182498  0.0
-1.21888715  -2.24127915  0.0
-1.37626298  -2.17032725  0.0
-1.52836737  -2.09087792  0.0
-1.67213441  -2.00485937  0.0
-1.80752415  -1.91290276  0.0
-1.93459205  -1.81553507  0.0
-2.05333881  -1.71323515  0.0
-2.16371230  -1.60651921  0.0
-2.26583988  -1.49569492  0.0
-2.35955287  -1.38134863  0.0
-2.44504424  -1.26366157  0.0
-2.52220535  -1.14314132  0.0
-2.59111005  -1.02006204  0.0
-2.65177124  -0.89473462  0.0
-2.70413856  -0.76763124  0.0
-2.74828540  -0.63882771  0.0
-2.78422677  -0.50849789  0.0
-2.81197144  -0.37669025  0.0
-2.83147151  -0.24309729  0.0
-2.84288083  -0.10335657  0.0
-2.84434916  -0.06695914  0.0
-2.84540439   0.00002477  0.0
-2.84434611   0.06992968  0.0
-2.84286999   0.10983612  0.0
-2.83147363   0.24925942  0.0
-2.81197681   0.38238068  0.0
-2.78423261   0.51403419  0.0
-2.74829741   0.64413715  0.0
-2.70415992   0.77265034  0.0
-2.65181016   0.89938940  0.0
-2.59117637   1.02418029  0.0
-2.52230406   1.14660434  0.0
-2.44517965   1.26635229  0.0
-2.35972722   1.38318225  0.0
-2.26605471   1.49659288  0.0
-2.16396839   1.60642085  0.0
-2.05363734   1.71207885  0.0
-1.93493222   1.81326643  0.0
-1.80790230   1.90947483  0.0
-1.67253821   2.00024770  0.0
-1.52876533   2.08511437  0.0
-1.37660053   2.16356273  0.0
-1.21911709   2.23381912  0.0
-1.06162856   2.29401447  0.0
-0.90399768   2.34501548  0.0
-0.84100000   2.36194006  0.0
;;

