# exterior:
# ---------
 0.83600000  -2.32511884  0.0
 0.83600000   2.32800160  0.0
 0.97277128   2.29357032  0.0
 1.12758892   2.24663741  0.0
 1.28225764   2.19131984  0.0
 1.43690100   2.12701558  0.0
 1.59102221   2.05324019  0.0
 1.73997695   1.97167662  0.0
 1.88271686   1.88284977  0.0
 2.01918691   1.78676700  0.0
 2.13198600   1.69705157  0.0
 2.13198600   1.80821398  0.0
 2.20559538   1.74966832  0.0
 2.33357365   1.63459467  0.0
 2.45522571   1.51047044  0.0
 2.57061273   1.37592136  0.0
 2.67967627   1.22878914  0.0
 2.78247688   1.06510031  0.0
 2.87895913   0.87724334  0.0
 2.96895527   0.64776200  0.0
 3.05325721   0.28590261  0.0
 3.07324273   0.00000383  0.0
 3.05325953  -0.28532691  0.0
 2.96897122  -0.64598033  0.0
 2.87901174  -0.87452683  0.0
 2.78257721  -1.06076232  0.0
 2.67979409  -1.22312892  0.0
 2.57073588  -1.36917697  0.0
 2.45534209  -1.50286908  0.0
 2.33366860  -1.62635700  0.0
 2.20565440  -1.74104752  0.0
 2.13198600  -1.79954238  0.0
 2.13198600  -1.68845178  0.0
 2.01920957  -1.77799956  0.0
 1.88259170  -1.87427878  0.0
 1.73969202  -1.96352891  0.0
 1.59056913  -2.04575209  0.0
 1.43632033  -2.12036560  0.0
 1.28157267  -2.18556037  0.0
 1.12677772  -2.24187531  0.0
 0.97184087  -2.28991329  0.0
 0.83600000  -2.32511884  0.0
;;

# interior:
# ---------
 0.84100000  -2.31865781  0.0
 0.97047256  -2.28510272  0.0
 1.12518174  -2.23713533  0.0
 1.27974621  -2.18090424  0.0
 1.43425970  -2.11580812  0.0
 1.58827175  -2.04130913  0.0
 1.73715870  -1.95921605  0.0
 1.87982509  -1.87011162  0.0
 2.01621238  -1.77399490  0.0
 2.12887680  -1.68453606  0.0
 2.12927263  -1.68425206  0.0
 2.12969423  -1.68400794  0.0
 2.13013758  -1.68380600  0.0
 2.13059847  -1.68364816  0.0
 2.13107254  -1.68353593  0.0
 2.13155529  -1.68347037  0.0
 2.13204212  -1.68345210  0.0
 2.13252841  -1.68348129  0.0
 2.13300956  -1.68355767  0.0
 2.13348099  -1.68368052  0.0
 2.13393823  -1.68384865  0.0
 2.13437694  -1.68406049  0.0
 2.13479295  -1.68431402  0.0
 2.13518230  -1.68460683  0.0
 2.13554132  -1.68493614  0.0
 2.13586658  -1.68529883  0.0
 2.13615500  -1.68569145  0.0
 2.13640385  -1.68611028  0.0
 2.13661075  -1.68655133  0.0
 2.13677375  -1.68701043  0.0
 2.13689129  -1.68748321  0.0
 2.13696227  -1.68796519  0.0
 2.13698600  -1.68845178  0.0
 2.13698600  -1.78918772  0.0
 2.20242874  -1.73722427  0.0
 2.33021625  -1.62273685  0.0
 2.45166477  -1.49947726  0.0
 2.56683534  -1.36604376  0.0
 2.67567249  -1.22029173  0.0
 2.77823672  -1.05827093  0.0
 2.87445340  -0.87245615  0.0
 2.96418529  -0.64448785  0.0
 3.04829969  -0.28457854  0.0
 3.06823051   0.00000416  0.0
 3.04829717   0.28515633  0.0
 2.96416798   0.64627423  0.0
 2.87439630   0.87518322  0.0
 2.77812783   1.06262395  0.0
 2.67554463   1.22596660  0.0
 2.56670169   1.37280122  0.0
 2.45153846   1.50708935  0.0
 2.33011320   1.63098217  0.0
 2.20236469   1.74584923  0.0
 2.13698600   1.79784856  0.0
 2.13698600   1.69705157  0.0
 2.13696225   1.69656480  0.0
 2.13689122   1.69608265  0.0
 2.13677359   1.69560971  0.0
 2.13661048   1.69515046  0.0
 2.13640343   1.69470928  0.0
 2.13615442   1.69429035  0.0
 2.13586580   1.69389766  0.0
 2.13554032   1.69353492  0.0
 2.13518108   1.69320560  0.0
 2.13479148   1.69291281  0.0
 2.13437523   1.69265935  0.0
 2.13393628   1.69244761  0.0
 2.13347880   1.69227961  0.0
 2.13300714   1.69215695  0.0
 2.13252578   1.69208079  0.0
 2.13203929   1.69205185  0.0
 2.13155229   1.69207041  0.0
 2.13106942   1.69213630  0.0
 2.13059525   1.69224888  0.0
 2.13013429   1.69240709  0.0
 2.12969093   1.69260942  0.0
 2.12926937   1.69285396  0.0
 2.12887362   1.69313837  0.0
 2.01618894   1.78276281  0.0
 1.87995454   1.87867966  0.0
 1.73745341   1.96735792  0.0
 1.58874039   2.04878913  0.0
 1.43486030   2.12244910  0.0
 1.28045470   2.18665450  0.0
 1.12602079   2.24188808  0.0
 0.97143492   2.28875073  0.0
 0.84100000   2.32158688  0.0
 0.84100000  -2.31865781  0.0
;;

