# exterior:
# ---------
-0.75000000   2.46332124  0.0
-0.60274526   2.49524116  0.0
-0.44143981   2.52221613  0.0
-0.28013151   2.54147393  0.0
-0.11888162   2.55321989  0.0
 0.04243067   2.55758083  0.0
 0.20374449   2.55464125  0.0
 0.36499835   2.54441318  0.0
 0.52631292   2.52683612  0.0
 0.68762689   2.50180131  0.0
 0.75000000   2.48916292  0.0
 0.75000000   2.44835003  0.0
 0.68058423   2.46241545  0.0
 0.52107667   2.48716992  0.0
 0.36156417   2.50455062  0.0
 0.20211324   2.51466433  0.0
 0.04260685   2.51757098  0.0
-0.11688708   2.51325920  0.0
-0.27630560   2.50164664  0.0
-0.43576706   2.48260932  0.0
-0.59520525   2.45594662  0.0
-0.75000000   2.42239227  0.0
-0.75000000   2.46332124  0.0
;;

