# exterior:
# ---------
-0.83600000  -2.44865167  0.0
-0.92528720  -2.42478818  0.0
-1.08657124  -2.37255078  0.0
-1.24778913  -2.31051878  0.0
-1.40906480  -2.23780867  0.0
-1.56501357  -2.15635129  0.0
-1.71249114  -2.06811266  0.0
-1.85143835  -1.97373981  0.0
-1.98191544  -1.87375977  0.0
-2.10392245  -1.76865116  0.0
-2.21739938  -1.65893462  0.0
-2.32246784  -1.54491902  0.0
-2.41894698  -1.42719755  0.0
-2.50701933  -1.30595753  0.0
-2.58656459  -1.18171339  0.0
-2.65764427  -1.05474912  0.0
-2.72025927  -0.92538509  0.0
-2.77434971  -0.79409943  0.0
-2.81997706  -0.66097633  0.0
-2.85714237  -0.52620827  0.0
-2.88584625  -0.38984369  0.0
-2.90602900  -0.25157375  0.0
-2.91775768  -0.10792166  0.0
-2.91932534  -0.06906172  0.0
-2.92041333   0.00000172  0.0
-2.91932513   0.07188372  0.0
-2.91775692   0.11427953  0.0
-2.90602915   0.25775736  0.0
-2.88584663   0.39556047  0.0
-2.85714278   0.53176778  0.0
-2.81997790   0.66632278  0.0
-2.77435119   0.79917204  0.0
-2.72026197   0.93012234  0.0
-2.65764888   1.05898686  0.0
-2.58657145   1.18533062  0.0
-2.50702874   1.30883337  0.0
-2.41895909   1.42924156  0.0
-2.32248277   1.54604683  0.0
-2.21741718   1.65907999  0.0
-2.10394319   1.76774780  0.0
-1.98193907   1.87174755  0.0
-1.85146463   1.97056471  0.0
-1.71251919   2.06373917  0.0
-1.56504122   2.15079290  0.0
-1.40908825   2.23119424  0.0
-1.24780510   2.30314576  0.0
-1.08657797   2.36477008  0.0
-0.92528458   2.41695608  0.0
-0.83600000   2.44094273  0.0
-0.83600000   2.39952438  0.0
-0.91393156   2.37858776  0.0
-1.07327162   2.32703376  0.0
-1.23250483   2.26617155  0.0
-1.39176147   2.19512410  0.0
-1.54569408   2.11576435  0.0
-1.69119600   2.02987705  0.0
-1.82823138   1.93798344  0.0
-1.95686875   1.84055762  0.0
-2.07711340   1.73805770  0.0
-2.18891116   1.63099511  0.0
-2.29238780   1.51967139  0.0
-2.38736876   1.40467659  0.0
-2.47404256   1.28617679  0.0
-2.55229551   1.16467660  0.0
-2.62219687   1.04042336  0.0
-2.68375434   0.91373144  0.0
-2.73691584   0.78502713  0.0
-2.78174831   0.65449045  0.0
-2.81825736   0.52230987  0.0
-2.84644939   0.38853125  0.0
-2.86626621   0.25322513  0.0
-2.87781723   0.11190971  0.0
-2.87933632   0.07084157  0.0
-2.88040856   0.00001402  0.0
-2.87933804  -0.06794034  0.0
-2.87782336  -0.10548694  0.0
-2.86626500  -0.24705297  0.0
-2.84644635  -0.38282852  0.0
-2.81825405  -0.51676273  0.0
-2.78174151  -0.64916374  0.0
-2.73690376  -0.77998306  0.0
-2.68373232  -0.90903817  0.0
-2.62215936  -1.03624935  0.0
-2.55223966  -1.16114162  0.0
-2.47396595  -1.28339968  0.0
-2.38727012  -1.40274479  0.0
-2.29226626  -1.51866617  0.0
-2.18876627  -1.63097974  0.0
-2.07694451  -1.73909595  0.0
-1.95667630  -1.84270660  0.0
-1.82801744  -1.94129338  0.0
-1.69096755  -2.03437757  0.0
-1.54546893  -2.12143216  0.0
-1.39157050  -2.20181858  0.0
-1.23237474  -2.27359098  0.0
-1.07321684  -2.33483035  0.0
-0.91395293  -2.38641347  0.0
-0.83600000  -2.40724768  0.0
-0.83600000  -2.44865167  0.0
;;

