# exterior:
# ---------
 3.08627451   0.00000298  0.0
 3.06615510  -0.28727265  0.0
 2.98141463  -0.64986077  0.0
 2.89086342  -0.87991059  0.0
 2.79386249  -1.06723993  0.0
 2.69051022  -1.23050560  0.0
 2.58087728  -1.37732333  0.0
 2.46490314  -1.51168782  0.0
 2.34264473  -1.63576939  0.0
 2.21404111  -1.75098797  0.0
 2.13198600  -1.81614212  0.0
 2.13198600  -1.79954238  0.0
 2.20565440  -1.74104752  0.0
 2.33366860  -1.62635700  0.0
 2.45534209  -1.50286908  0.0
 2.57073588  -1.36917697  0.0
 2.67979409  -1.22312892  0.0
 2.78257721  -1.06076232  0.0
 2.87901174  -0.87452683  0.0
 2.96897122  -0.64598033  0.0
 3.05325953  -0.28532691  0.0
 3.07324273   0.00000383  0.0
 3.05325721   0.28590261  0.0
 2.96895527   0.64776200  0.0
 2.87895913   0.87724334  0.0
 2.78247688   1.06510031  0.0
 2.67967627   1.22878914  0.0
 2.57061273   1.37592136  0.0
 2.45522571   1.51047044  0.0
 2.33357365   1.63459467  0.0
 2.20559538   1.74966832  0.0
 2.13198600   1.80821398  0.0
 2.13198600   1.82482446  0.0
 2.21399519   1.75959795  0.0
 2.34257084   1.64398717  0.0
 2.46481258   1.51926127  0.0
 2.58078145   1.38403371  0.0
 2.69041855   1.23612774  0.0
 2.79378441   1.07153885  0.0
 2.89082248   0.88259967  0.0
 2.98140222   0.65163021  0.0
 3.06615329   0.28784293  0.0
 3.08627451   0.00000298  0.0
;;

