1.000000000 -0.001974359
0.979528988 0.001062534
0.958961981 0.003361539
0.938328906 0.004963574
0.917653561 0.005868998
0.896959352 0.006050865
0.876271298 0.005510452
0.855613106 0.004274062
0.835004884 0.002376868
0.814462723 -0.000136746
0.793999545 -0.003228761
0.773622256 -0.006845133
0.753330856 -0.010915916
0.733119128 -0.015366482
0.712976426 -0.020120010
0.692889648 -0.025104711
0.672844837 -0.030255895
0.652827495 -0.035512630
0.632822030 -0.040814771
0.612813091 -0.046103768
0.592787052 -0.051328037
0.572733265 -0.056444168
0.552643430 -0.061416068
0.532509739 -0.066208783
0.512326757 -0.070788770
0.492089385 -0.075120171
0.471792413 -0.079164282
0.451432915 -0.082880359
0.431010193 -0.086231553
0.410527221 -0.089192032
0.389988693 -0.091738141
0.369400578 -0.093846166
0.348769905 -0.095484903
0.328105058 -0.096611321
0.307417262 -0.097175462
0.286722019 -0.097130702
0.266037843 -0.096451924
0.245384654 -0.095132601
0.224781456 -0.093181539
0.204245742 -0.090615784
0.183796077 -0.087436210
0.163454572 -0.083626206
0.143246433 -0.079162475
0.123201101 -0.074017400
0.103356448 -0.068146616
0.083762651 -0.061487145
0.064497364 -0.053931470
0.045722637 -0.045233008
0.027805681 -0.034895552
0.011562015 -0.022116299
0.000540565 -0.004945966
0.000000000 0.000000000
0.003685188 0.015101846
0.016765378 0.031017029
0.033092198 0.043709815
0.050658848 0.054640762
0.068984963 0.064250148
0.087831686 0.072795455
0.107062797 0.080440115
0.126588873 0.087296345
0.146350308 0.093442432
0.166302814 0.098937449
0.186413722 0.103820958
0.206658063 0.108118492
0.227015074 0.111846053
0.247467385 0.115007656
0.267998423 0.117610836
0.288591129 0.119674707
0.309229371 0.121214789
0.329899280 0.122246427
0.350588154 0.122775050
0.371283590 0.122797874
0.391973364 0.122317839
0.412647327 0.121362930
0.433295627 0.119960737
0.453911146 0.118142800
0.474489501 0.115939055
0.495025501 0.113369978
0.515518651 0.110479780
0.535972250 0.107321383
0.556389029 0.103932976
0.576769638 0.100333382
0.597117568 0.096553213
0.617434253 0.092608566
0.637721472 0.088515052
0.657983573 0.084298839
0.678224068 0.079980089
0.698444696 0.075569261
0.718648340 0.071081208
0.738838552 0.066533127
0.759014407 0.061921812
0.779174740 0.057243108
0.799320481 0.052501876
0.819453479 0.047706863
0.839574807 0.042863151
0.859686904 0.037981161
0.879792695 0.033073265
0.899889657 0.028129384
0.919974633 0.023137030
0.940046793 0.018093419
0.960095701 0.012958275
0.980105603 0.007673192
1.000000000 0.001974359