1.000000000 -0.002276876
0.979347874 0.001778521
0.958463704 0.004384722
0.937457616 0.005710782
0.916410790 0.005960593
0.895373764 0.005255669
0.874385193 0.003663367
0.853476365 0.001238614
0.832669218 -0.001946324
0.811974748 -0.005796081
0.791401277 -0.010248105
0.770948600 -0.015226932
0.750607860 -0.020644993
0.730364793 -0.026417895
0.710204016 -0.032470966
0.690110446 -0.038745652
0.670069488 -0.045186633
0.650066639 -0.051744036
0.630087728 -0.058374419
0.610119666 -0.065037531
0.590149777 -0.071695180
0.570165753 -0.078310073
0.550155669 -0.084845370
0.530107877 -0.091264296
0.510015325 -0.097541647
0.489869246 -0.103644909
0.469656934 -0.109525055
0.449364072 -0.115120325
0.428978375 -0.120367176
0.408492300 -0.125207180
0.387897998 -0.129561727
0.367186182 -0.133317763
0.346358795 -0.136365580
0.325427826 -0.138588186
0.304417225 -0.139845189
0.283369996 -0.140001918
0.262347372 -0.138979306
0.241419882 -0.136738337
0.220648940 -0.133334026
0.200078452 -0.128875172
0.179738322 -0.123459915
0.159658253 -0.117148004
0.139873248 -0.109963479
0.120429339 -0.101902305
0.101371171 -0.092968901
0.082751976 -0.083152215
0.064665332 -0.072388016
0.047257265 -0.060559307
0.030781571 -0.047467210
0.015793744 -0.032707372
0.003794908 -0.015487368
0.000000000 0.000000000
0.000298761 0.004953050
0.008481965 0.024105316
0.022504645 0.039755529
0.038762238 0.053108904
0.056261806 0.064797378
0.074598001 0.075128643
0.093540436 0.084303588
0.112945238 0.092456829
0.132712066 0.099690015
0.152770279 0.106071919
0.173066513 0.111650774
0.193559195 0.116459070
0.214216335 0.120502379
0.235011359 0.123762920
0.255915143 0.126232092
0.276892713 0.127969876
0.297914163 0.129057973
0.318957896 0.129564359
0.340007706 0.129538583
0.361051073 0.129019805
0.382077737 0.128036816
0.403080492 0.126622029
0.424052642 0.124810432
0.444990140 0.122635678
0.465890962 0.120132727
0.486753389 0.117327315
0.507577071 0.114247336
0.528363412 0.110924461
0.549114642 0.107388757
0.569831515 0.103657033
0.590516045 0.099749865
0.611170106 0.095684680
0.631794925 0.091473856
0.652393182 0.087134747
0.672967561 0.082683423
0.693519913 0.078131724
0.714052467 0.073491500
0.734568215 0.068777529
0.755067619 0.063993012
0.775551034 0.059140503
0.796019822 0.054226568
0.816475321 0.049257640
0.836919574 0.044242677
0.857354765 0.039190840
0.877783574 0.034113256
0.898205491 0.029008051
0.918619412 0.023870960
0.939023611 0.018695404
0.959405279 0.013431885
0.979739487 0.007988255
1.000000000 0.002276876
