1.000000    -0.003250
0.990000    -0.001433
0.980000    0.000360
0.970000    0.002067
0.960000    0.003643
0.950000    0.005053
0.940000    0.006269
0.930000    0.007262
0.920000    0.008015
0.910000    0.008520
0.900000    0.008777
0.875000    0.008392
0.850000    0.006612
0.825000    0.003504
0.800000    -0.000882
0.774999    -0.006458
0.750000    -0.013080
0.724999    -0.020553
0.700000    -0.028667
0.675000    -0.037220
0.650000    -0.046021
0.625000    -0.054878
0.600000    -0.063606
0.574999    -0.072057
0.550000    -0.080121
0.525000    -0.087707
0.500000    -0.094712
0.475000    -0.101043
0.450000    -0.106617
0.440000    -0.108621
0.430000    -0.110494
0.420000    -0.112233
0.410000    -0.113835
0.400000    -0.115304
0.390000    -0.116643
0.380000    -0.117852
0.370000    -0.118932
0.360000    -0.119876
0.350000    -0.120685
0.340000    -0.121361
0.330000    -0.121895
0.320000    -0.122282
0.310000    -0.122520
0.300000    -0.122609
0.290000    -0.122543
0.280000    -0.122320
0.270000    -0.121938
0.260000    -0.121395
0.250000    -0.120687
0.240000    -0.119814
0.230000    -0.118775
0.220000    -0.117566
0.210000    -0.116183
0.200000    -0.114622
0.190000    -0.112874
0.180000    -0.110932
0.170000    -0.108790
0.160000    -0.106438
0.150000    -0.103874
0.140000    -0.101088
0.130000    -0.098069
0.120000    -0.094799
0.110000    -0.091264
0.100000    -0.087446
0.095000    -0.085427
0.090000    -0.083326
0.085000    -0.081143
0.080000    -0.078874
0.075000    -0.076511
0.070000    -0.074045
0.065000    -0.071470
0.060000    -0.068765
0.055000    -0.065921
0.050000    -0.062915
0.045000    -0.059721
0.040000    -0.056310
0.035000    -0.052632
0.030000    -0.048639
0.025000    -0.044265
0.020000    -0.039431
0.017500    -0.036811
0.015000    -0.034023
0.012500    -0.031027
0.010000    -0.027756
0.009000    -0.026345
0.008000    -0.024862
0.007000    -0.023285
0.006000    -0.021583
0.005000    -0.019728
0.004000    -0.017668
0.003000    -0.015311
0.002000    -0.012487
0.001750    -0.011669
0.001500    -0.010792
0.001250    -0.009832
0.001000    -0.008771
0.000750    -0.007568
0.000500    -0.006155
0.000400    -0.005497
0.000300    -0.004746
0.000200    -0.003875
0.000100    -0.002714
0.000000    0.000000
0.000100    0.002656
0.000200    0.003775
0.000300    0.004630
0.000400    0.005355
0.000500    0.006000
0.000750    0.007363
0.001000    0.008477
0.001250    0.009419
0.001500    0.010247
0.001750    0.010983
0.002000    0.011642
0.003000    0.013855
0.004000    0.015716
0.005000    0.017378
0.006000    0.018898
0.007000    0.020314
0.008000    0.021650
0.009000    0.022921
0.010000    0.024135
0.012500    0.026976
0.015000    0.029598
0.017500    0.032049
0.020000    0.034365
0.025000    0.038672
0.030000    0.042632
0.035000    0.046322
0.040000    0.049789
0.045000    0.053068
0.050000    0.056182
0.055000    0.059150
0.060000    0.061990
0.065000    0.064716
0.070000    0.067336
0.075000    0.069857
0.080000    0.072287
0.085000    0.074632
0.090000    0.076897
0.095000    0.079086
0.100000    0.081205
0.110000    0.085240
0.120000    0.089030
0.130000    0.092592
0.140000    0.095943
0.150000    0.099096
0.160000    0.102065
0.170000    0.104854
0.180000    0.107474
0.190000    0.109931
0.200000    0.112227
0.210000    0.114368
0.220000    0.116356
0.230000    0.118194
0.240000    0.119887
0.250000    0.121433
0.260000    0.122834
0.270000    0.124092
0.280000    0.125206
0.290000    0.126178
0.300000    0.127005
0.310000    0.127685
0.320000    0.128219
0.330000    0.128597
0.340000    0.128817
0.350000    0.128881
0.360000    0.128788
0.370000    0.128545
0.380000    0.128170
0.390000    0.127676
0.400000    0.127076
0.410000    0.126380
0.420000    0.125589
0.430000    0.124706
0.440000    0.123733
0.450000    0.122671
0.475000    0.119663
0.500000    0.116225
0.525000    0.112404
0.550000    0.108226
0.575000    0.103733
0.600000    0.098970
0.625000    0.093963
0.650000    0.088735
0.675000    0.083316
0.700000    0.077735
0.725000    0.072024
0.750000    0.066212
0.775000    0.060290
0.800000    0.054259
0.825000    0.048161
0.850000    0.042013
0.875000    0.035793
0.900000    0.029524
0.910000    0.027004
0.920000    0.024478
0.930000    0.021941
0.940000    0.019394
0.950000    0.016830
0.960000    0.014243
0.970000    0.011609
0.980000    0.008904
0.990000    0.006110
1.000000    0.003250
