# exterior:
# ---------
-0.02218670   0.00203718  0.0
-0.02114278   0.00236589  0.0
-0.02080873   0.00245698  0.0
-0.01653781   0.00346908  0.0
-0.01622009   0.00353407  0.0
-0.01184888   0.00430289  0.0
-0.01158713   0.00434130  0.0
-0.00710485   0.00488915  0.0
-0.00691875   0.00490743  0.0
-0.00236317   0.00523593  0.0
-0.00229563   0.00523900  0.0
 0.00229519   0.00530387  0.0
 0.00696108   0.00507709  0.0
 0.01170460   0.00461554  0.0
 0.01650527   0.00395996  0.0
 0.02072579   0.00324331  0.0
 0.01655595   0.00263845  0.0
 0.01653152   0.00263520  0.0
 0.01168100   0.00199984  0.0
 0.00688319   0.00147267  0.0
 0.00221388   0.00110681  0.0
 0.00219691   0.00110586  0.0
-0.00238334   0.00095678  0.0
-0.00251544   0.00095534  0.0
-0.00704851   0.00098442  0.0
-0.00730487   0.00098998  0.0
-0.01176672   0.00114760  0.0
-0.01210346   0.00116460  0.0
-0.01648576   0.00145153  0.0
-0.01688826   0.00148409  0.0
-0.02119238   0.00190781  0.0
-0.02162600   0.00195865  0.0
-0.02218670   0.00203718  0.0
;;

# interior:
# ---------
-0.01447193   0.00257236  0.0
-0.01203110   0.00241254  0.0
-0.01171313   0.00239648  0.0
-0.00726926   0.00223950  0.0
-0.00703096   0.00223434  0.0
-0.00251825   0.00220538  0.0
-0.00241051   0.00220656  0.0
 0.00213599   0.00235454  0.0
 0.00676608   0.00271732  0.0
 0.01153155   0.00324094  0.0
 0.01204224   0.00330783  0.0
 0.01155945   0.00337376  0.0
 0.00687016   0.00383003  0.0
 0.00227366   0.00405344  0.0
-0.00225834   0.00398941  0.0
-0.00228975   0.00398797  0.0
-0.00681269   0.00366183  0.0
-0.00696791   0.00364658  0.0
-0.01142055   0.00310236  0.0
-0.01164984   0.00306871  0.0
-0.01447193   0.00257236  0.0
;;

