# exterior:
# ---------
-0.02744284   0.00156438  0.0
-0.02611476   0.00208989  0.0
-0.02569787   0.00224210  0.0
-0.02149504   0.00356547  0.0
-0.02111735   0.00366846  0.0
-0.01680724   0.00468985  0.0
-0.01645365   0.00476218  0.0
-0.01204791   0.00553707  0.0
-0.01175371   0.00558024  0.0
-0.00724179   0.00613171  0.0
-0.00702482   0.00615302  0.0
-0.00243658   0.00648388  0.0
-0.00233293   0.00648860  0.0
 0.00231672   0.00655430  0.0
 0.00705200   0.00632414  0.0
 0.01184975   0.00585732  0.0
 0.01669451   0.00519572  0.0
 0.02152451   0.00437558  0.0
 0.02157825   0.00436569  0.0
 0.02637375   0.00341628  0.0
 0.02648215   0.00339323  0.0
 0.02791944   0.00307454  0.0
 0.02664753   0.00287863  0.0
 0.02663752   0.00287708  0.0
 0.02663512   0.00287671  0.0
 0.02662511   0.00287514  0.0
 0.02646904   0.00285045  0.0
 0.02167067   0.00211747  0.0
 0.02156273   0.00210164  0.0
 0.01672822   0.00140036  0.0
 0.01669524   0.00139596  0.0
 0.01183045   0.00075873  0.0
 0.00700030   0.00022801  0.0
 0.00229768  -0.00014045  0.0
 0.00225222  -0.00014300  0.0
-0.00235618  -0.00029300  0.0
-0.00251262  -0.00029470  0.0
-0.00706606  -0.00026549  0.0
-0.00734047  -0.00025954  0.0
-0.01182031  -0.00010129  0.0
-0.01217582  -0.00008333  0.0
-0.01657699   0.00020483  0.0
-0.01699989   0.00023904  0.0
-0.02132640   0.00066496  0.0
-0.02178549   0.00071879  0.0
-0.02604436   0.00131530  0.0
-0.02653176   0.00139675  0.0
-0.02744284   0.00156438  0.0
;;

# interior:
# ---------
-0.02218670   0.00203718  0.0
-0.02162600   0.00195865  0.0
-0.02119238   0.00190781  0.0
-0.01688826   0.00148409  0.0
-0.01648576   0.00145153  0.0
-0.01210346   0.00116460  0.0
-0.01176672   0.00114760  0.0
-0.00730487   0.00098998  0.0
-0.00704851   0.00098442  0.0
-0.00251544   0.00095534  0.0
-0.00238334   0.00095678  0.0
 0.00219691   0.00110586  0.0
 0.00221388   0.00110681  0.0
 0.00688319   0.00147267  0.0
 0.01168100   0.00199984  0.0
 0.01653152   0.00263520  0.0
 0.01655595   0.00263845  0.0
 0.02072579   0.00324331  0.0
 0.01650527   0.00395996  0.0
 0.01170460   0.00461554  0.0
 0.00696108   0.00507709  0.0
 0.00229519   0.00530387  0.0
-0.00229563   0.00523900  0.0
-0.00236317   0.00523593  0.0
-0.00691875   0.00490743  0.0
-0.00710485   0.00488915  0.0
-0.01158713   0.00434130  0.0
-0.01184888   0.00430289  0.0
-0.01622009   0.00353407  0.0
-0.01653781   0.00346908  0.0
-0.02080873   0.00245698  0.0
-0.02114278   0.00236589  0.0
-0.02218670   0.00203718  0.0
;;

