# exterior:
# ---------
 2.84700000   0.00000000  0.0
 2.83616432  -0.24254732  0.0
 2.80374838  -0.48325547  0.0
 2.74999132  -0.72027961  0.0
 2.67530312  -0.95182043  0.0
 2.58025888  -1.17612417  0.0
 2.46557602  -1.39147125  0.0
 2.33212574  -1.59622749  0.0
 2.18092727  -1.78883843  0.0
 2.01313078  -1.96783501  0.0
 1.90912318  -2.06099845  0.0
 1.90868773  -2.06058299  0.0
 2.01271095  -1.96740556  0.0
 2.18047155  -1.78844726  0.0
 2.33163749  -1.59587777  0.0
 2.46505889  -1.39116583  0.0
 2.57971680  -1.17586560  0.0
 2.67474028  -0.95161087  0.0
 2.74941209  -0.72012084  0.0
 2.80315732  -0.48314887  0.0
 2.83556611  -0.24249378  0.0
 2.84639940   0.00000000  0.0
 2.83556611   0.24249378  0.0
 2.80315732   0.48314887  0.0
 2.74941209   0.72012084  0.0
 2.67474028   0.95161087  0.0
 2.57971680   1.17586560  0.0
 2.46505889   1.39116583  0.0
 2.33163749   1.59587777  0.0
 2.18047155   1.78844726  0.0
 2.01271095   1.96740556  0.0
 1.90868773   2.06058299  0.0
 1.90912318   2.06099845  0.0
 2.01313078   1.96783501  0.0
 2.18092727   1.78883843  0.0
 2.33212574   1.59622749  0.0
 2.46557602   1.39147125  0.0
 2.58025888   1.17612417  0.0
 2.67530312   0.95182043  0.0
 2.74999132   0.72027961  0.0
 2.80374838   0.48325547  0.0
 2.83616432   0.24254732  0.0
 2.84700000   0.00000000  0.0
;;

