# exterior:
# ---------
 2.84639940   0.00000000  0.0
 2.83556611  -0.24249378  0.0
 2.80315732  -0.48314887  0.0
 2.74941209  -0.72012084  0.0
 2.67474028  -0.95161087  0.0
 2.57971680  -1.17586560  0.0
 2.46505889  -1.39116583  0.0
 2.33163749  -1.59587777  0.0
 2.18047155  -1.78844726  0.0
 2.01271095  -1.96740556  0.0
 1.90868773  -2.06058299  0.0
 1.90505904  -2.05712077  0.0
 2.00921237  -1.96382680  0.0
 2.17667388  -1.78518755  0.0
 2.32756872  -1.59296341  0.0
 2.46074947  -1.38862071  0.0
 2.57519947  -1.17371088  0.0
 2.67004989  -0.94986458  0.0
 2.74458518  -0.71879778  0.0
 2.79823182  -0.48226049  0.0
 2.83058105  -0.24204766  0.0
 2.84139441   0.00000000  0.0
 2.83058105   0.24204766  0.0
 2.79823182   0.48226049  0.0
 2.74458518   0.71879778  0.0
 2.67004989   0.94986458  0.0
 2.57519947   1.17371088  0.0
 2.46074947   1.38862071  0.0
 2.32756872   1.59296341  0.0
 2.17667388   1.78518755  0.0
 2.00921237   1.96382680  0.0
 1.90505904   2.05712077  0.0
 1.90868773   2.06058299  0.0
 2.01271095   1.96740556  0.0
 2.18047155   1.78844726  0.0
 2.33163749   1.59587777  0.0
 2.46505889   1.39116583  0.0
 2.57971680   1.17586560  0.0
 2.67474028   0.95161087  0.0
 2.74941209   0.72012084  0.0
 2.80315732   0.48314887  0.0
 2.83556611   0.24249378  0.0
 2.84639940   0.00000000  0.0
;;

