# exterior:
# ---------
-0.75000000  -2.68406508  0.0
-0.97373094  -2.61511185  0.0
-1.20319345  -2.52220285  0.0
-1.42350000  -2.41009938  0.0
-1.63297087  -2.27965553  0.0
-1.83001744  -2.13185638  0.0
-2.01313078  -1.96783501  0.0
-2.18092727  -1.78883843  0.0
-2.33212574  -1.59622749  0.0
-2.46557602  -1.39147125  0.0
-2.58025888  -1.17612417  0.0
-2.67530312  -0.95182043  0.0
-2.74999132  -0.72027961  0.0
-2.80374838  -0.48325547  0.0
-2.83616432  -0.24254732  0.0
-2.84700000   0.00000000  0.0
-2.83616432   0.24254732  0.0
-2.80374838   0.48325547  0.0
-2.74999132   0.72027961  0.0
-2.67530312   0.95182043  0.0
-2.58025888   1.17612417  0.0
-2.46557602   1.39147125  0.0
-2.33212574   1.59622749  0.0
-2.18092727   1.78883843  0.0
-2.01313078   1.96783501  0.0
-1.83001744   2.13185638  0.0
-1.63297087   2.27965553  0.0
-1.42350000   2.41009938  0.0
-1.20319345   2.52220285  0.0
-0.97373094   2.61511185  0.0
-0.75000000   2.68406508  0.0
-0.75000000   2.68343723  0.0
-0.97352962   2.61454605  0.0
-1.20294434   2.52165640  0.0
-1.42320481   2.40957637  0.0
-1.63263164   2.27915996  0.0
-1.82963654   2.13139205  0.0
-2.01271095   1.96740556  0.0
-2.18047155   1.78844726  0.0
-2.33163749   1.59587777  0.0
-2.46505889   1.39116583  0.0
-2.57971680   1.17586560  0.0
-2.67474028   0.95161087  0.0
-2.74941209   0.72012084  0.0
-2.80315732   0.48314887  0.0
-2.83556611   0.24249378  0.0
-2.84639940   0.00000000  0.0
-2.83556611  -0.24249378  0.0
-2.80315732  -0.48314887  0.0
-2.74941209  -0.72012084  0.0
-2.67474028  -0.95161087  0.0
-2.57971680  -1.17586560  0.0
-2.46505889  -1.39116583  0.0
-2.33163749  -1.59587777  0.0
-2.18047155  -1.78844726  0.0
-2.01271095  -1.96740556  0.0
-1.82963654  -2.13139205  0.0
-1.63263164  -2.27915996  0.0
-1.42320481  -2.40957637  0.0
-1.20294434  -2.52165640  0.0
-0.97352962  -2.61454605  0.0
-0.75000000  -2.68343723  0.0
-0.75000000  -2.68406508  0.0
;;

