# exterior:
# ---------
-0.75000000  -2.59449191  0.0
-0.94500952  -2.53439054  0.0
-1.16765450  -2.44424195  0.0
-1.38138668  -2.33548386  0.0
-1.58457402  -2.20895296  0.0
-1.77567679  -2.06561208  0.0
-1.95323509  -1.90656657  0.0
-2.11591114  -1.73303220  0.0
-2.26246837  -1.54633372  0.0
-2.39179878  -1.34789870  0.0
-2.50292221  -1.13923538  0.0
-2.59500366  -0.92192382  0.0
-2.66735457  -0.69762883  0.0
-2.71942385  -0.46804638  0.0
-2.75082015  -0.23490969  0.0
-2.76131462   0.00000000  0.0
-2.75082015   0.23490969  0.0
-2.71942385   0.46804638  0.0
-2.66735457   0.69762883  0.0
-2.59500366   0.92192382  0.0
-2.50292221   1.13923538  0.0
-2.39179878   1.34789870  0.0
-2.26246837   1.54633372  0.0
-2.11591114   1.73303220  0.0
-1.95323509   1.90656657  0.0
-1.77567679   2.06561208  0.0
-1.58457402   2.20895296  0.0
-1.38138668   2.33548386  0.0
-1.16765450   2.44424195  0.0
-0.94500952   2.53439054  0.0
-0.75000000   2.59449191  0.0
-0.75000000   2.59449191  0.0
-0.75500000   2.58771884  0.0
-0.75500000   2.58771885  0.0
-0.94333187   2.52967551  0.0
-1.16557862   2.43968816  0.0
-1.37892679   2.33112548  0.0
-1.58174710   2.20482314  0.0
-1.77250269   2.06174267  0.0
-1.94973651   1.90298780  0.0
-2.11211347   1.72977249  0.0
-2.25839960   1.54341937  0.0
-2.38748936   1.34535358  0.0
-2.49840488   1.13708066  0.0
-2.59031327   0.92017752  0.0
-2.66252766   0.69630577  0.0
-2.71449835   0.46715800  0.0
-2.74583509   0.23446357  0.0
-2.75630963   0.00000000  0.0
-2.74583509  -0.23446357  0.0
-2.71449835  -0.46715800  0.0
-2.66252766  -0.69630577  0.0
-2.59031327  -0.92017752  0.0
-2.49840488  -1.13708066  0.0
-2.38748936  -1.34535358  0.0
-2.25839960  -1.54341937  0.0
-2.11211347  -1.72977249  0.0
-1.94973651  -1.90298780  0.0
-1.77250269  -2.06174267  0.0
-1.58174710  -2.20482314  0.0
-1.37892679  -2.33112548  0.0
-1.16557862  -2.43968816  0.0
-0.94333187  -2.52967551  0.0
-0.75500000  -2.58771885  0.0
-0.75500000  -2.58771884  0.0
-0.75000000  -2.59449191  0.0
-0.75000000  -2.59449191  0.0
;;

