# exterior:
# ---------
-0.75000000   2.57588939  0.0
-0.74998132   2.57588854  0.0
-0.74949017   2.57591457  0.0
-0.74900395   2.57598873  0.0
-0.74852737   2.57611029  0.0
-0.71058489   2.58780405  0.0
-0.47676136   2.63847698  0.0
-0.23929690   2.66903448  0.0
 0.00000000   2.67924818  0.0
 0.23929690   2.66903448  0.0
 0.47676136   2.63847698  0.0
 0.71058489   2.58780405  0.0
 0.74852737   2.57611029  0.0
 0.74900395   2.57598873  0.0
 0.74949017   2.57591457  0.0
 0.74998132   2.57588854  0.0
 0.75000000   2.57588939  0.0
 0.75000000   2.57089449  0.0
 0.74971675   2.57089555  0.0
 0.74922560   2.57092157  0.0
 0.74873632   2.57097173  0.0
 0.74825010   2.57104588  0.0
 0.74776811   2.57114386  0.0
 0.74729153   2.57126543  0.0
 0.74705473   2.57133208  0.0
 0.70931676   2.58296281  0.0
 0.47591124   2.63354515  0.0
 0.23887044   2.66404813  0.0
 0.00000000   2.67424362  0.0
-0.23887044   2.66404813  0.0
-0.47591124   2.63354515  0.0
-0.70931676   2.58296281  0.0
-0.74705473   2.57133208  0.0
-0.74729153   2.57126543  0.0
-0.74776811   2.57114386  0.0
-0.74825010   2.57104588  0.0
-0.74873632   2.57097173  0.0
-0.74922560   2.57092157  0.0
-0.74971675   2.57089555  0.0
-0.75000000   2.57089449  0.0
-0.75000000   2.57588939  0.0
;;

