# exterior:
# ---------
-0.75000000  -2.59449191  0.0
-0.94500952  -2.53439054  0.0
-1.16765450  -2.44424195  0.0
-1.38138668  -2.33548386  0.0
-1.58457402  -2.20895296  0.0
-1.77567679  -2.06561208  0.0
-1.95323509  -1.90656657  0.0
-2.11591114  -1.73303220  0.0
-2.26246837  -1.54633372  0.0
-2.39179878  -1.34789870  0.0
-2.50292221  -1.13923538  0.0
-2.59500366  -0.92192382  0.0
-2.66735457  -0.69762883  0.0
-2.71942385  -0.46804638  0.0
-2.75082015  -0.23490969  0.0
-2.76131462   0.00000000  0.0
-2.75082015   0.23490969  0.0
-2.71942385   0.46804638  0.0
-2.66735457   0.69762883  0.0
-2.59500366   0.92192382  0.0
-2.50292221   1.13923538  0.0
-2.39179878   1.34789870  0.0
-2.26246837   1.54633372  0.0
-2.11591114   1.73303220  0.0
-1.95323509   1.90656657  0.0
-1.77567679   2.06561208  0.0
-1.58457402   2.20895296  0.0
-1.38138668   2.33548386  0.0
-1.16765450   2.44424195  0.0
-0.94500952   2.53439054  0.0
-0.75000000   2.59449191  0.0
-0.75000000   2.58088851  0.0
-0.71185302   2.59264530  0.0
-0.47761148   2.64340881  0.0
-0.23972336   2.67402083  0.0
 0.00000000   2.68425273  0.0
 0.23972336   2.67402083  0.0
 0.47761148   2.64340881  0.0
 0.71185302   2.59264530  0.0
 0.75000000   2.58088851  0.0
 0.75000000   2.59449191  0.0
 0.94500952   2.53439054  0.0
 1.16765450   2.44424195  0.0
 1.38138668   2.33548386  0.0
 1.58457402   2.20895296  0.0
 1.77567679   2.06561208  0.0
 1.84700000   2.00172525  0.0
 1.84700000   1.99501268  0.0
 1.94973651   1.90298780  0.0
 2.11211347   1.72977249  0.0
 2.25839960   1.54341937  0.0
 2.38748936   1.34535358  0.0
 2.49840488   1.13708066  0.0
 2.59031327   0.92017752  0.0
 2.66252766   0.69630577  0.0
 2.71449835   0.46715800  0.0
 2.74583509   0.23446357  0.0
 2.75630963   0.00000000  0.0
 2.74583509  -0.23446357  0.0
 2.71449835  -0.46715800  0.0
 2.66252766  -0.69630577  0.0
 2.59031327  -0.92017752  0.0
 2.49840488  -1.13708066  0.0
 2.38748936  -1.34535358  0.0
 2.25839960  -1.54341937  0.0
 2.11211347  -1.72977249  0.0
 1.94973651  -1.90298780  0.0
 1.84700000  -1.99501268  0.0
 1.84700000  -2.00172525  0.0
 1.77567679  -2.06561208  0.0
 1.58457402  -2.20895296  0.0
 1.38138668  -2.33548386  0.0
 1.16765450  -2.44424195  0.0
 0.94500952  -2.53439054  0.0
 0.75000000  -2.59449191  0.0
 0.75000000  -2.58088851  0.0
 0.71185302  -2.59264530  0.0
 0.47761148  -2.64340881  0.0
 0.23972336  -2.67402083  0.0
 0.00000000  -2.68425273  0.0
-0.23972336  -2.67402083  0.0
-0.47761148  -2.64340881  0.0
-0.71185302  -2.59264530  0.0
-0.75000000  -2.58088851  0.0
-0.75000000  -2.59449191  0.0
;;

# interior:
# ---------
-0.75500000  -2.58771885  0.0
-0.75500000  -2.58088851  0.0
-0.75497581  -2.58039726  0.0
-0.75490347  -2.57991077  0.0
-0.75478368  -2.57943373  0.0
-0.75461761  -2.57897078  0.0
-0.75440685  -2.57852638  0.0
-0.75415345  -2.57810484  0.0
-0.75385986  -2.57771023  0.0
-0.75352892  -2.57734638  0.0
-0.75316384  -2.57701680  0.0
-0.75276814  -2.57672469  0.0
-0.75234565  -2.57647286  0.0
-0.75190047  -2.57626377  0.0
-0.75143690  -2.57609942  0.0
-0.75095942  -2.57598142  0.0
-0.75047266  -2.57591090  0.0
-0.74998132  -2.57588854  0.0
-0.74949017  -2.57591457  0.0
-0.74900395  -2.57598873  0.0
-0.74852737  -2.57611029  0.0
-0.71058489  -2.58780405  0.0
-0.47676136  -2.63847698  0.0
-0.23929690  -2.66903448  0.0
 0.00000000  -2.67924818  0.0
 0.23929690  -2.66903448  0.0
 0.47676136  -2.63847698  0.0
 0.71058489  -2.58780405  0.0
 0.74852737  -2.57611029  0.0
 0.74900395  -2.57598873  0.0
 0.74949017  -2.57591457  0.0
 0.74998132  -2.57588854  0.0
 0.75047266  -2.57591090  0.0
 0.75095942  -2.57598142  0.0
 0.75143690  -2.57609942  0.0
 0.75190047  -2.57626377  0.0
 0.75234565  -2.57647286  0.0
 0.75276814  -2.57672469  0.0
 0.75316384  -2.57701680  0.0
 0.75352892  -2.57734638  0.0
 0.75385986  -2.57771023  0.0
 0.75415345  -2.57810484  0.0
 0.75440685  -2.57852638  0.0
 0.75461761  -2.57897078  0.0
 0.75478368  -2.57943373  0.0
 0.75490347  -2.57991077  0.0
 0.75497581  -2.58039726  0.0
 0.75500000  -2.58088851  0.0
 0.75500000  -2.58771885  0.0
 0.94333187  -2.52967551  0.0
 1.16557862  -2.43968816  0.0
 1.37892679  -2.33112548  0.0
 1.58174710  -2.20482314  0.0
 1.77250269  -2.06174267  0.0
 1.84200000  -1.99949136  0.0
 1.84200000  -1.99501268  0.0
 1.84202178  -1.99454650  0.0
 1.84208693  -1.99408438  0.0
 1.84219488  -1.99363035  0.0
 1.84234469  -1.99318837  0.0
 1.84253506  -1.99276227  0.0
 1.84276433  -1.99235578  0.0
 1.84303050  -1.99197244  0.0
 1.84333125  -1.99161559  0.0
 1.84366396  -1.99128832  0.0
 1.94623793  -1.89940904  0.0
 2.10831580  -1.72651278  0.0
 2.25433083  -1.54050501  0.0
 2.38317994  -1.34280845  0.0
 2.49388755  -1.13492594  0.0
 2.58562288  -0.91843123  0.0
 2.65770074  -0.69498271  0.0
 2.70957285  -0.46626962  0.0
 2.74085003  -0.23401745  0.0
 2.75130465   0.00000000  0.0
 2.74085003   0.23401745  0.0
 2.70957285   0.46626962  0.0
 2.65770074   0.69498271  0.0
 2.58562288   0.91843123  0.0
 2.49388755   1.13492594  0.0
 2.38317994   1.34280845  0.0
 2.25433083   1.54050501  0.0
 2.10831580   1.72651278  0.0
 1.94623793   1.89940904  0.0
 1.84366396   1.99128832  0.0
 1.84333125   1.99161559  0.0
 1.84303050   1.99197244  0.0
 1.84276433   1.99235578  0.0
 1.84253506   1.99276227  0.0
 1.84234469   1.99318837  0.0
 1.84219488   1.99363035  0.0
 1.84208693   1.99408438  0.0
 1.84202178   1.99454650  0.0
 1.84200000   1.99501268  0.0
 1.84200000   1.99949136  0.0
 1.77250269   2.06174267  0.0
 1.58174710   2.20482314  0.0
 1.37892679   2.33112548  0.0
 1.16557862   2.43968816  0.0
 0.94333187   2.52967551  0.0
 0.75500000   2.58771885  0.0
 0.75500000   2.58088851  0.0
 0.75497581   2.58039726  0.0
 0.75490347   2.57991077  0.0
 0.75478368   2.57943373  0.0
 0.75461761   2.57897078  0.0
 0.75440685   2.57852638  0.0
 0.75415345   2.57810484  0.0
 0.75385986   2.57771023  0.0
 0.75352892   2.57734638  0.0
 0.75316384   2.57701680  0.0
 0.75276814   2.57672469  0.0
 0.75234565   2.57647286  0.0
 0.75190047   2.57626377  0.0
 0.75143690   2.57609942  0.0
 0.75095942   2.57598142  0.0
 0.75047266   2.57591090  0.0
 0.74998132   2.57588854  0.0
 0.74949017   2.57591457  0.0
 0.74900395   2.57598873  0.0
 0.74852737   2.57611029  0.0
 0.71058489   2.58780405  0.0
 0.47676136   2.63847698  0.0
 0.23929690   2.66903448  0.0
 0.00000000   2.67924818  0.0
-0.23929690   2.66903448  0.0
-0.47676136   2.63847698  0.0
-0.71058489   2.58780405  0.0
-0.74852737   2.57611029  0.0
-0.74900395   2.57598873  0.0
-0.74949017   2.57591457  0.0
-0.74998132   2.57588854  0.0
-0.75047266   2.57591090  0.0
-0.75095942   2.57598142  0.0
-0.75143690   2.57609942  0.0
-0.75190047   2.57626377  0.0
-0.75234565   2.57647286  0.0
-0.75276814   2.57672469  0.0
-0.75316384   2.57701680  0.0
-0.75352892   2.57734638  0.0
-0.75385986   2.57771023  0.0
-0.75415345   2.57810484  0.0
-0.75440685   2.57852638  0.0
-0.75461761   2.57897078  0.0
-0.75478368   2.57943373  0.0
-0.75490347   2.57991077  0.0
-0.75497581   2.58039726  0.0
-0.75500000   2.58088851  0.0
-0.75500000   2.58771885  0.0
-0.94333187   2.52967551  0.0
-1.16557862   2.43968816  0.0
-1.37892679   2.33112548  0.0
-1.58174710   2.20482314  0.0
-1.77250269   2.06174267  0.0
-1.94973651   1.90298780  0.0
-2.11211347   1.72977249  0.0
-2.25839960   1.54341937  0.0
-2.38748936   1.34535358  0.0
-2.49840488   1.13708066  0.0
-2.59031327   0.92017752  0.0
-2.66252766   0.69630577  0.0
-2.71449835   0.46715800  0.0
-2.74583509   0.23446357  0.0
-2.75630963   0.00000000  0.0
-2.74583509  -0.23446357  0.0
-2.71449835  -0.46715800  0.0
-2.66252766  -0.69630577  0.0
-2.59031327  -0.92017752  0.0
-2.49840488  -1.13708066  0.0
-2.38748936  -1.34535358  0.0
-2.25839960  -1.54341937  0.0
-2.11211347  -1.72977249  0.0
-1.94973651  -1.90298780  0.0
-1.77250269  -2.06174267  0.0
-1.58174710  -2.20482314  0.0
-1.37892679  -2.33112548  0.0
-1.16557862  -2.43968816  0.0
-0.94333187  -2.52967551  0.0
-0.75500000  -2.58771885  0.0
;;

