# exterior:
# ---------
 1.84700000   1.99501268  0.0
 1.94973651   1.90298780  0.0
 2.11211347   1.72977249  0.0
 2.25839960   1.54341937  0.0
 2.38748936   1.34535358  0.0
 2.49840488   1.13708066  0.0
 2.59031327   0.92017752  0.0
 2.66252766   0.69630577  0.0
 2.71449835   0.46715800  0.0
 2.74583509   0.23446357  0.0
 2.75630963   0.00000000  0.0
 2.74583509  -0.23446357  0.0
 2.71449835  -0.46715800  0.0
 2.66252766  -0.69630577  0.0
 2.59031327  -0.92017752  0.0
 2.49840488  -1.13708066  0.0
 2.38748936  -1.34535358  0.0
 2.25839960  -1.54341937  0.0
 2.11211347  -1.72977249  0.0
 1.94973651  -1.90298780  0.0
 1.84700000  -1.99501268  0.0
 1.84700000  -1.98830011  0.0
 1.94623793  -1.89940904  0.0
 2.10831580  -1.72651278  0.0
 2.25433083  -1.54050501  0.0
 2.38317994  -1.34280845  0.0
 2.49388755  -1.13492594  0.0
 2.58562288  -0.91843123  0.0
 2.65770074  -0.69498271  0.0
 2.70957285  -0.46626962  0.0
 2.74085003  -0.23401745  0.0
 2.75130465   0.00000000  0.0
 2.74085003   0.23401745  0.0
 2.70957285   0.46626962  0.0
 2.65770074   0.69498271  0.0
 2.58562288   0.91843123  0.0
 2.49388755   1.13492594  0.0
 2.38317994   1.34280845  0.0
 2.25433083   1.54050501  0.0
 2.10831580   1.72651278  0.0
 1.94623793   1.89940904  0.0
 1.84700000   1.98830011  0.0
 1.84700000   1.99501268  0.0
;;

