# exterior:
# ---------
 1.84200000  -1.99948824  0.0
 1.84200000  -1.99949136  0.0
 1.77250269  -2.06174267  0.0
 1.58174710  -2.20482314  0.0
 1.37892679  -2.33112548  0.0
 1.16557862  -2.43968816  0.0
 0.94333187  -2.52967551  0.0
 0.75500000  -2.58771885  0.0
 0.75500000  -2.58771884  0.0
 0.76000000  -2.58094578  0.0
 0.76000000  -2.58094578  0.0
 0.94165422  -2.52496048  0.0
 1.16350275  -2.43513437  0.0
 1.37646690  -2.32676709  0.0
 1.57892018  -2.20069331  0.0
 1.76932858  -2.05787326  0.0
 1.83699996  -1.99725752  0.0
 1.83701396  -1.99725748  0.0
 1.84200000  -1.99948824  0.0
;;

