# exterior:
# ---------
 0.75000000  -2.67820515  0.0
 0.73544023  -2.68269243  0.0
 0.49342372  -2.73514090  0.0
 0.24765550  -2.76676695  0.0
 0.00000000  -2.77733740  0.0
-0.24765550  -2.76676695  0.0
-0.49342372  -2.73514090  0.0
-0.73544023  -2.68269243  0.0
-0.75000000  -2.67820515  0.0
-0.75000000  -2.59449191  0.0
-0.71515016  -2.60523253  0.0
-0.47982180  -2.65623158  0.0
-0.24083216  -2.68698535  0.0
 0.00000000  -2.69726456  0.0
 0.24083216  -2.68698535  0.0
 0.47982180  -2.65623158  0.0
 0.71515016  -2.60523253  0.0
 0.75000000  -2.59449191  0.0
 0.75000000  -2.67820515  0.0
;;

