# exterior:
# ---------
-0.75000000   2.59449191  0.0
-0.71515016   2.60523253  0.0
-0.47982180   2.65623158  0.0
-0.24083216   2.68698535  0.0
 0.00000000   2.69726456  0.0
 0.24083216   2.68698535  0.0
 0.47982180   2.65623158  0.0
 0.71515016   2.60523253  0.0
 0.75000000   2.59449191  0.0
 0.75000000   2.58088851  0.0
 0.71185302   2.59264530  0.0
 0.47761148   2.64340881  0.0
 0.23972336   2.67402083  0.0
 0.00000000   2.68425273  0.0
-0.23972336   2.67402083  0.0
-0.47761148   2.64340881  0.0
-0.71185302   2.59264530  0.0
-0.75000000   2.58088851  0.0
-0.75000000   2.59449191  0.0
;;

