# exterior:
# ---------
 0.83600000   0.48593415  0.0
 1.03874951   0.45150700  0.0
 1.04462630   0.45042564  0.0
 1.26964875   0.40587570  0.0
 1.27747449   0.40421153  0.0
 1.50058414   0.35474146  0.0
 1.50956783   0.35265062  0.0
 1.73154919   0.29911082  0.0
 1.74086142   0.29681843  0.0
 1.88812500   0.25922673  0.0
 1.88812500   0.21278373  0.0
 1.72991790   0.25316896  0.0
 1.72089538   0.25539003  0.0
 1.49919189   0.30886281  0.0
 1.49061298   0.31085944  0.0
 1.26792363   0.36023632  0.0
 1.26059850   0.36179403  0.0
 1.03618440   0.40622353  0.0
 1.03091074   0.40719392  0.0
 0.83600000   0.44029003  0.0
 0.83600000   0.48593415  0.0
;;

