# exterior:
# ---------
-0.75000000   0.47893808  0.0
-0.59704723   0.50583998  0.0
-0.57687871   0.50879919  0.0
-0.36237991   0.53501638  0.0
-0.34609982   0.53661552  0.0
-0.12746484   0.55238106  0.0
-0.11535793   0.55293283  0.0
 0.10751708   0.55608186  0.0
 0.11534050   0.55594628  0.0
 0.34241484   0.54490958  0.0
 0.34610116   0.54464213  0.0
 0.57697475   0.52217813  0.0
 0.75000000   0.49854980  0.0
 0.75000000   0.45111358  0.0
 0.57151725   0.47548719  0.0
 0.34212427   0.49780712  0.0
 0.33957311   0.49799221  0.0
 0.11379206   0.50896605  0.0
 0.10744185   0.50907611  0.0
-0.11395569   0.50594795  0.0
-0.12470430   0.50545809  0.0
-0.34211170   0.48978106  0.0
-0.35723083   0.48829596  0.0
-0.57061523   0.46221498  0.0
-0.58956344   0.45943482  0.0
-0.75000000   0.43121664  0.0
-0.75000000   0.47893808  0.0
;;

