# exterior:
# ---------
 2.87043508   0.00758296  0.0
 2.65768830   0.03102340  0.0
 2.65727667   0.03105346  0.0
 2.65471202   0.03114588  0.0
 2.65441171   0.03114864  0.0
 2.42592637   0.02712375  0.0
 2.42571275   0.02711591  0.0
 2.42041708   0.02682016  0.0
 2.42030927   0.02681310  0.0
 2.19455493   0.00983092  0.0
 2.19445487   0.00982249  0.0
 2.18702430   0.00912934  0.0
 2.18692146   0.00911879  0.0
 1.96330203  -0.01591317  0.0
 1.96324226  -0.01592018  0.0
 1.95443925  -0.01700150  0.0
 1.95436847  -0.01701065  0.0
 1.88812500  -0.02600610  0.0
 1.88812500  -0.02196939  0.0
 1.95383023  -0.01304703  0.0
 1.95385550  -0.01304368  0.0
 1.95392629  -0.01303453  0.0
 1.95395158  -0.01303134  0.0
 1.96275458  -0.01195002  0.0
 1.96277592  -0.01194746  0.0
 1.96283569  -0.01194044  0.0
 1.96285705  -0.01193800  0.0
 2.18647648   0.01309396  0.0
 2.18651319   0.01309790  0.0
 2.18661603   0.01310845  0.0
 2.18665278   0.01311205  0.0
 2.19408335   0.01380520  0.0
 2.19411907   0.01380837  0.0
 2.19421913   0.01381680  0.0
 2.19425488   0.01381965  0.0
 2.42000922   0.03080183  0.0
 2.42004771   0.03080454  0.0
 2.42015552   0.03081160  0.0
 2.42019404   0.03081394  0.0
 2.42548971   0.03110968  0.0
 2.42556598   0.03111321  0.0
 2.42577960   0.03112106  0.0
 2.42585592   0.03112313  0.0
 2.65434126   0.03514802  0.0
 2.65444853   0.03514847  0.0
 2.65474883   0.03514571  0.0
 2.65485607   0.03514328  0.0
 2.65742072   0.03505086  0.0
 2.65756793   0.03504284  0.0
 2.65797955   0.03501279  0.0
 2.65812637   0.03499934  0.0
 2.80321758   0.01901319  0.0
 2.65747784   0.05269736  0.0
 2.65739323   0.05271789  0.0
 2.65715699   0.05277794  0.0
 2.65707285   0.05280030  0.0
 2.65456897   0.05349507  0.0
 2.42887563   0.11293741  0.0
 2.42886748   0.11293957  0.0
 2.42884467   0.11294563  0.0
 2.42883653   0.11294780  0.0
 2.42355184   0.11436351  0.0
 2.19995063   0.17369693  0.0
 2.19253055   0.17565347  0.0
 1.97030251   0.23408565  0.0
 1.96153290   0.23635977  0.0
 1.88812500   0.25509847  0.0
 1.88812500   0.25922673  0.0
 1.96252961   0.24023361  0.0
 1.97131313   0.23795588  0.0
 2.19354907   0.17952163  0.0
 2.20097352   0.17756393  0.0
 2.42458232   0.11822849  0.0
 2.42987159   0.11681156  0.0
 2.42989440   0.11680550  0.0
 2.65561315   0.05735647  0.0
 2.65814235   0.05665467  0.0
 2.65837860   0.05659462  0.0
 2.87043508   0.00758296  0.0
;;

