# exterior:
# ---------
-0.83600000  -1.68620666  0.0
-0.86995200  -1.68343907  0.0
-1.03807968  -1.66129942  0.0
-1.20614432  -1.62986138  0.0
-1.37427200  -1.58824237  0.0
-1.53685216  -1.53756451  0.0
-1.69060672  -1.47958662  0.0
-1.83547264  -1.41542451  0.0
-1.97151296  -1.34594182  0.0
-2.09872768  -1.27175635  0.0
-2.21705376  -1.19341024  0.0
-2.32661728  -1.11141411  0.0
-2.42722912  -1.02626598  0.0
-2.51907840  -0.93829366  0.0
-2.60203904  -0.84803930  0.0
-2.67617408  -0.75593155  0.0
-2.74148352  -0.66238019  0.0
-2.79790432  -0.56795888  0.0
-2.84549952  -0.47237763  0.0
-2.88426912  -0.37576883  0.0
-2.91421312  -0.27822704  0.0
-2.93526848  -0.17733152  0.0
-2.94749824  -0.07414765  0.0
-2.94913728  -0.04717283  0.0
-2.95027200   0.00000000  0.0
-2.94913728   0.06874512  0.0
-2.94749824   0.12293430  0.0
-2.93526848   0.22489520  0.0
-2.91421312   0.32217222  0.0
-2.88426912   0.41853517  0.0
-2.84549952   0.51350493  0.0
-2.79790432   0.60699955  0.0
-2.74148352   0.69881731  0.0
-2.67617408   0.78860518  0.0
-2.60203904   0.87594080  0.0
-2.51907840   0.96054678  0.0
-2.42722912   1.04209533  0.0
-2.32661728   1.12021450  0.0
-2.21705376   1.19467734  0.0
-2.09872768   1.26492282  0.0
-1.97151296   1.33061680  0.0
-1.83547264   1.39116672  0.0
-1.69060672   1.44612499  0.0
-1.53685216   1.49494947  0.0
-1.37427200   1.53748886  0.0
-1.20614432   1.57321363  0.0
-1.03807968   1.60151859  0.0
-0.86995200   1.62317914  0.0
-0.83600000   1.62629554  0.0
-0.83600000   1.62569302  0.0
-0.86988622   1.62258265  0.0
-1.03799149   1.60092499  0.0
-1.20603209   1.57262408  0.0
-1.37413363   1.53690487  0.0
-1.53668531   1.49437293  0.0
-1.69040936   1.44555814  0.0
-1.83524406   1.39061171  0.0
-1.97125310   1.33007571  0.0
-2.09843663   1.26439784  0.0
-2.21673168   1.19417078  0.0
-2.32626431   1.11972893  0.0
-2.42684554   1.04163353  0.0
-2.51866452   0.96011189  0.0
-2.60159555   0.87553610  0.0
-2.67570210   0.78823405  0.0
-2.74098456   0.69848328  0.0
-2.79738053   0.60670592  0.0
-2.84495347   0.51325501  0.0
-2.88370383   0.41833238  0.0
-2.91363230   0.32201944  0.0
-2.93467610   0.22479579  0.0
-2.94689932   0.12288942  0.0
-2.94853743   0.06873110  0.0
-2.94967188   0.00000226  0.0
-2.94853772  -0.04714741  0.0
-2.94690039  -0.07409410  0.0
-2.93467575  -0.17723474  0.0
-2.91363142  -0.27807740  0.0
-2.88370292  -0.37556871  0.0
-2.84495167  -0.47213178  0.0
-2.79737747  -0.56767085  0.0
-2.74097937  -0.66205417  0.0
-2.67569383  -0.75557130  0.0
-2.60158398  -0.84764775  0.0
-2.51864959  -0.93787356  0.0
-2.42682743  -1.02581991  0.0
-2.32624339  -1.11094451  0.0
-2.21670810  -1.19291951  0.0
-2.09841068  -1.27124665  0.0
-1.97122515  -1.34541509  0.0
-1.83521450  -1.41488263  0.0
-1.69037920  -1.47903118  0.0
-1.53665687  -1.53699691  0.0
-1.37411049  -1.58766424  0.0
-1.20601697  -1.62927479  0.0
-1.03798528  -1.66070667  0.0
-0.86988842  -1.68284226  0.0
-0.83600000  -1.68560467  0.0
-0.83600000  -1.68620666  0.0
;;

