# exterior:
# ---------
 2.35372800  -3.11113607  0.0
 2.25938833  -3.15674540  0.0
 2.11160374  -3.22381063  0.0
 1.95712697  -3.28975239  0.0
 1.79606227  -3.35447225  0.0
 1.62963779  -3.41730062  0.0
 1.46276856  -3.47632741  0.0
 1.29597204  -3.53147787  0.0
 1.12913638  -3.58277968  0.0
 0.96234488  -3.63022801  0.0
 0.83600000  -3.66316014  0.0
 0.83900000  -3.65927795  0.0
 0.96155602  -3.62733340  0.0
 1.12828498  -3.57990285  0.0
 1.29506017  -3.52861964  0.0
 1.46179734  -3.47348880  0.0
 1.62860767  -3.41448285  0.0
 1.79497309  -3.35167678  0.0
 1.95597867  -3.28698067  0.0
 2.11039482  -3.22106478  0.0
 2.25811539  -3.15402861  0.0
 2.35242222  -3.10843516  0.0
 2.35268781  -3.10832218  0.0
 2.35296302  -3.10823525  0.0
 2.35324532  -3.10817516  0.0
 2.35353209  -3.10814248  0.0
 2.35382066  -3.10813751  0.0
 2.35410838  -3.10816029  0.0
 2.35439258  -3.10821061  0.0
 2.35467063  -3.10828801  0.0
 2.35493995  -3.10839178  0.0
 2.35502065  -3.10843216  0.0
 2.35372800  -3.11113607  0.0
;;

