# exterior:
# ---------
 0.83600000   1.53507920  0.0
 0.97907346   1.50601908  0.0
 1.14718621   1.46742312  0.0
 1.31529875   1.42423830  0.0
 1.48334842   1.37631956  0.0
 1.65146168   1.32370459  0.0
 1.81913268   1.26662081  0.0
 1.98144354   1.20598273  0.0
 2.13719745   1.14211795  0.0
 2.28633123   1.07514012  0.0
 2.35372800   1.04191271  0.0
 2.35372800   1.03912539  0.0
 2.28526603   1.07287796  0.0
 2.13621084   1.13982050  0.0
 1.98053163   1.20365465  0.0
 1.81829218   1.26426604  0.0
 1.65068534   1.32132798  0.0
 1.48263218   1.37392415  0.0
 1.31464486   1.42182511  0.0
 1.14659540   1.46499372  0.0
 0.97854486   1.50357540  0.0
 0.83600000   1.53252816  0.0
 0.83600000   1.53507920  0.0
;;

