# exterior:
# ---------
-0.83600000  -3.88949638  0.0
-0.86962351  -3.88675557  0.0
-1.03759196  -3.86463689  0.0
-1.20548632  -3.83323069  0.0
-1.37343755  -3.79165536  0.0
-1.53584315  -3.74103192  0.0
-1.68943121  -3.68311682  0.0
-1.83413890  -3.61902478  0.0
-1.97002596  -3.54962037  0.0
-2.09708982  -3.47552287  0.0
-2.21526784  -3.39727479  0.0
-2.32468552  -3.31538782  0.0
-2.42515371  -3.23036126  0.0
-2.51686287  -3.14252315  0.0
-2.59968788  -3.05241632  0.0
-2.67369279  -2.96047027  0.0
-2.73887876  -2.86709576  0.0
-2.79518228  -2.77287072  0.0
-2.84266896  -2.67750740  0.0
-2.88134375  -2.58113487  0.0
-2.91120768  -2.48385388  0.0
-2.93220605  -2.38323148  0.0
-2.94440933  -2.28027098  0.0
-2.94603954  -2.25344151  0.0
-2.94717138  -2.20638830  0.0
-2.94603805  -2.13772733  0.0
-2.94440384  -2.08369761  0.0
-2.93220787  -1.98201842  0.0
-2.91121220  -1.88501716  0.0
-2.88134847  -1.78891256  0.0
-2.84267828  -1.69418632  0.0
-2.79519806  -1.60091756  0.0
-2.73890554  -1.50930854  0.0
-2.67373550  -1.41971233  0.0
-2.59974769  -1.33255016  0.0
-2.51694003  -1.24810018  0.0
-2.42524729  -1.16669063  0.0
-2.32479361  -1.08869426  0.0
-2.21538970  -1.01433989  0.0
-2.09722393  -0.94418958  0.0
-1.97017036  -0.87857882  0.0
-1.83429164  -0.81810083  0.0
-1.68958704  -0.76320375  0.0
-1.53599012  -0.71442933  0.0
-1.37355710  -0.67192844  0.0
-1.20556448  -0.63623237  0.0
-1.03762403  -0.60794833  0.0
-0.86961215  -0.58630270  0.0
-0.83600000  -0.58321749  0.0
-0.83600000  -0.59426373  0.0
-0.86840625  -0.59723825  0.0
-1.03600722  -0.61883094  0.0
-1.20350697  -0.64704076  0.0
-1.37102036  -0.68263500  0.0
-1.53293127  -0.72499928  0.0
-1.68596880  -0.77359607  0.0
-1.83010099  -0.82827599  0.0
-1.96540632  -0.88849877  0.0
-2.09188804  -0.95381423  0.0
-2.20948497  -1.02362684  0.0
-2.31832252  -1.09759629  0.0
-2.41821500  -1.17515692  0.0
-2.50935226  -1.25607330  0.0
-2.59161711  -1.33996969  0.0
-2.66508248  -1.42651639  0.0
-2.72975785  -1.51543254  0.0
-2.78559522  -1.60630085  0.0
-2.83266745  -1.69876816  0.0
-2.87098489  -1.79263030  0.0
-2.90056375  -1.88781821  0.0
-2.92134763  -1.98384095  0.0
-2.93342370  -2.08452053  0.0
-2.93504080  -2.13798439  0.0
-2.93616920  -2.20634680  0.0
-2.93504757  -2.25297551  0.0
-2.93344870  -2.27928925  0.0
-2.92133935  -2.38145716  0.0
-2.90054323  -2.48111042  0.0
-2.87096340  -2.57746596  0.0
-2.83262506  -2.67300011  0.0
-2.78552343  -2.76759017  0.0
-2.72963608  -2.86111874  0.0
-2.66488819  -2.95386571  0.0
-2.59134507  -3.04523804  0.0
-2.50900129  -3.13482131  0.0
-2.41778935  -3.22218320  0.0
-2.31783087  -3.30677839  0.0
-2.20893073  -3.38827805  0.0
-2.09127807  -3.46617827  0.0
-1.96474951  -3.53996361  0.0
-1.82940627  -3.60909026  0.0
-1.68526003  -3.67293362  0.0
-1.53226280  -3.73062594  0.0
-1.37047659  -3.78105631  0.0
-1.20315149  -3.82247665  0.0
-1.03586136  -3.85376982  0.0
-0.86845788  -3.87581410  0.0
-0.83600000  -3.87845990  0.0
-0.83600000  -3.88949638  0.0
;;

