# exterior:
# ---------
 0.75000000  -3.75031741  0.0
 0.64300800  -3.77557907  0.0
 0.47488032  -3.81083104  0.0
 0.30681568  -3.84134870  0.0
 0.13868800  -3.86668448  0.0
-0.02943968  -3.88653578  0.0
-0.19750432  -3.90052435  0.0
-0.36563200  -3.90828458  0.0
-0.53375968  -3.90946973  0.0
-0.70182432  -3.90354397  0.0
-0.75000000  -3.89961694  0.0
-0.75000000  -3.89901495  0.0
-0.70178936  -3.90294483  0.0
-0.53375122  -3.90886965  0.0
-0.36564795  -3.90768467  0.0
-0.19754305  -3.89992550  0.0
-0.02949976  -3.88593870  0.0
 0.13860810  -3.86608975  0.0
 0.30671736  -3.84075675  0.0
 0.47476514  -3.81024214  0.0
 0.64287748  -3.77499339  0.0
 0.75000000  -3.74970091  0.0
 0.75000000  -3.75031741  0.0
;;

