# exterior:
# ---------
 0.83600000  -3.66316014  0.0
 0.83600000  -0.73611741  0.0
 0.96564705  -0.76245044  0.0
 1.13217978  -0.80068366  0.0
 1.29869003  -0.84345688  0.0
 1.46515580  -0.89092397  0.0
 1.63174278  -0.94306126  0.0
 1.79778405  -0.99959020  0.0
 1.95828093  -1.05955059  0.0
 2.11213756  -1.12263741  0.0
 2.25927520  -1.18871875  0.0
 2.35372800  -1.23528511  0.0
 2.35372800  -1.18957313  0.0
 2.41849902  -1.22150602  0.0
 2.55363195  -1.29485495  0.0
 2.68205806  -1.37204830  0.0
 2.80380689  -1.45381626  0.0
 2.91878164  -1.54140419  0.0
 3.02700278  -1.63686781  0.0
 3.12853136  -1.74419980  0.0
 3.22263038  -1.86500226  0.0
 3.30986392  -2.05217176  0.0
 3.33041813  -2.20635858  0.0
 3.30991148  -2.35612349  0.0
 3.22290290  -2.53409725  0.0
 3.12917861  -2.64792107  0.0
 3.02797441  -2.74305550  0.0
 2.91972030  -2.82845112  0.0
 2.80463852  -2.90772829  0.0
 2.68273888  -2.98283299  0.0
 2.55412324  -3.05502573  0.0
 2.41877302  -3.12522963  0.0
 2.35372800  -3.15667621  0.0
 2.35372800  -3.11113607  0.0
 2.25938833  -3.15674540  0.0
 2.11160374  -3.22381063  0.0
 1.95712697  -3.28975239  0.0
 1.79606227  -3.35447225  0.0
 1.62963779  -3.41730062  0.0
 1.46276856  -3.47632741  0.0
 1.29597204  -3.53147787  0.0
 1.12913638  -3.58277968  0.0
 0.96234488  -3.63022801  0.0
 0.83600000  -3.66316014  0.0
;;

# interior:
# ---------
 0.83900000  -3.65927795  0.0
 0.96155602  -3.62733340  0.0
 1.12828498  -3.57990285  0.0
 1.29506017  -3.52861964  0.0
 1.46179734  -3.47348880  0.0
 1.62860767  -3.41448285  0.0
 1.79497309  -3.35167678  0.0
 1.95597867  -3.28698067  0.0
 2.11039482  -3.22106478  0.0
 2.25811539  -3.15402861  0.0
 2.35242222  -3.10843516  0.0
 2.35268781  -3.10832218  0.0
 2.35296302  -3.10823525  0.0
 2.35324532  -3.10817516  0.0
 2.35353209  -3.10814248  0.0
 2.35382066  -3.10813751  0.0
 2.35410838  -3.10816029  0.0
 2.35439258  -3.10821061  0.0
 2.35467063  -3.10828801  0.0
 2.35493995  -3.10839178  0.0
 2.35519806  -3.10852094  0.0
 2.35544256  -3.10867431  0.0
 2.35567119  -3.10885046  0.0
 2.35588183  -3.10904777  0.0
 2.35607254  -3.10926441  0.0
 2.35624155  -3.10949837  0.0
 2.35638729  -3.10974749  0.0
 2.35650842  -3.11000946  0.0
 2.35660382  -3.11028186  0.0
 2.35667259  -3.11056217  0.0
 2.35671412  -3.11084779  0.0
 2.35672800  -3.11113607  0.0
 2.35672800  -3.15189363  0.0
 2.41742921  -3.12254710  0.0
 2.55269800  -3.05238544  0.0
 2.68121722  -2.98024682  0.0
 2.80299968  -2.90521432  0.0
 2.91793848  -2.82603564  0.0
 3.02601435  -2.74078062  0.0
 3.12698437  -2.64586633  0.0
 3.22036270  -2.53246266  0.0
 3.30700460  -2.35523893  0.0
 3.32739087  -2.20635320  0.0
 3.30695087  -2.05302309  0.0
 3.22005480  -1.86657766  0.0
 3.12625307  -1.74615686  0.0
 3.02491653  -1.63902789  0.0
 2.91687792  -1.54372528  0.0
 2.80206004  -1.45625686  0.0
 2.68044798  -1.37458075  0.0
 2.55214291  -1.29746015  0.0
 2.41711963  -1.22417074  0.0
 2.35672800  -1.19439695  0.0
 2.35672800  -1.23528511  0.0
 2.35671401  -1.23557450  0.0
 2.35667217  -1.23586118  0.0
 2.35660287  -1.23614249  0.0
 2.35650676  -1.23641581  0.0
 2.35638474  -1.23667858  0.0
 2.35623793  -1.23692835  0.0
 2.35606772  -1.23716280  0.0
 2.35587569  -1.23737974  0.0
 2.35566362  -1.23757714  0.0
 2.35543350  -1.23775316  0.0
 2.35518748  -1.23790617  0.0
 2.35492784  -1.23803473  0.0
 2.35465702  -1.23813764  0.0
 2.35437753  -1.23821395  0.0
 2.35409198  -1.23826295  0.0
 2.35380304  -1.23828417  0.0
 2.35351339  -1.23827743  0.0
 2.35322575  -1.23824277  0.0
 2.35294280  -1.23818053  0.0
 2.35266716  -1.23809129  0.0
 2.35240142  -1.23797587  0.0
 2.25799696  -1.19143335  0.0
 2.11095363  -1.12539436  0.0
 1.95718663  -1.06234429  0.0
 1.79677546  -1.00241592  0.0
 1.63081118  -0.94591319  0.0
 1.46429630  -0.89379847  0.0
 1.29790536  -0.84635271  0.0
 1.13147081  -0.80359894  0.0
 0.96501273  -0.76538286  0.0
 0.83900000  -0.73978800  0.0
 0.83900000  -3.65927795  0.0
;;

