# exterior:
# ---------
 0.83600000   1.53252816  0.0
 0.97854486   1.50357540  0.0
 1.14659540   1.46499372  0.0
 1.31464486   1.42182511  0.0
 1.48263218   1.37392415  0.0
 1.65068534   1.32132798  0.0
 1.81829218   1.26426604  0.0
 1.98053163   1.20365465  0.0
 2.13621084   1.13982050  0.0
 2.28526603   1.07287796  0.0
 2.35372800   1.03912539  0.0
 2.35372800   1.02686120  0.0
 2.28057916   1.06292446  0.0
 2.13186976   1.12971170  0.0
 1.97651921   1.19341108  0.0
 1.81459400   1.25390508  0.0
 1.64726947   1.31087090  0.0
 1.47948070   1.36338432  0.0
 1.31176776   1.41120705  0.0
 1.14399586   1.45430436  0.0
 0.97621902   1.49282320  0.0
 0.83600000   1.52130355  0.0
 0.83600000   1.53252816  0.0
;;

