# exterior:
# ---------
 2.35372800  -3.18166775  0.0
 2.28633229  -3.21425079  0.0
 2.13719246  -3.28193102  0.0
 1.98143274  -3.34842044  0.0
 1.81911656  -3.41364318  0.0
 1.65144198  -3.47694349  0.0
 1.48332608  -3.53641125  0.0
 1.31527331  -3.59197709  0.0
 1.14715772  -3.64367247  0.0
 0.97904255  -3.69149736  0.0
 0.83600000  -3.72878179  0.0
 0.83600000  -3.72619826  0.0
 0.97838516  -3.68908519  0.0
 1.14644822  -3.64127512  0.0
 1.31451341  -3.58959523  0.0
 1.48251672  -3.53404575  0.0
 1.65058354  -3.47459534  0.0
 1.81820891  -3.41131361  0.0
 1.98047582  -3.34611067  0.0
 2.13618503  -3.27964282  0.0
 2.28527151  -3.21198679  0.0
 2.35372800  -3.17889091  0.0
 2.35372800  -3.18166775  0.0
;;

