# exterior:
# ---------
 2.35372800  -0.97593419  0.0
 2.28658688  -1.00839414  0.0
 2.13743424  -1.07608019  0.0
 1.98166240  -1.14257478  0.0
 1.81933440  -1.20780227  0.0
 1.65164800  -1.27110704  0.0
 1.48352032  -1.33057898  0.0
 1.31545568  -1.38614874  0.0
 1.14732800  -1.43784784  0.0
 0.97920032  -1.48567629  0.0
 0.83600000  -1.52300183  0.0
 0.83600000  -1.52238179  0.0
 0.97904255  -1.48509736  0.0
 1.14715772  -1.43727247  0.0
 1.31527331  -1.38557709  0.0
 1.48332608  -1.33001125  0.0
 1.65144198  -1.27054349  0.0
 1.81911656  -1.20724318  0.0
 1.98143274  -1.14202044  0.0
 2.13719246  -1.07553102  0.0
 2.28633229  -1.00785079  0.0
 2.35372800  -0.97526775  0.0
 2.35372800  -0.97593419  0.0
;;

