# exterior:
# ---------
-0.83600000  -3.89200467  0.0
-0.86988842  -3.88924226  0.0
-1.03798528  -3.86710667  0.0
-1.20601697  -3.83567479  0.0
-1.37411049  -3.79406424  0.0
-1.53665687  -3.74339691  0.0
-1.69037920  -3.68543118  0.0
-1.83521450  -3.62128263  0.0
-1.97122515  -3.55181509  0.0
-2.09841068  -3.47764665  0.0
-2.21670810  -3.39931951  0.0
-2.32624339  -3.31734451  0.0
-2.42682743  -3.23221991  0.0
-2.51864959  -3.14427356  0.0
-2.60158398  -3.05404775  0.0
-2.67569383  -2.96197130  0.0
-2.74097937  -2.86845417  0.0
-2.79737747  -2.77407085  0.0
-2.84495167  -2.67853178  0.0
-2.88370292  -2.58196871  0.0
-2.91363142  -2.48447740  0.0
-2.93467575  -2.38363474  0.0
-2.94690039  -2.28049410  0.0
-2.94853772  -2.25354741  0.0
-2.94967188  -2.20639774  0.0
-2.94853743  -2.13766890  0.0
-2.94689932  -2.08351058  0.0
-2.93467610  -1.98160421  0.0
-2.91363230  -1.88438056  0.0
-2.88370383  -1.78806762  0.0
-2.84495347  -1.69314499  0.0
-2.79738053  -1.59969408  0.0
-2.74098456  -1.50791672  0.0
-2.67570210  -1.41816595  0.0
-2.60159555  -1.33086390  0.0
-2.51866452  -1.24628811  0.0
-2.42684554  -1.16476647  0.0
-2.32626431  -1.08667107  0.0
-2.21673168  -1.01222922  0.0
-2.09843663  -0.94200216  0.0
-1.97125310  -0.87632429  0.0
-1.83524406  -0.81578829  0.0
-1.69040936  -0.76084186  0.0
-1.53668531  -0.71202707  0.0
-1.37413363  -0.66949513  0.0
-1.20603209  -0.63377592  0.0
-1.03799149  -0.60547501  0.0
-0.86988622  -0.58381735  0.0
-0.83600000  -0.58070698  0.0
-0.83600000  -0.58321749  0.0
-0.86961215  -0.58630270  0.0
-1.03762403  -0.60794833  0.0
-1.20556448  -0.63623237  0.0
-1.37355710  -0.67192844  0.0
-1.53599012  -0.71442933  0.0
-1.68958704  -0.76320375  0.0
-1.83429164  -0.81810083  0.0
-1.97017036  -0.87857882  0.0
-2.09722393  -0.94418958  0.0
-2.21538970  -1.01433989  0.0
-2.32479361  -1.08869426  0.0
-2.42524729  -1.16669063  0.0
-2.51694003  -1.24810018  0.0
-2.59974769  -1.33255016  0.0
-2.67373550  -1.41971233  0.0
-2.73890554  -1.50930854  0.0
-2.79519806  -1.60091756  0.0
-2.84267828  -1.69418632  0.0
-2.88134847  -1.78891256  0.0
-2.91121220  -1.88501716  0.0
-2.93220787  -1.98201842  0.0
-2.94440384  -2.08369761  0.0
-2.94603805  -2.13772733  0.0
-2.94717138  -2.20638830  0.0
-2.94603954  -2.25344151  0.0
-2.94440933  -2.28027098  0.0
-2.93220605  -2.38323148  0.0
-2.91120768  -2.48385388  0.0
-2.88134375  -2.58113487  0.0
-2.84266896  -2.67750740  0.0
-2.79518228  -2.77287072  0.0
-2.73887876  -2.86709576  0.0
-2.67369279  -2.96047027  0.0
-2.59968788  -3.05241632  0.0
-2.51686287  -3.14252315  0.0
-2.42515371  -3.23036126  0.0
-2.32468552  -3.31538782  0.0
-2.21526784  -3.39727479  0.0
-2.09708982  -3.47552287  0.0
-1.97002596  -3.54962037  0.0
-1.83413890  -3.61902478  0.0
-1.68943121  -3.68311682  0.0
-1.53584315  -3.74103192  0.0
-1.37343755  -3.79165536  0.0
-1.20548632  -3.83323069  0.0
-1.03759196  -3.86463689  0.0
-0.86962351  -3.88675557  0.0
-0.83600000  -3.88949638  0.0
-0.83600000  -3.89200467  0.0
;;

