# exterior:
# ---------
 3.35372800   0.00000000  0.0
 3.33229440  -0.15653462  0.0
 3.24246240  -0.34028362  0.0
 3.14607424  -0.45734259  0.0
 3.04306688  -0.55417203  0.0
 2.93344032  -0.64065030  0.0
 2.81725760  -0.72068589  0.0
 2.69445568  -0.79634650  0.0
 2.56509760  -0.86895597  0.0
 2.42912032  -0.93948512  0.0
 2.35372800  -0.97593419  0.0
 2.35372800  -0.97526775  0.0
 2.42885156  -0.93894861  0.0
 2.56481255  -0.86842791  0.0
 2.69415135  -0.79582926  0.0
 2.81692983  -0.72018309  0.0
 2.93308396  -0.64016721  0.0
 3.04267487  -0.55371706  0.0
 3.14563539  -0.45693164  0.0
 3.24195436  -0.33995670  0.0
 3.33171303  -0.15635771  0.0
 3.35312255   0.00000108  0.0
 3.33171179   0.16061325  0.0
 3.24194728   0.35321324  0.0
 3.14561858   0.47687812  0.0
 3.04264963   0.58573282  0.0
 2.93305958   0.68240397  0.0
 2.81690823   0.77088823  0.0
 2.69413366   0.85334509  0.0
 2.56479979   0.93108408  0.0
 2.42884444   1.00487941  0.0
 2.35372800   1.04191271  0.0
 2.35372800   1.04258167  0.0
 2.42912032   1.00541235  0.0
 2.56509760   0.93160512  0.0
 2.69445568   0.85385158  0.0
 2.81725760   0.77137635  0.0
 2.93344032   0.68286819  0.0
 3.04306688   0.58616483  0.0
 3.14607424   0.47726954  0.0
 3.24246240   0.35352832  0.0
 3.33229440   0.16078352  0.0
 3.35372800   0.00000000  0.0
;;

