# exterior:
# ---------
-0.75000000  -0.60645399  0.0
-0.69930159  -0.60180046  0.0
-0.53239443  -0.59235324  0.0
-0.36536801  -0.58842026  0.0
-0.19829890  -0.58976709  0.0
-0.03125658  -0.59620818  0.0
 0.13589186  -0.60760210  0.0
 0.30308510  -0.62371960  0.0
 0.47024687  -0.64440477  0.0
 0.63750007  -0.66958996  0.0
 0.75000000  -0.68947887  0.0
 0.74700000  -0.69199502  0.0
 0.74700000  -0.69199502  0.0
 0.63701550  -0.67255081  0.0
 0.46983924  -0.64737721  0.0
 0.30275690  -0.62670187  0.0
 0.13564586  -0.61059229  0.0
-0.03141642  -0.59920424  0.0
-0.19836881  -0.59276662  0.0
-0.36534479  -0.59142054  0.0
-0.53227432  -0.59535124  0.0
-0.69907965  -0.60479270  0.0
-0.74700000  -0.60919124  0.0
-0.75000000  -0.60645399  0.0
;;

