# exterior:
# ---------
-0.83600000  -3.87845990  0.0
-0.86845788  -3.87581410  0.0
-1.03586136  -3.85376982  0.0
-1.20315149  -3.82247665  0.0
-1.37047659  -3.78105631  0.0
-1.53226280  -3.73062594  0.0
-1.68526003  -3.67293362  0.0
-1.82940627  -3.60909026  0.0
-1.96474951  -3.53996361  0.0
-2.09127807  -3.46617827  0.0
-2.20893073  -3.38827805  0.0
-2.31783087  -3.30677839  0.0
-2.41778935  -3.22218320  0.0
-2.50900129  -3.13482131  0.0
-2.59134507  -3.04523804  0.0
-2.66488819  -2.95386571  0.0
-2.72963608  -2.86111874  0.0
-2.78552343  -2.76759017  0.0
-2.83262506  -2.67300011  0.0
-2.87096340  -2.57746596  0.0
-2.90054323  -2.48111042  0.0
-2.92133935  -2.38145716  0.0
-2.93344870  -2.27928925  0.0
-2.93504757  -2.25297551  0.0
-2.93616920  -2.20634680  0.0
-2.93504080  -2.13798439  0.0
-2.93342370  -2.08452053  0.0
-2.92134763  -1.98384095  0.0
-2.90056375  -1.88781821  0.0
-2.87098489  -1.79263030  0.0
-2.83266745  -1.69876816  0.0
-2.78559522  -1.60630085  0.0
-2.72975785  -1.51543254  0.0
-2.66508248  -1.42651639  0.0
-2.59161711  -1.33996969  0.0
-2.50935226  -1.25607330  0.0
-2.41821500  -1.17515692  0.0
-2.31832252  -1.09759629  0.0
-2.20948497  -1.02362684  0.0
-2.09188804  -0.95381423  0.0
-1.96540632  -0.88849877  0.0
-1.83010099  -0.82827599  0.0
-1.68596880  -0.77359607  0.0
-1.53293127  -0.72499928  0.0
-1.37102036  -0.68263500  0.0
-1.20350697  -0.64704076  0.0
-1.03600722  -0.61883094  0.0
-0.86840625  -0.59723825  0.0
-0.83600000  -0.59426373  0.0
-0.83600000  -0.61936883  0.0
-0.86566555  -0.62209178  0.0
-1.03233264  -0.64356415  0.0
-1.19883080  -0.67160529  0.0
-1.36525504  -0.70696810  0.0
-1.52597933  -0.74902190  0.0
-1.67774555  -0.79721499  0.0
-1.82057679  -0.85140136  0.0
-1.95457894  -0.91104411  0.0
-2.07976101  -0.97568843  0.0
-2.19606512  -1.04473354  0.0
-2.30361549  -1.11782819  0.0
-2.40223251  -1.19439850  0.0
-2.49210732  -1.27419400  0.0
-2.57313850  -1.35683226  0.0
-2.64541651  -1.44198018  0.0
-2.70896765  -1.52935073  0.0
-2.76377058  -1.61853560  0.0
-2.80991555  -1.70918144  0.0
-2.84743128  -1.80107972  0.0
-2.87636275  -1.89418423  0.0
-2.89666526  -1.98798306  0.0
-2.90846883  -2.08639080  0.0
-2.91004704  -2.13856863  0.0
-2.91116424  -2.20625246  0.0
-2.91006581  -2.25191644  0.0
-2.90853816  -2.27705804  0.0
-2.89664232  -2.37742460  0.0
-2.87630585  -2.47487529  0.0
-2.84737169  -2.56912754  0.0
-2.80979800  -2.66275628  0.0
-2.76357149  -2.75558891  0.0
-2.70862998  -2.84753461  0.0
-2.64487776  -2.93885536  0.0
-2.57238414  -3.02892374  0.0
-2.49113408  -3.11731714  0.0
-2.40105216  -3.20359670  0.0
-2.30225212  -3.28721149  0.0
-2.19452818  -3.36783090  0.0
-2.07806954  -3.44494055  0.0
-1.95275757  -3.51801643  0.0
-1.81865030  -3.58651181  0.0
-1.67578008  -3.64979001  0.0
-1.52412564  -3.70697598  0.0
-1.36374715  -3.75696756  0.0
-1.19784505  -3.79803564  0.0
-1.03192816  -3.82907193  0.0
-0.86580873  -3.85094712  0.0
-0.83600000  -3.85337697  0.0
-0.83600000  -3.87845990  0.0
;;

