# exterior:
# ---------
-0.75000000   1.59994601  0.0
-0.69930159   1.60459954  0.0
-0.53239443   1.61404676  0.0
-0.36536801   1.61797974  0.0
-0.19829890   1.61663291  0.0
-0.03125658   1.61019182  0.0
 0.13589186   1.59879790  0.0
 0.30308510   1.58268040  0.0
 0.47024687   1.56199523  0.0
 0.63750007   1.53681004  0.0
 0.75000000   1.51692113  0.0
 0.74700000   1.51440498  0.0
 0.74700000   1.51440498  0.0
 0.63701550   1.53384919  0.0
 0.46983924   1.55902279  0.0
 0.30275690   1.57969813  0.0
 0.13564586   1.59580771  0.0
-0.03141642   1.60719576  0.0
-0.19836881   1.61363338  0.0
-0.36534479   1.61497946  0.0
-0.53227432   1.61104876  0.0
-0.69907965   1.60160730  0.0
-0.74700000   1.59720876  0.0
-0.75000000   1.59994601  0.0
;;

