# exterior:
# ---------
-0.83600000  -3.85337697  0.0
-0.86580873  -3.85094712  0.0
-1.03192816  -3.82907193  0.0
-1.19784505  -3.79803564  0.0
-1.36374715  -3.75696756  0.0
-1.52412564  -3.70697598  0.0
-1.67578008  -3.64979001  0.0
-1.81865030  -3.58651181  0.0
-1.95275757  -3.51801643  0.0
-2.07806954  -3.44494055  0.0
-2.19452818  -3.36783090  0.0
-2.30225212  -3.28721149  0.0
-2.40105216  -3.20359670  0.0
-2.49113408  -3.11731714  0.0
-2.57238414  -3.02892374  0.0
-2.64487776  -2.93885536  0.0
-2.70862998  -2.84753461  0.0
-2.76357149  -2.75558891  0.0
-2.80979800  -2.66275628  0.0
-2.84737169  -2.56912754  0.0
-2.87630585  -2.47487529  0.0
-2.89664232  -2.37742460  0.0
-2.90853816  -2.27705804  0.0
-2.91006581  -2.25191644  0.0
-2.91116424  -2.20625246  0.0
-2.91004704  -2.13856863  0.0
-2.90846883  -2.08639080  0.0
-2.89666526  -1.98798306  0.0
-2.87636275  -1.89418423  0.0
-2.84743128  -1.80107972  0.0
-2.80991555  -1.70918144  0.0
-2.76377058  -1.61853560  0.0
-2.70896765  -1.52935073  0.0
-2.64541651  -1.44198018  0.0
-2.57313850  -1.35683226  0.0
-2.49210732  -1.27419400  0.0
-2.40223251  -1.19439850  0.0
-2.30361549  -1.11782819  0.0
-2.19606512  -1.04473354  0.0
-2.07976101  -0.97568843  0.0
-1.95457894  -0.91104411  0.0
-1.82057679  -0.85140136  0.0
-1.67774555  -0.79721499  0.0
-1.52597933  -0.74902190  0.0
-1.36525504  -0.70696810  0.0
-1.19883080  -0.67160529  0.0
-1.03233264  -0.64356415  0.0
-0.86566555  -0.62209178  0.0
-0.83600000  -0.61936883  0.0
-0.83900000  -0.62265680  0.0
-0.86533667  -0.62507421  0.0
-1.03189169  -0.64653214  0.0
-1.19826966  -0.67455304  0.0
-1.36456320  -0.70988807  0.0
-1.52514509  -0.75190462  0.0
-1.67675876  -0.80004926  0.0
-1.81943389  -0.85417640  0.0
-1.95327965  -0.91374955  0.0
-2.07830577  -0.97831334  0.0
-2.19445474  -1.04726635  0.0
-2.30185065  -1.12025602  0.0
-2.40031462  -1.19670749  0.0
-2.49003793  -1.27636849  0.0
-2.57092107  -1.35885577  0.0
-2.64305660  -1.44383584  0.0
-2.70647283  -1.53102091  0.0
-2.76115162  -1.62000377  0.0
-2.80718532  -1.71043103  0.0
-2.84460484  -1.80209365  0.0
-2.87345862  -1.89494816  0.0
-2.89370337  -1.98848011  0.0
-2.90547425  -2.08661523  0.0
-2.90704778  -2.13863873  0.0
-2.90816364  -2.20624114  0.0
-2.90706800  -2.25178935  0.0
-2.90554890  -2.27679030  0.0
-2.89367868  -2.37694069  0.0
-2.87339736  -2.47412707  0.0
-2.84454068  -2.56812693  0.0
-2.80705875  -2.66152702  0.0
-2.76093726  -2.75414876  0.0
-2.70610925  -2.84590451  0.0
-2.64247650  -2.93705412  0.0
-2.57010883  -3.02696603  0.0
-2.48899002  -3.11521664  0.0
-2.39904369  -3.20136633  0.0
-2.30038267  -3.28486347  0.0
-2.19279988  -3.36537724  0.0
-2.07648452  -3.44239202  0.0
-1.95131854  -3.51538277  0.0
-1.81735958  -3.58380239  0.0
-1.67464249  -3.64701278  0.0
-1.52314918  -3.70413799  0.0
-1.36293962  -3.75407691  0.0
-1.19720828  -3.79510271  0.0
-1.03145618  -3.82610818  0.0
-0.86549083  -3.84796308  0.0
-0.83900000  -3.85012248  0.0
-0.83600000  -3.85337697  0.0
;;

