# exterior:
# ---------
 3.35312255   0.00000108  0.0
 3.33171303  -0.15635771  0.0
 3.24195436  -0.33995670  0.0
 3.14563539  -0.45693164  0.0
 3.04267487  -0.55371706  0.0
 2.93308396  -0.64016721  0.0
 2.81692983  -0.72018309  0.0
 2.69415135  -0.79582926  0.0
 2.56481255  -0.86842791  0.0
 2.42885156  -0.93894861  0.0
 2.35372800  -0.97526775  0.0
 2.35372800  -0.97249091  0.0
 2.42773172  -0.93671317  0.0
 2.56362485  -0.86622767  0.0
 2.69288330  -0.79367412  0.0
 2.81556413  -0.71808812  0.0
 2.93159911  -0.63815431  0.0
 3.04104148  -0.55182133  0.0
 3.14380686  -0.45521936  0.0
 3.23983753  -0.33859454  0.0
 3.32929063  -0.15562058  0.0
 3.35059984   0.00000556  0.0
 3.32928425   0.15990381  0.0
 3.23980096   0.35190041  0.0
 3.14372000   0.47524724  0.0
 3.04091109   0.58393275  0.0
 2.93147314   0.68046973  0.0
 2.81545253   0.76885440  0.0
 2.69279193   0.85123472  0.0
 2.56355892   0.92891308  0.0
 2.42769495   1.00265880  0.0
 2.35372800   1.03912539  0.0
 2.35372800   1.04191271  0.0
 2.42884444   1.00487941  0.0
 2.56479979   0.93108408  0.0
 2.69413366   0.85334509  0.0
 2.81690823   0.77088823  0.0
 2.93305958   0.68240397  0.0
 3.04264963   0.58573282  0.0
 3.14561858   0.47687812  0.0
 3.24194728   0.35321324  0.0
 3.33171179   0.16061325  0.0
 3.35312255   0.00000108  0.0
;;

