# exterior:
# ---------
 2.35372800  -0.90473607  0.0
 2.25938833  -0.95034540  0.0
 2.11160374  -1.01741063  0.0
 1.95712697  -1.08335239  0.0
 1.79606227  -1.14807225  0.0
 1.62963779  -1.21090062  0.0
 1.46276856  -1.26992741  0.0
 1.29597204  -1.32507787  0.0
 1.12913638  -1.37637968  0.0
 0.96234488  -1.42382801  0.0
 0.83600000  -1.45676014  0.0
 0.83900000  -1.45287795  0.0
 0.96155602  -1.42093340  0.0
 1.12828498  -1.37350285  0.0
 1.29506017  -1.32221964  0.0
 1.46179734  -1.26708880  0.0
 1.62860767  -1.20808285  0.0
 1.79497309  -1.14527678  0.0
 1.95597867  -1.08058067  0.0
 2.11039482  -1.01466478  0.0
 2.25811539  -0.94762861  0.0
 2.35242222  -0.90203516  0.0
 2.35268781  -0.90192218  0.0
 2.35296302  -0.90183525  0.0
 2.35324532  -0.90177516  0.0
 2.35353209  -0.90174248  0.0
 2.35382066  -0.90173751  0.0
 2.35410838  -0.90176029  0.0
 2.35439258  -0.90181061  0.0
 2.35467063  -0.90188801  0.0
 2.35493995  -0.90199178  0.0
 2.35502065  -0.90203216  0.0
 2.35372800  -0.90473607  0.0
;;

