# exterior:
# ---------
-0.75000000   1.63358683  0.0
-0.70177993   1.63801288  0.0
-0.53373566   1.64752446  0.0
-0.36562736   1.65148292  0.0
-0.19751830   1.65012771  0.0
-0.02947165   1.64364789  0.0
 0.13863880   1.63218839  0.0
 0.30675004   1.61598239  0.0
 0.47479879   1.59518746  0.0
 0.64291109   1.56987292  0.0
 0.75000000   1.55094063  0.0
 0.75000000   1.54840186  0.0
 0.64250728   1.56740554  0.0
 0.47445910   1.59271043  0.0
 0.30647654   1.61349717  0.0
 0.13843381   1.62969657  0.0
-0.02960485   1.64115117  0.0
-0.19757655   1.64762810  0.0
-0.36560800   1.64898268  0.0
-0.53363557   1.64502613  0.0
-0.70159498   1.63551935  0.0
-0.75000000   1.63107632  0.0
-0.75000000   1.63358683  0.0
;;

