# exterior:
# ---------
 0.75000000  -3.74713217  0.0
 0.64233364  -3.77255306  0.0
 0.47428521  -3.80778841  0.0
 0.30630767  -3.83829026  0.0
 0.13827518  -3.86361169  0.0
-0.02975009  -3.88345089  0.0
-0.19770442  -3.89743029  0.0
-0.36571442  -3.90518508  0.0
-0.53371597  -3.90636934  0.0
-0.70164368  -3.90044841  0.0
-0.75000000  -3.89650665  0.0
-0.75000000  -3.88547017  0.0
-0.70100268  -3.88946418  0.0
-0.53356087  -3.89536798  0.0
-0.36600690  -3.89418687  0.0
-0.19841446  -3.88645135  0.0
-0.03085154  -3.87250453  0.0
 0.13681032  -3.85270824  0.0
 0.30450507  -3.82743770  0.0
 0.47217352  -3.79699198  0.0
 0.63994075  -3.76181559  0.0
 0.75000000  -3.73582972  0.0
 0.75000000  -3.74713217  0.0
;;

