# exterior:
# ---------
-0.83600000  -1.68309638  0.0
-0.86962351  -1.68035557  0.0
-1.03759196  -1.65823689  0.0
-1.20548632  -1.62683069  0.0
-1.37343755  -1.58525536  0.0
-1.53584315  -1.53463192  0.0
-1.68943121  -1.47671682  0.0
-1.83413890  -1.41262478  0.0
-1.97002596  -1.34322037  0.0
-2.09708982  -1.26912287  0.0
-2.21526784  -1.19087479  0.0
-2.32468552  -1.10898782  0.0
-2.42515371  -1.02396126  0.0
-2.51686287  -0.93612315  0.0
-2.59968788  -0.84601632  0.0
-2.67369279  -0.75407027  0.0
-2.73887876  -0.66069576  0.0
-2.79518228  -0.56647072  0.0
-2.84266896  -0.47110740  0.0
-2.88134375  -0.37473487  0.0
-2.91120768  -0.27745388  0.0
-2.93220605  -0.17683148  0.0
-2.94440933  -0.07387098  0.0
-2.94603954  -0.04704151  0.0
-2.94717138   0.00001170  0.0
-2.94603805   0.06867267  0.0
-2.94440384   0.12270239  0.0
-2.93220787   0.22438158  0.0
-2.91121220   0.32138284  0.0
-2.88134847   0.41748744  0.0
-2.84267828   0.51221368  0.0
-2.79519806   0.60548244  0.0
-2.73890554   0.69709146  0.0
-2.67373550   0.78668767  0.0
-2.59974769   0.87384984  0.0
-2.51694003   0.95829982  0.0
-2.42524729   1.03970937  0.0
-2.32479361   1.11770574  0.0
-2.21538970   1.19206011  0.0
-2.09722393   1.26221042  0.0
-1.97017036   1.32782118  0.0
-1.83429164   1.38829917  0.0
-1.68958704   1.44319625  0.0
-1.53599012   1.49197067  0.0
-1.37355710   1.53447156  0.0
-1.20556448   1.57016763  0.0
-1.03762403   1.59845167  0.0
-0.86961215   1.62009730  0.0
-0.83600000   1.62318251  0.0
-0.83600000   1.61213627  0.0
-0.86840625   1.60916175  0.0
-1.03600722   1.58756906  0.0
-1.20350697   1.55935924  0.0
-1.37102036   1.52376500  0.0
-1.53293127   1.48140072  0.0
-1.68596880   1.43280393  0.0
-1.83010099   1.37812401  0.0
-1.96540632   1.31790123  0.0
-2.09188804   1.25258577  0.0
-2.20948497   1.18277316  0.0
-2.31832252   1.10880371  0.0
-2.41821500   1.03124308  0.0
-2.50935226   0.95032670  0.0
-2.59161711   0.86643031  0.0
-2.66508248   0.77988361  0.0
-2.72975785   0.69096746  0.0
-2.78559522   0.60009915  0.0
-2.83266745   0.50763184  0.0
-2.87098489   0.41376970  0.0
-2.90056375   0.31858179  0.0
-2.92134763   0.22255905  0.0
-2.93342370   0.12187947  0.0
-2.93504080   0.06841561  0.0
-2.93616920   0.00005320  0.0
-2.93504757  -0.04657551  0.0
-2.93344870  -0.07288925  0.0
-2.92133935  -0.17505716  0.0
-2.90054323  -0.27471042  0.0
-2.87096340  -0.37106596  0.0
-2.83262506  -0.46660011  0.0
-2.78552343  -0.56119017  0.0
-2.72963608  -0.65471874  0.0
-2.66488819  -0.74746571  0.0
-2.59134507  -0.83883804  0.0
-2.50900129  -0.92842131  0.0
-2.41778935  -1.01578320  0.0
-2.31783087  -1.10037839  0.0
-2.20893073  -1.18187805  0.0
-2.09127807  -1.25977827  0.0
-1.96474951  -1.33356361  0.0
-1.82940627  -1.40269026  0.0
-1.68526003  -1.46653362  0.0
-1.53226280  -1.52422594  0.0
-1.37047659  -1.57465631  0.0
-1.20315149  -1.61607665  0.0
-1.03586136  -1.64736982  0.0
-0.86845788  -1.66941410  0.0
-0.83600000  -1.67205990  0.0
-0.83600000  -1.68309638  0.0
;;

