# exterior:
# ---------
-0.83600000  -1.68560467  0.0
-0.86988842  -1.68284226  0.0
-1.03798528  -1.66070667  0.0
-1.20601697  -1.62927479  0.0
-1.37411049  -1.58766424  0.0
-1.53665687  -1.53699691  0.0
-1.69037920  -1.47903118  0.0
-1.83521450  -1.41488263  0.0
-1.97122515  -1.34541509  0.0
-2.09841068  -1.27124665  0.0
-2.21670810  -1.19291951  0.0
-2.32624339  -1.11094451  0.0
-2.42682743  -1.02581991  0.0
-2.51864959  -0.93787356  0.0
-2.60158398  -0.84764775  0.0
-2.67569383  -0.75557130  0.0
-2.74097937  -0.66205417  0.0
-2.79737747  -0.56767085  0.0
-2.84495167  -0.47213178  0.0
-2.88370292  -0.37556871  0.0
-2.91363142  -0.27807740  0.0
-2.93467575  -0.17723474  0.0
-2.94690039  -0.07409410  0.0
-2.94853772  -0.04714741  0.0
-2.94967188   0.00000226  0.0
-2.94853743   0.06873110  0.0
-2.94689932   0.12288942  0.0
-2.93467610   0.22479579  0.0
-2.91363230   0.32201944  0.0
-2.88370383   0.41833238  0.0
-2.84495347   0.51325501  0.0
-2.79738053   0.60670592  0.0
-2.74098456   0.69848328  0.0
-2.67570210   0.78823405  0.0
-2.60159555   0.87553610  0.0
-2.51866452   0.96011189  0.0
-2.42684554   1.04163353  0.0
-2.32626431   1.11972893  0.0
-2.21673168   1.19417078  0.0
-2.09843663   1.26439784  0.0
-1.97125310   1.33007571  0.0
-1.83524406   1.39061171  0.0
-1.69040936   1.44555814  0.0
-1.53668531   1.49437293  0.0
-1.37413363   1.53690487  0.0
-1.20603209   1.57262408  0.0
-1.03799149   1.60092499  0.0
-0.86988622   1.62258265  0.0
-0.83600000   1.62569302  0.0
-0.83600000   1.62318251  0.0
-0.86961215   1.62009730  0.0
-1.03762403   1.59845167  0.0
-1.20556448   1.57016763  0.0
-1.37355710   1.53447156  0.0
-1.53599012   1.49197067  0.0
-1.68958704   1.44319625  0.0
-1.83429164   1.38829917  0.0
-1.97017036   1.32782118  0.0
-2.09722393   1.26221042  0.0
-2.21538970   1.19206011  0.0
-2.32479361   1.11770574  0.0
-2.42524729   1.03970937  0.0
-2.51694003   0.95829982  0.0
-2.59974769   0.87384984  0.0
-2.67373550   0.78668767  0.0
-2.73890554   0.69709146  0.0
-2.79519806   0.60548244  0.0
-2.84267828   0.51221368  0.0
-2.88134847   0.41748744  0.0
-2.91121220   0.32138284  0.0
-2.93220787   0.22438158  0.0
-2.94440384   0.12270239  0.0
-2.94603805   0.06867267  0.0
-2.94717138   0.00001170  0.0
-2.94603954  -0.04704151  0.0
-2.94440933  -0.07387098  0.0
-2.93220605  -0.17683148  0.0
-2.91120768  -0.27745388  0.0
-2.88134375  -0.37473487  0.0
-2.84266896  -0.47110740  0.0
-2.79518228  -0.56647072  0.0
-2.73887876  -0.66069576  0.0
-2.67369279  -0.75407027  0.0
-2.59968788  -0.84601632  0.0
-2.51686287  -0.93612315  0.0
-2.42515371  -1.02396126  0.0
-2.32468552  -1.10898782  0.0
-2.21526784  -1.19087479  0.0
-2.09708982  -1.26912287  0.0
-1.97002596  -1.34322037  0.0
-1.83413890  -1.41262478  0.0
-1.68943121  -1.47671682  0.0
-1.53584315  -1.53463192  0.0
-1.37343755  -1.58525536  0.0
-1.20548632  -1.62683069  0.0
-1.03759196  -1.65823689  0.0
-0.86962351  -1.68035557  0.0
-0.83600000  -1.68309638  0.0
-0.83600000  -1.68560467  0.0
;;

