# exterior:
# ---------
 0.83900000  -3.65927795  0.0
 0.83900000  -0.73978800  0.0
 0.96501273  -0.76538286  0.0
 1.13147081  -0.80359894  0.0
 1.29790536  -0.84635271  0.0
 1.46429630  -0.89379847  0.0
 1.63081118  -0.94591319  0.0
 1.79677546  -1.00241592  0.0
 1.95718663  -1.06234429  0.0
 2.11095363  -1.12539436  0.0
 2.25799696  -1.19143335  0.0
 2.35240142  -1.23797587  0.0
 2.35266716  -1.23809129  0.0
 2.35294280  -1.23818053  0.0
 2.35322575  -1.23824277  0.0
 2.35351339  -1.23827743  0.0
 2.35380304  -1.23828417  0.0
 2.35409198  -1.23826295  0.0
 2.35437753  -1.23821395  0.0
 2.35465702  -1.23813764  0.0
 2.35492784  -1.23803473  0.0
 2.35518748  -1.23790617  0.0
 2.35543350  -1.23775316  0.0
 2.35566362  -1.23757714  0.0
 2.35587569  -1.23737974  0.0
 2.35606772  -1.23716280  0.0
 2.35623793  -1.23692835  0.0
 2.35638474  -1.23667858  0.0
 2.35650676  -1.23641581  0.0
 2.35660287  -1.23614249  0.0
 2.35667217  -1.23586118  0.0
 2.35671401  -1.23557450  0.0
 2.35672800  -1.23528511  0.0
 2.35672800  -1.19439695  0.0
 2.41711963  -1.22417074  0.0
 2.55214291  -1.29746015  0.0
 2.68044798  -1.37458075  0.0
 2.80206004  -1.45625686  0.0
 2.91687792  -1.54372528  0.0
 3.02491653  -1.63902789  0.0
 3.12625307  -1.74615686  0.0
 3.22005480  -1.86657766  0.0
 3.30695087  -2.05302309  0.0
 3.32739087  -2.20635320  0.0
 3.30700460  -2.35523893  0.0
 3.22036270  -2.53246266  0.0
 3.12698437  -2.64586633  0.0
 3.02601435  -2.74078062  0.0
 2.91793848  -2.82603564  0.0
 2.80299968  -2.90521432  0.0
 2.68121722  -2.98024682  0.0
 2.55269800  -3.05238544  0.0
 2.41742921  -3.12254710  0.0
 2.35672800  -3.15189363  0.0
 2.35672800  -3.11113607  0.0
 2.35671412  -3.11084779  0.0
 2.35667259  -3.11056217  0.0
 2.35660382  -3.11028186  0.0
 2.35650842  -3.11000946  0.0
 2.35638729  -3.10974749  0.0
 2.35624155  -3.10949837  0.0
 2.35607254  -3.10926441  0.0
 2.35588183  -3.10904777  0.0
 2.35567119  -3.10885046  0.0
 2.35544256  -3.10867431  0.0
 2.35519806  -3.10852094  0.0
 2.35493995  -3.10839178  0.0
 2.35467063  -3.10828801  0.0
 2.35439258  -3.10821061  0.0
 2.35410838  -3.10816029  0.0
 2.35382066  -3.10813751  0.0
 2.35353209  -3.10814248  0.0
 2.35324532  -3.10817516  0.0
 2.35296302  -3.10823525  0.0
 2.35268781  -3.10832218  0.0
 2.35242222  -3.10843516  0.0
 2.25811539  -3.15402861  0.0
 2.11039482  -3.22106478  0.0
 1.95597867  -3.28698067  0.0
 1.79497309  -3.35167678  0.0
 1.62860767  -3.41448285  0.0
 1.46179734  -3.47348880  0.0
 1.29506017  -3.52861964  0.0
 1.12828498  -3.57990285  0.0
 0.96155602  -3.62733340  0.0
 0.83900000  -3.65927795  0.0
;;

# interior:
# ---------
 0.84400000  -3.65280763  0.0
 0.96024124  -3.62250904  0.0
 1.12686597  -3.57510814  0.0
 1.29354038  -3.52385592  0.0
 1.46017863  -3.46875779  0.0
 1.62689080  -3.40978656  0.0
 1.79315779  -3.34701765  0.0
 1.95406483  -3.28236114  0.0
 2.10837996  -3.21648837  0.0
 2.25599381  -3.14950063  0.0
 2.35024592  -3.10393364  0.0
 2.35046498  -3.10383416  0.0
 2.35073057  -3.10372118  0.0
 2.35118176  -3.10355439  0.0
 2.35145698  -3.10346746  0.0
 2.35192211  -3.10334480  0.0
 2.35220440  -3.10328471  0.0
 2.35267917  -3.10320732  0.0
 2.35296594  -3.10317463  0.0
 2.35344594  -3.10314322  0.0
 2.35373452  -3.10313825  0.0
 2.35421533  -3.10315311  0.0
 2.35450305  -3.10317589  0.0
 2.35498020  -3.10323688  0.0
 2.35526440  -3.10328721  0.0
 2.35573348  -3.10339377  0.0
 2.35601153  -3.10347117  0.0
 2.35646820  -3.10362232  0.0
 2.35673752  -3.10372608  0.0
 2.35717756  -3.10392041  0.0
 2.35743566  -3.10404957  0.0
 2.35785498  -3.10428529  0.0
 2.35809948  -3.10443866  0.0
 2.35849421  -3.10471358  0.0
 2.35872284  -3.10488973  0.0
 2.35908933  -3.10520131  0.0
 2.35929997  -3.10539862  0.0
 2.35963482  -3.10574398  0.0
 2.35982553  -3.10596061  0.0
 2.36012564  -3.10633655  0.0
 2.36029465  -3.10657051  0.0
 2.36055725  -3.10697355  0.0
 2.36070299  -3.10722267  0.0
 2.36092564  -3.10764907  0.0
 2.36104677  -3.10791104  0.0
 2.36122742  -3.10835687  0.0
 2.36132281  -3.10862927  0.0
 2.36145978  -3.10909039  0.0
 2.36152856  -3.10937070  0.0
 2.36162058  -3.10984285  0.0
 2.36166210  -3.11012846  0.0
 2.36170833  -3.11060727  0.0
 2.36172221  -3.11089556  0.0
 2.36172800  -3.11113607  0.0
 2.36172800  -3.14392266  0.0
 2.41518954  -3.11807622  0.0
 2.55032259  -3.04798495  0.0
 2.67868112  -2.97593654  0.0
 2.80026828  -2.90102436  0.0
 2.91496878  -2.82200984  0.0
 3.02274758  -2.73698917  0.0
 3.12332731  -2.64244176  0.0
 3.21612905  -2.52973833  0.0
 3.30215982  -2.35376466  0.0
 3.32234545  -2.20634424  0.0
 3.30209578  -2.05444198  0.0
 3.21576215  -1.86920333  0.0
 3.12245591  -1.74941862  0.0
 3.02143946  -1.64262803  0.0
 2.91370504  -1.54759376  0.0
 2.79914863  -1.46032453  0.0
 2.67776452  -1.37880151  0.0
 2.54966117  -1.30180216  0.0
 2.41482064  -1.22861195  0.0
 2.36172800  -1.20243664  0.0
 2.36172800  -1.23528511  0.0
 2.36172217  -1.23552655  0.0
 2.36170818  -1.23581593  0.0
 2.36166160  -1.23629655  0.0
 2.36161976  -1.23658323  0.0
 2.36152704  -1.23705712  0.0
 2.36145774  -1.23733843  0.0
 2.36131974  -1.23780116  0.0
 2.36122363  -1.23807447  0.0
 2.36104164  -1.23852173  0.0
 2.36091961  -1.23878450  0.0
 2.36069533  -1.23921212  0.0
 2.36054852  -1.23946189  0.0
 2.36028403  -1.23986588  0.0
 2.36011382  -1.24010033  0.0
 2.35981159  -1.24047692  0.0
 2.35961956  -1.24069386  0.0
 2.35928242  -1.24103954  0.0
 2.35907035  -1.24123694  0.0
 2.35870144  -1.24154849  0.0
 2.35847132  -1.24172452  0.0
 2.35807407  -1.24199903  0.0
 2.35782805  -1.24215204  0.0
 2.35740617  -1.24238695  0.0
 2.35714654  -1.24251551  0.0
 2.35670397  -1.24270863  0.0
 2.35643314  -1.24281155  0.0
 2.35597401  -1.24296108  0.0
 2.35569452  -1.24303739  0.0
 2.35522311  -1.24314194  0.0
 2.35493756  -1.24319093  0.0
 2.35445826  -1.24324952  0.0
 2.35416931  -1.24327074  0.0
 2.35368660  -1.24328282  0.0
 2.35339695  -1.24327607  0.0
 2.35291532  -1.24324153  0.0
 2.35262768  -1.24320687  0.0
 2.35215163  -1.24312603  0.0
 2.35186867  -1.24306380  0.0
 2.35140263  -1.24293741  0.0
 2.35112700  -1.24284817  0.0
 2.35067533  -1.24267742  0.0
 2.35040959  -1.24256200  0.0
 2.35019046  -1.24246048  0.0
 2.25586656  -1.19595767  0.0
 2.10898040  -1.12998927  0.0
 1.95536280  -1.06700046  0.0
 1.79509446  -1.00712545  0.0
 1.62925851  -0.95066641  0.0
 1.46286381  -0.89858930  0.0
 1.29659759  -0.85117910  0.0
 1.13028920  -0.80845774  0.0
 0.96395554  -0.77027023  0.0
 0.84400000  -0.74590566  0.0
 0.84400000  -3.65280763  0.0
;;

