# exterior:
# ---------
 2.35502065  -3.10843216  0.0
 2.35493995  -3.10839178  0.0
 2.35467063  -3.10828801  0.0
 2.35439258  -3.10821061  0.0
 2.35410838  -3.10816029  0.0
 2.35382066  -3.10813751  0.0
 2.35353209  -3.10814248  0.0
 2.35324532  -3.10817516  0.0
 2.35296302  -3.10823525  0.0
 2.35268781  -3.10832218  0.0
 2.35242222  -3.10843516  0.0
 2.25811539  -3.15402861  0.0
 2.11039482  -3.22106478  0.0
 1.95597867  -3.28698067  0.0
 1.79497309  -3.35167678  0.0
 1.62860767  -3.41448285  0.0
 1.46179734  -3.47348880  0.0
 1.29506017  -3.52861964  0.0
 1.12828498  -3.57990285  0.0
 0.96155602  -3.62733340  0.0
 0.83900000  -3.65927795  0.0
 0.84400000  -3.65280763  0.0
 0.96024124  -3.62250904  0.0
 1.12686597  -3.57510814  0.0
 1.29354038  -3.52385592  0.0
 1.46017863  -3.46875779  0.0
 1.62689080  -3.40978656  0.0
 1.79315779  -3.34701765  0.0
 1.95406483  -3.28236114  0.0
 2.10837996  -3.21648837  0.0
 2.25599381  -3.14950063  0.0
 2.35024592  -3.10393364  0.0
 2.35046498  -3.10383416  0.0
 2.35073057  -3.10372118  0.0
 2.35118176  -3.10355439  0.0
 2.35145698  -3.10346746  0.0
 2.35192211  -3.10334480  0.0
 2.35220440  -3.10328471  0.0
 2.35267917  -3.10320732  0.0
 2.35296594  -3.10317463  0.0
 2.35344594  -3.10314322  0.0
 2.35373452  -3.10313825  0.0
 2.35421533  -3.10315311  0.0
 2.35450305  -3.10317589  0.0
 2.35498020  -3.10323688  0.0
 2.35526440  -3.10328721  0.0
 2.35573348  -3.10339377  0.0
 2.35601153  -3.10347117  0.0
 2.35646820  -3.10362232  0.0
 2.35673752  -3.10372608  0.0
 2.35717756  -3.10392041  0.0
 2.35717756  -3.10392041  0.0
 2.35502065  -3.10843216  0.0
;;

