# exterior:
# ---------
 0.75000000  -1.54391741  0.0
 0.64300800  -1.56917907  0.0
 0.47488032  -1.60443104  0.0
 0.30681568  -1.63494870  0.0
 0.13868800  -1.66028448  0.0
-0.02943968  -1.68013578  0.0
-0.19750432  -1.69412435  0.0
-0.36563200  -1.70188458  0.0
-0.53375968  -1.70306973  0.0
-0.70182432  -1.69714397  0.0
-0.75000000  -1.69321694  0.0
-0.75000000  -1.69261495  0.0
-0.70178936  -1.69654483  0.0
-0.53375122  -1.70246965  0.0
-0.36564795  -1.70128467  0.0
-0.19754305  -1.69352550  0.0
-0.02949976  -1.67953870  0.0
 0.13860810  -1.65968975  0.0
 0.30671736  -1.63435675  0.0
 0.47476514  -1.60384214  0.0
 0.64287748  -1.56859339  0.0
 0.75000000  -1.54330091  0.0
 0.75000000  -1.54391741  0.0
;;

