# exterior:
# ---------
 0.75000000  -3.71527981  0.0
 0.63559005  -3.74229291  0.0
 0.46833409  -3.77736210  0.0
 0.30122760  -3.80770578  0.0
 0.13414694  -3.83288378  0.0
-0.03285419  -3.85260206  0.0
-0.19970544  -3.86648964  0.0
-0.36653867  -3.87419012  0.0
-0.53327886  -3.87536549  0.0
-0.69983724  -3.86949284  0.0
-0.75000000  -3.86540383  0.0
-0.74700000  -3.86263843  0.0
-0.69966243  -3.86649714  0.0
-0.53323656  -3.87236512  0.0
-0.36661843  -3.87119061  0.0
-0.19989909  -3.86349539  0.0
-0.03315458  -3.84961669  0.0
 0.13374743  -3.82991011  0.0
 0.30073598  -3.80474600  0.0
 0.46775818  -3.77441762  0.0
 0.63493745  -3.73936451  0.0
 0.74700000  -3.71290565  0.0
 0.74700000  -3.71290565  0.0
 0.75000000  -3.71527981  0.0
;;

