# exterior:
# ---------
 0.83600000  -0.67132080  0.0
 0.97907346  -0.70038092  0.0
 1.14718621  -0.73897688  0.0
 1.31529875  -0.78216170  0.0
 1.48334842  -0.83008044  0.0
 1.65146168  -0.88269541  0.0
 1.81913268  -0.93977919  0.0
 1.98144354  -1.00041727  0.0
 2.13719745  -1.06428205  0.0
 2.28633123  -1.13125988  0.0
 2.35372800  -1.16448729  0.0
 2.35372800  -1.16727461  0.0
 2.28526603  -1.13352204  0.0
 2.13621084  -1.06657950  0.0
 1.98053163  -1.00274535  0.0
 1.81829218  -0.94213396  0.0
 1.65068534  -0.88507202  0.0
 1.48263218  -0.83247585  0.0
 1.31464486  -0.78457489  0.0
 1.14659540  -0.74140628  0.0
 0.97854486  -0.70282460  0.0
 0.83600000  -0.67387184  0.0
 0.83600000  -0.67132080  0.0
;;

