# exterior:
# ---------
-0.75000000   1.63107632  0.0
-0.70159498   1.63551935  0.0
-0.53363557   1.64502613  0.0
-0.36560800   1.64898268  0.0
-0.19757655   1.64762810  0.0
-0.02960485   1.64115117  0.0
 0.13843381   1.62969657  0.0
 0.30647654   1.61349717  0.0
 0.47445910   1.59271043  0.0
 0.64250728   1.56740554  0.0
 0.75000000   1.54840186  0.0
 0.75000000   1.53723128  0.0
 0.64073053   1.55654907  0.0
 0.47296444   1.58181149  0.0
 0.30527312   1.60256219  0.0
 0.13753182   1.61873252  0.0
-0.03019095   1.63016559  0.0
-0.19783287   1.63662981  0.0
-0.36552284   1.63798164  0.0
-0.53319516   1.63403345  0.0
-0.70078120   1.62454780  0.0
-0.75000000   1.62003008  0.0
-0.75000000   1.63107632  0.0
;;

