# exterior:
# ---------
 0.75000000  -3.74970091  0.0
 0.64287748  -3.77499339  0.0
 0.47476514  -3.81024214  0.0
 0.30671736  -3.84075675  0.0
 0.13860810  -3.86608975  0.0
-0.02949976  -3.88593870  0.0
-0.19754305  -3.89992550  0.0
-0.36564795  -3.90768467  0.0
-0.53375122  -3.90886965  0.0
-0.70178936  -3.90294483  0.0
-0.75000000  -3.89901495  0.0
-0.75000000  -3.89650665  0.0
-0.70164368  -3.90044841  0.0
-0.53371597  -3.90636934  0.0
-0.36571442  -3.90518508  0.0
-0.19770442  -3.89743029  0.0
-0.02975009  -3.88345089  0.0
 0.13827518  -3.86361169  0.0
 0.30630767  -3.83829026  0.0
 0.47428521  -3.80778841  0.0
 0.64233364  -3.77255306  0.0
 0.75000000  -3.74713217  0.0
 0.75000000  -3.74970091  0.0
;;

