# exterior:
# ---------
-0.83600000  -1.64697697  0.0
-0.86580873  -1.64454712  0.0
-1.03192816  -1.62267193  0.0
-1.19784505  -1.59163564  0.0
-1.36374715  -1.55056756  0.0
-1.52412564  -1.50057598  0.0
-1.67578008  -1.44339001  0.0
-1.81865030  -1.38011181  0.0
-1.95275757  -1.31161643  0.0
-2.07806954  -1.23854055  0.0
-2.19452818  -1.16143090  0.0
-2.30225212  -1.08081149  0.0
-2.40105216  -0.99719670  0.0
-2.49113408  -0.91091714  0.0
-2.57238414  -0.82252374  0.0
-2.64487776  -0.73245536  0.0
-2.70862998  -0.64113461  0.0
-2.76357149  -0.54918891  0.0
-2.80979800  -0.45635628  0.0
-2.84737169  -0.36272754  0.0
-2.87630585  -0.26847529  0.0
-2.89664232  -0.17102460  0.0
-2.90853816  -0.07065804  0.0
-2.91006581  -0.04551644  0.0
-2.91116424   0.00014754  0.0
-2.91004704   0.06783137  0.0
-2.90846883   0.12000920  0.0
-2.89666526   0.21841694  0.0
-2.87636275   0.31221577  0.0
-2.84743128   0.40532028  0.0
-2.80991555   0.49721856  0.0
-2.76377058   0.58786440  0.0
-2.70896765   0.67704927  0.0
-2.64541651   0.76441982  0.0
-2.57313850   0.84956774  0.0
-2.49210732   0.93220600  0.0
-2.40223251   1.01200150  0.0
-2.30361549   1.08857181  0.0
-2.19606512   1.16166646  0.0
-2.07976101   1.23071157  0.0
-1.95457894   1.29535589  0.0
-1.82057679   1.35499864  0.0
-1.67774555   1.40918501  0.0
-1.52597933   1.45737810  0.0
-1.36525504   1.49943190  0.0
-1.19883080   1.53479471  0.0
-1.03233264   1.56283585  0.0
-0.86566555   1.58430822  0.0
-0.83600000   1.58703117  0.0
-0.83900000   1.58374320  0.0
-0.86533667   1.58132579  0.0
-1.03189169   1.55986786  0.0
-1.19826966   1.53184696  0.0
-1.36456320   1.49651193  0.0
-1.52514509   1.45449538  0.0
-1.67675876   1.40635074  0.0
-1.81943389   1.35222360  0.0
-1.95327965   1.29265045  0.0
-2.07830577   1.22808666  0.0
-2.19445474   1.15913365  0.0
-2.30185065   1.08614398  0.0
-2.40031462   1.00969251  0.0
-2.49003793   0.93003151  0.0
-2.57092107   0.84754423  0.0
-2.64305660   0.76256416  0.0
-2.70647283   0.67537909  0.0
-2.76115162   0.58639623  0.0
-2.80718532   0.49596897  0.0
-2.84460484   0.40430635  0.0
-2.87345862   0.31145184  0.0
-2.89370337   0.21791989  0.0
-2.90547425   0.11978477  0.0
-2.90704778   0.06776127  0.0
-2.90816364   0.00015886  0.0
-2.90706800  -0.04538935  0.0
-2.90554890  -0.07039030  0.0
-2.89367868  -0.17054069  0.0
-2.87339736  -0.26772707  0.0
-2.84454068  -0.36172693  0.0
-2.80705875  -0.45512702  0.0
-2.76093726  -0.54774876  0.0
-2.70610925  -0.63950451  0.0
-2.64247650  -0.73065412  0.0
-2.57010883  -0.82056603  0.0
-2.48899002  -0.90881664  0.0
-2.39904369  -0.99496633  0.0
-2.30038267  -1.07846347  0.0
-2.19279988  -1.15897724  0.0
-2.07648452  -1.23599202  0.0
-1.95131854  -1.30898277  0.0
-1.81735958  -1.37740239  0.0
-1.67464249  -1.44061278  0.0
-1.52314918  -1.49773799  0.0
-1.36293962  -1.54767691  0.0
-1.19720828  -1.58870271  0.0
-1.03145618  -1.61970818  0.0
-0.86549083  -1.64156308  0.0
-0.83900000  -1.64372248  0.0
-0.83600000  -1.64697697  0.0
;;

