# exterior:
# ---------
 0.74700000  -1.50650565  0.0
 0.74700000  -1.50650565  0.0
 0.63493745  -1.53296451  0.0
 0.46775818  -1.56801762  0.0
 0.30073598  -1.59834600  0.0
 0.13374743  -1.62351011  0.0
-0.03315458  -1.64321669  0.0
-0.19989909  -1.65709539  0.0
-0.36661843  -1.66479061  0.0
-0.53323656  -1.66596512  0.0
-0.69966243  -1.66009714  0.0
-0.74700000  -1.65623843  0.0
-0.74200000  -1.65162942  0.0
-0.69937107  -1.65510431  0.0
-0.53316606  -1.66096450  0.0
-0.36675137  -1.65979142  0.0
-0.20022184  -1.65210496  0.0
-0.03365524  -1.63824107  0.0
 0.13308159  -1.61855400  0.0
 0.29991661  -1.59341302  0.0
 0.46679832  -1.56311015  0.0
 0.63384977  -1.52808384  0.0
 0.74200000  -1.50254871  0.0
 0.74200000  -1.50254871  0.0
 0.74700000  -1.50650565  0.0
;;

