# exterior:
# ---------
 2.35672800   1.01200305  0.0
 2.35672800   1.01200305  0.0
 2.41711963   0.98222926  0.0
 2.55214291   0.90893985  0.0
 2.68044798   0.83181925  0.0
 2.80206004   0.75014314  0.0
 2.91687792   0.66267472  0.0
 3.02491653   0.56737211  0.0
 3.12625307   0.46024314  0.0
 3.22005480   0.33982234  0.0
 3.30695087   0.15337691  0.0
 3.32739087   0.00004680  0.0
 3.30700460  -0.14883893  0.0
 3.22036270  -0.32606266  0.0
 3.12698437  -0.43946633  0.0
 3.02601435  -0.53438062  0.0
 2.91793848  -0.61963564  0.0
 2.80299968  -0.69881432  0.0
 2.68121722  -0.77384682  0.0
 2.55269800  -0.84598544  0.0
 2.41742921  -0.91614710  0.0
 2.35672800  -0.94549363  0.0
 2.35672800  -0.94549363  0.0
 2.36172800  -0.93752266  0.0
 2.36172800  -0.93752266  0.0
 2.41518954  -0.91167622  0.0
 2.55032259  -0.84158495  0.0
 2.67868112  -0.76953654  0.0
 2.80026828  -0.69462436  0.0
 2.91496878  -0.61560984  0.0
 3.02274758  -0.53058917  0.0
 3.12332731  -0.43604176  0.0
 3.21612905  -0.32333833  0.0
 3.30215982  -0.14736466  0.0
 3.32234545   0.00005576  0.0
 3.30209578   0.15195802  0.0
 3.21576215   0.33719667  0.0
 3.12245591   0.45698138  0.0
 3.02143946   0.56377197  0.0
 2.91370504   0.65880624  0.0
 2.79914863   0.74607547  0.0
 2.67776452   0.82759849  0.0
 2.54966117   0.90459784  0.0
 2.41482064   0.97778805  0.0
 2.36172800   1.00396336  0.0
 2.36172800   1.00396336  0.0
 2.35672800   1.01200305  0.0
;;

