# exterior:
# ---------
 0.74700000  -3.71290565  0.0
 0.74700000  -3.71290565  0.0
 0.63493745  -3.73936451  0.0
 0.46775818  -3.77441762  0.0
 0.30073598  -3.80474600  0.0
 0.13374743  -3.82991011  0.0
-0.03315458  -3.84961669  0.0
-0.19989909  -3.86349539  0.0
-0.36661843  -3.87119061  0.0
-0.53323656  -3.87236512  0.0
-0.69966243  -3.86649714  0.0
-0.74700000  -3.86263843  0.0
-0.74200000  -3.85802942  0.0
-0.69937107  -3.86150431  0.0
-0.53316606  -3.86736450  0.0
-0.36675137  -3.86619142  0.0
-0.20022184  -3.85850496  0.0
-0.03365524  -3.84464107  0.0
 0.13308159  -3.82495400  0.0
 0.29991661  -3.79981302  0.0
 0.46679832  -3.76951015  0.0
 0.63384977  -3.73448384  0.0
 0.74200000  -3.70894871  0.0
 0.74200000  -3.70894871  0.0
 0.74700000  -3.71290565  0.0
;;

