# exterior:
# ---------
 3.33949990   2.20642528  0.0
 3.31863210   2.05402282  0.0
 3.23052348   1.87379897  0.0
 3.13576132   1.75871470  0.0
 3.03385459   1.66291988  0.0
 2.92506576   1.57710244  0.0
 2.80955505   1.49752979  0.0
 2.68730387   1.42220850  0.0
 2.55839896   1.34985340  0.0
 2.42280444   1.27952277  0.0
 2.35372800   1.24612717  0.0
 2.35372800   1.25612379  0.0
 2.41877302   1.28757037  0.0
 2.55412324   1.35777427  0.0
 2.68273888   1.42996701  0.0
 2.80463852   1.50507171  0.0
 2.91972030   1.58434888  0.0
 3.02797441   1.66974450  0.0
 3.12917861   1.76487893  0.0
 3.22290290   1.87870275  0.0
 3.30991148   2.05667651  0.0
 3.33041813   2.20644142  0.0
 3.30986392   2.36062824  0.0
 3.22263038   2.54779774  0.0
 3.12853136   2.66860020  0.0
 3.02700278   2.77593219  0.0
 2.91878164   2.87139581  0.0
 2.80380689   2.95898374  0.0
 2.68205806   3.04075170  0.0
 2.55363195   3.11794505  0.0
 2.41849902   3.19129398  0.0
 2.35372800   3.22322687  0.0
 2.35372800   3.23326120  0.0
 2.42263719   3.19928815  0.0
 2.55809909   3.12576066  0.0
 2.68688830   3.04834906  0.0
 2.80904742   2.96630554  0.0
 2.92449282   2.87835907  0.0
 3.03326152   2.78241244  0.0
 3.13536625   2.67447137  0.0
 3.23035714   2.55252394  0.0
 3.31860307   2.36318225  0.0
 3.33949990   2.20642528  0.0
;;

