# exterior:
# ---------
 0.83600000   0.74963986  0.0
 0.83600000   3.67668259  0.0
 0.96564705   3.65034956  0.0
 1.13217978   3.61211634  0.0
 1.29869003   3.56934312  0.0
 1.46515580   3.52187603  0.0
 1.63174278   3.46973874  0.0
 1.79778405   3.41320980  0.0
 1.95828093   3.35324941  0.0
 2.11213756   3.29016259  0.0
 2.25927520   3.22408125  0.0
 2.35372800   3.17751489  0.0
 2.35372800   3.22322687  0.0
 2.41849902   3.19129398  0.0
 2.55363195   3.11794505  0.0
 2.68205806   3.04075170  0.0
 2.80380689   2.95898374  0.0
 2.91878164   2.87139581  0.0
 3.02700278   2.77593219  0.0
 3.12853136   2.66860020  0.0
 3.22263038   2.54779774  0.0
 3.30986392   2.36062824  0.0
 3.33041813   2.20644142  0.0
 3.30991148   2.05667651  0.0
 3.22290290   1.87870275  0.0
 3.12917861   1.76487893  0.0
 3.02797441   1.66974450  0.0
 2.91972030   1.58434888  0.0
 2.80463852   1.50507171  0.0
 2.68273888   1.42996701  0.0
 2.55412324   1.35777427  0.0
 2.41877302   1.28757037  0.0
 2.35372800   1.25612379  0.0
 2.35372800   1.30166393  0.0
 2.25938833   1.25605460  0.0
 2.11160374   1.18898937  0.0
 1.95712697   1.12304761  0.0
 1.79606227   1.05832775  0.0
 1.62963779   0.99549938  0.0
 1.46276856   0.93647259  0.0
 1.29597204   0.88132213  0.0
 1.12913638   0.83002032  0.0
 0.96234488   0.78257199  0.0
 0.83600000   0.74963986  0.0
;;

# interior:
# ---------
 0.83900000   0.75352205  0.0
 0.96155602   0.78546660  0.0
 1.12828498   0.83289715  0.0
 1.29506017   0.88418036  0.0
 1.46179734   0.93931120  0.0
 1.62860767   0.99831715  0.0
 1.79497309   1.06112322  0.0
 1.95597867   1.12581933  0.0
 2.11039482   1.19173522  0.0
 2.25811539   1.25877139  0.0
 2.35242222   1.30436484  0.0
 2.35268781   1.30447782  0.0
 2.35296302   1.30456475  0.0
 2.35324532   1.30462484  0.0
 2.35353209   1.30465752  0.0
 2.35382066   1.30466249  0.0
 2.35410838   1.30463971  0.0
 2.35439258   1.30458939  0.0
 2.35467063   1.30451199  0.0
 2.35493995   1.30440822  0.0
 2.35519806   1.30427906  0.0
 2.35544256   1.30412569  0.0
 2.35567119   1.30394954  0.0
 2.35588183   1.30375223  0.0
 2.35607254   1.30353559  0.0
 2.35624155   1.30330163  0.0
 2.35638729   1.30305251  0.0
 2.35650842   1.30279054  0.0
 2.35660382   1.30251814  0.0
 2.35667259   1.30223783  0.0
 2.35671412   1.30195221  0.0
 2.35672800   1.30166393  0.0
 2.35672800   1.26090637  0.0
 2.41742921   1.29025290  0.0
 2.55269800   1.36041456  0.0
 2.68121722   1.43255318  0.0
 2.80299968   1.50758568  0.0
 2.91793848   1.58676436  0.0
 3.02601435   1.67201938  0.0
 3.12698437   1.76693367  0.0
 3.22036270   1.88033734  0.0
 3.30700460   2.05756107  0.0
 3.32739087   2.20644680  0.0
 3.30695087   2.35977691  0.0
 3.22005480   2.54622234  0.0
 3.12625307   2.66664314  0.0
 3.02491653   2.77377211  0.0
 2.91687792   2.86907472  0.0
 2.80206004   2.95654314  0.0
 2.68044798   3.03821925  0.0
 2.55214291   3.11533985  0.0
 2.41711963   3.18862926  0.0
 2.35672800   3.21840305  0.0
 2.35672800   3.17751489  0.0
 2.35671401   3.17722550  0.0
 2.35667217   3.17693882  0.0
 2.35660287   3.17665751  0.0
 2.35650676   3.17638419  0.0
 2.35638474   3.17612142  0.0
 2.35623793   3.17587165  0.0
 2.35606772   3.17563720  0.0
 2.35587569   3.17542026  0.0
 2.35566362   3.17522286  0.0
 2.35543350   3.17504684  0.0
 2.35518748   3.17489383  0.0
 2.35492784   3.17476527  0.0
 2.35465702   3.17466236  0.0
 2.35437753   3.17458605  0.0
 2.35409198   3.17453705  0.0
 2.35380304   3.17451583  0.0
 2.35351339   3.17452257  0.0
 2.35322575   3.17455723  0.0
 2.35294280   3.17461947  0.0
 2.35266716   3.17470871  0.0
 2.35240142   3.17482413  0.0
 2.25799696   3.22136665  0.0
 2.11095363   3.28740564  0.0
 1.95718663   3.35045571  0.0
 1.79677546   3.41038408  0.0
 1.63081118   3.46688681  0.0
 1.46429630   3.51900153  0.0
 1.29790536   3.56644729  0.0
 1.13147081   3.60920106  0.0
 0.96501273   3.64741714  0.0
 0.83900000   3.67301200  0.0
 0.83900000   0.75352205  0.0
;;

