# exterior:
# ---------
-0.83600000   3.79343117  0.0
-0.83600000   0.55942303  0.0
-0.86580873   0.56185288  0.0
-1.03192816   0.58372807  0.0
-1.19784505   0.61476436  0.0
-1.36374715   0.65583244  0.0
-1.52412564   0.70582402  0.0
-1.67578008   0.76300999  0.0
-1.81865030   0.82628819  0.0
-1.95275757   0.89478357  0.0
-2.07806954   0.96785945  0.0
-2.19452818   1.04496910  0.0
-2.30225212   1.12558851  0.0
-2.40105216   1.20920330  0.0
-2.49113408   1.29548286  0.0
-2.57238414   1.38387626  0.0
-2.64487776   1.47394464  0.0
-2.70862998   1.56526539  0.0
-2.76357149   1.65721109  0.0
-2.80979800   1.75004372  0.0
-2.84737169   1.84367246  0.0
-2.87630585   1.93792471  0.0
-2.89664232   2.03537540  0.0
-2.90853816   2.13574196  0.0
-2.91006581   2.16088356  0.0
-2.91116424   2.20654754  0.0
-2.91004704   2.27423137  0.0
-2.90846883   2.32640920  0.0
-2.89666526   2.42481694  0.0
-2.87636275   2.51861577  0.0
-2.84743128   2.61172028  0.0
-2.80991555   2.70361856  0.0
-2.76377058   2.79426440  0.0
-2.70896765   2.88344927  0.0
-2.64541651   2.97081982  0.0
-2.57313850   3.05596774  0.0
-2.49210732   3.13860600  0.0
-2.40223251   3.21840150  0.0
-2.30361549   3.29497181  0.0
-2.19606512   3.36806646  0.0
-2.07976101   3.43711157  0.0
-1.95457894   3.50175589  0.0
-1.82057679   3.56139864  0.0
-1.67774555   3.61558501  0.0
-1.52597933   3.66377810  0.0
-1.36525504   3.70583190  0.0
-1.19883080   3.74119471  0.0
-1.03233264   3.76923585  0.0
-0.86566555   3.79070822  0.0
-0.83600000   3.79343117  0.0
;;

# interior:
# ---------
-0.83900000   3.79014320  0.0
-0.86533667   3.78772579  0.0
-1.03189169   3.76626786  0.0
-1.19826966   3.73824696  0.0
-1.36456320   3.70291193  0.0
-1.52514509   3.66089538  0.0
-1.67675876   3.61275074  0.0
-1.81943389   3.55862360  0.0
-1.95327965   3.49905045  0.0
-2.07830577   3.43448666  0.0
-2.19445474   3.36553365  0.0
-2.30185065   3.29254398  0.0
-2.40031462   3.21609251  0.0
-2.49003793   3.13643151  0.0
-2.57092107   3.05394423  0.0
-2.64305660   2.96896416  0.0
-2.70647283   2.88177909  0.0
-2.76115162   2.79279623  0.0
-2.80718532   2.70236897  0.0
-2.84460484   2.61070635  0.0
-2.87345862   2.51785184  0.0
-2.89370337   2.42431989  0.0
-2.90547425   2.32618477  0.0
-2.90704778   2.27416127  0.0
-2.90816364   2.20655886  0.0
-2.90706800   2.16101065  0.0
-2.90554890   2.13600970  0.0
-2.89367868   2.03585931  0.0
-2.87339736   1.93867293  0.0
-2.84454068   1.84467307  0.0
-2.80705875   1.75127298  0.0
-2.76093726   1.65865124  0.0
-2.70610925   1.56689549  0.0
-2.64247650   1.47574588  0.0
-2.57010883   1.38583397  0.0
-2.48899002   1.29758336  0.0
-2.39904369   1.21143367  0.0
-2.30038267   1.12793653  0.0
-2.19279988   1.04742276  0.0
-2.07648452   0.97040798  0.0
-1.95131854   0.89741723  0.0
-1.81735958   0.82899761  0.0
-1.67464249   0.76578722  0.0
-1.52314918   0.70866201  0.0
-1.36293962   0.65872309  0.0
-1.19720828   0.61769729  0.0
-1.03145618   0.58669182  0.0
-0.86549083   0.56483692  0.0
-0.83900000   0.56267752  0.0
-0.83900000   3.79014320  0.0
;;

