# exterior:
# ---------
-0.75000000   3.80634601  0.0
-0.69930159   3.81099954  0.0
-0.53239443   3.82044676  0.0
-0.36536801   3.82437974  0.0
-0.19829890   3.82303291  0.0
-0.03125658   3.81659182  0.0
 0.13589186   3.80519790  0.0
 0.30308510   3.78908040  0.0
 0.47024687   3.76839523  0.0
 0.63750007   3.74321004  0.0
 0.75000000   3.72332113  0.0
 0.75000000   0.69752019  0.0
 0.63559005   0.67050709  0.0
 0.46833409   0.63543790  0.0
 0.30122760   0.60509422  0.0
 0.13414694   0.57991622  0.0
-0.03285419   0.56019794  0.0
-0.19970544   0.54631036  0.0
-0.36653867   0.53860988  0.0
-0.53327886   0.53743451  0.0
-0.69983724   0.54330716  0.0
-0.75000000   0.54739617  0.0
-0.75000000   3.80634601  0.0
;;

# interior:
# ---------
-0.74700000   3.80360876  0.0
-0.74700000   0.55016157  0.0
-0.69966243   0.54630286  0.0
-0.53323656   0.54043488  0.0
-0.36661843   0.54160939  0.0
-0.19989909   0.54930461  0.0
-0.03315458   0.56318331  0.0
 0.13374743   0.58288989  0.0
 0.30073598   0.60805400  0.0
 0.46775818   0.63838238  0.0
 0.63493745   0.67343549  0.0
 0.74700000   0.69989435  0.0
 0.74700000   3.72080498  0.0
 0.63701550   3.74024919  0.0
 0.46983924   3.76542279  0.0
 0.30275690   3.78609813  0.0
 0.13564586   3.80220771  0.0
-0.03141642   3.81359576  0.0
-0.19836881   3.82003338  0.0
-0.36534479   3.82137946  0.0
-0.53227432   3.81744876  0.0
-0.69907965   3.80800730  0.0
-0.74700000   3.80360876  0.0
;;

