# exterior:
# ---------
 3.35059984   2.20640556  0.0
 3.32929063   2.05077942  0.0
 3.23983753   1.86780546  0.0
 3.14380686   1.75118064  0.0
 3.04104148   1.65457867  0.0
 2.93159911   1.56824569  0.0
 2.81556413   1.48831188  0.0
 2.69288330   1.41272588  0.0
 2.56362485   1.34017233  0.0
 2.42773172   1.26968683  0.0
 2.28527151   1.20081321  0.0
 2.13618503   1.13315718  0.0
 1.98047582   1.06668933  0.0
 1.81820891   1.00148639  0.0
 1.65058354   0.93820466  0.0
 1.48251672   0.87875425  0.0
 1.31451341   0.82320477  0.0
 1.14644822   0.77152488  0.0
 0.97838516   0.72371481  0.0
 0.81038846   0.67992603  0.0
 0.64233364   0.64024694  0.0
 0.47428521   0.60501159  0.0
 0.30630767   0.57450974  0.0
 0.13827518   0.54918831  0.0
-0.02975009   0.52934911  0.0
-0.19770442   0.51536971  0.0
-0.36571442   0.50761492  0.0
-0.53371597   0.50643066  0.0
-0.70164368   0.51235159  0.0
-0.86962351   0.52604443  0.0
-1.03759196   0.54816311  0.0
-1.20548632   0.57956931  0.0
-1.37343755   0.62114464  0.0
-1.53584315   0.67176808  0.0
-1.68943121   0.72968318  0.0
-1.83413890   0.79377522  0.0
-1.97002596   0.86317963  0.0
-2.09708982   0.93727713  0.0
-2.21526784   1.01552521  0.0
-2.32468552   1.09741218  0.0
-2.42515371   1.18243874  0.0
-2.51686287   1.27027685  0.0
-2.59968788   1.36038368  0.0
-2.67369279   1.45232973  0.0
-2.73887876   1.54570424  0.0
-2.79518228   1.63992928  0.0
-2.84266896   1.73529260  0.0
-2.88134375   1.83166513  0.0
-2.91120768   1.92894612  0.0
-2.93220605   2.02956852  0.0
-2.94440933   2.13252902  0.0
-2.94603954   2.15935849  0.0
-2.94717138   2.20641170  0.0
-2.94603805   2.27507267  0.0
-2.94440384   2.32910239  0.0
-2.93220787   2.43078158  0.0
-2.91121220   2.52778284  0.0
-2.88134847   2.62388744  0.0
-2.84267828   2.71861368  0.0
-2.79519806   2.81188244  0.0
-2.73890554   2.90349146  0.0
-2.67373550   2.99308767  0.0
-2.59974769   3.08024984  0.0
-2.51694003   3.16469982  0.0
-2.42524729   3.24610937  0.0
-2.32479361   3.32410574  0.0
-2.21538970   3.39846011  0.0
-2.09722393   3.46861042  0.0
-1.97017036   3.53422118  0.0
-1.83429164   3.59469917  0.0
-1.68958704   3.64959625  0.0
-1.53599012   3.69837067  0.0
-1.37355710   3.74087156  0.0
-1.20556448   3.77656763  0.0
-1.03762403   3.80485167  0.0
-0.86961215   3.82649730  0.0
-0.70159498   3.84191935  0.0
-0.53363557   3.85142613  0.0
-0.36560800   3.85538268  0.0
-0.19757655   3.85402810  0.0
-0.02960485   3.84755117  0.0
 0.13843381   3.83609657  0.0
 0.30647654   3.81989717  0.0
 0.47445910   3.79911043  0.0
 0.64250728   3.77380554  0.0
 0.81055722   3.74409592  0.0
 0.97854486   3.70997540  0.0
 1.14659540   3.67139372  0.0
 1.31464486   3.62822511  0.0
 1.48263218   3.58032415  0.0
 1.65068534   3.52772798  0.0
 1.81829218   3.47066604  0.0
 1.98053163   3.41005465  0.0
 2.13621084   3.34622050  0.0
 2.28526603   3.27927796  0.0
 2.42769495   3.20905880  0.0
 2.56355892   3.13531308  0.0
 2.69279193   3.05763472  0.0
 2.81545253   2.97525440  0.0
 2.93147314   2.88686973  0.0
 3.04091109   2.79033275  0.0
 3.14372000   2.68164724  0.0
 3.23980096   2.55830041  0.0
 3.32928425   2.36630381  0.0
 3.35059984   2.20640556  0.0
;;

# interior:
# ---------
 3.33949990   2.20642528  0.0
 3.31860307   2.36318225  0.0
 3.23035714   2.55252394  0.0
 3.13536625   2.67447137  0.0
 3.03326152   2.78241244  0.0
 2.92449282   2.87835907  0.0
 2.80904742   2.96630554  0.0
 2.68688830   3.04834906  0.0
 2.55809909   3.12576066  0.0
 2.42263719   3.19928815  0.0
 2.28057916   3.26932446  0.0
 2.13186976   3.33611170  0.0
 1.97651921   3.39981108  0.0
 1.81459400   3.46030508  0.0
 1.64726947   3.51727090  0.0
 1.47948070   3.56978432  0.0
 1.31176776   3.61760705  0.0
 1.14399586   3.66070436  0.0
 0.97621902   3.69922320  0.0
 0.80850462   3.73328822  0.0
 0.64073053   3.76294907  0.0
 0.47296444   3.78821149  0.0
 0.30527312   3.80896219  0.0
 0.13753182   3.82513252  0.0
-0.03019095   3.83656559  0.0
-0.19783287   3.84302981  0.0
-0.36552284   3.84438164  0.0
-0.53319516   3.84043345  0.0
-0.70078120   3.83094780  0.0
-0.86840625   3.81556175  0.0
-1.03600722   3.79396906  0.0
-1.20350697   3.76575924  0.0
-1.37102036   3.73016500  0.0
-1.53293127   3.68780072  0.0
-1.68596880   3.63920393  0.0
-1.83010099   3.58452401  0.0
-1.96540632   3.52430123  0.0
-2.09188804   3.45898577  0.0
-2.20948497   3.38917316  0.0
-2.31832252   3.31520371  0.0
-2.41821500   3.23764308  0.0
-2.50935226   3.15672670  0.0
-2.59161711   3.07283031  0.0
-2.66508248   2.98628361  0.0
-2.72975785   2.89736746  0.0
-2.78559522   2.80649915  0.0
-2.83266745   2.71403184  0.0
-2.87098489   2.62016970  0.0
-2.90056375   2.52498179  0.0
-2.92134763   2.42895905  0.0
-2.93342370   2.32827947  0.0
-2.93504080   2.27481561  0.0
-2.93616920   2.20645320  0.0
-2.93504757   2.15982449  0.0
-2.93344870   2.13351075  0.0
-2.92133935   2.03134284  0.0
-2.90054323   1.93168958  0.0
-2.87096340   1.83533404  0.0
-2.83262506   1.73979989  0.0
-2.78552343   1.64520983  0.0
-2.72963608   1.55168126  0.0
-2.66488819   1.45893429  0.0
-2.59134507   1.36756196  0.0
-2.50900129   1.27797869  0.0
-2.41778935   1.19061680  0.0
-2.31783087   1.10602161  0.0
-2.20893073   1.02452195  0.0
-2.09127807   0.94662173  0.0
-1.96474951   0.87283639  0.0
-1.82940627   0.80370974  0.0
-1.68526003   0.73986638  0.0
-1.53226280   0.68217406  0.0
-1.37047659   0.63174369  0.0
-1.20315149   0.59032335  0.0
-1.03586136   0.55903018  0.0
-0.86845788   0.53698590  0.0
-0.70100268   0.52333582  0.0
-0.53356087   0.51743202  0.0
-0.36600690   0.51861313  0.0
-0.19841446   0.52634865  0.0
-0.03085154   0.54029547  0.0
 0.13681032   0.56009176  0.0
 0.30450507   0.58536230  0.0
 0.47217352   0.61580802  0.0
 0.63994075   0.65098441  0.0
 0.80773702   0.69060245  0.0
 0.97549265   0.73432840  0.0
 1.14332641   0.78207324  0.0
 1.31116989   0.83368495  0.0
 1.47895558   0.88916248  0.0
 1.64680644   0.94853649  0.0
 1.81421526   1.01173647  0.0
 1.97626537   1.07685230  0.0
 2.13175234   1.14322528  0.0
 2.28060405   1.21077477  0.0
 2.42280444   1.27952277  0.0
 2.55839896   1.34985340  0.0
 2.68730387   1.42220850  0.0
 2.80955505   1.49752979  0.0
 2.92506576   1.57710244  0.0
 3.03385459   1.66291988  0.0
 3.13576132   1.75871470  0.0
 3.23052348   1.87379897  0.0
 3.31863210   2.05402282  0.0
 3.33949990   2.20642528  0.0
;;

