# exterior:
# ---------
-0.83900000   3.79014320  0.0
-0.83900000   0.56267752  0.0
-0.86549083   0.56483692  0.0
-1.03145618   0.58669182  0.0
-1.19720828   0.61769729  0.0
-1.36293962   0.65872309  0.0
-1.52314918   0.70866201  0.0
-1.67464249   0.76578722  0.0
-1.81735958   0.82899761  0.0
-1.95131854   0.89741723  0.0
-2.07648452   0.97040798  0.0
-2.19279988   1.04742276  0.0
-2.30038267   1.12793653  0.0
-2.39904369   1.21143367  0.0
-2.48899002   1.29758336  0.0
-2.57010883   1.38583397  0.0
-2.64247650   1.47574588  0.0
-2.70610925   1.56689549  0.0
-2.76093726   1.65865124  0.0
-2.80705875   1.75127298  0.0
-2.84454068   1.84467307  0.0
-2.87339736   1.93867293  0.0
-2.89367868   2.03585931  0.0
-2.90554890   2.13600970  0.0
-2.90706800   2.16101065  0.0
-2.90816364   2.20655886  0.0
-2.90704778   2.27416127  0.0
-2.90547425   2.32618477  0.0
-2.89370337   2.42431989  0.0
-2.87345862   2.51785184  0.0
-2.84460484   2.61070635  0.0
-2.80718532   2.70236897  0.0
-2.76115162   2.79279623  0.0
-2.70647283   2.88177909  0.0
-2.64305660   2.96896416  0.0
-2.57092107   3.05394423  0.0
-2.49003793   3.13643151  0.0
-2.40031462   3.21609251  0.0
-2.30185065   3.29254398  0.0
-2.19445474   3.36553365  0.0
-2.07830577   3.43448666  0.0
-1.95327965   3.49905045  0.0
-1.81943389   3.55862360  0.0
-1.67675876   3.61275074  0.0
-1.52514509   3.66089538  0.0
-1.36456320   3.70291193  0.0
-1.19826966   3.73824696  0.0
-1.03189169   3.76626786  0.0
-0.86533667   3.78772579  0.0
-0.83900000   3.79014320  0.0
;;

# interior:
# ---------
-0.84400000   3.78466324  0.0
-0.86478853   3.78275509  0.0
-1.03115678   3.76132122  0.0
-1.19733443   3.73333406  0.0
-1.36341013   3.69804531  0.0
-1.52375471   3.65609086  0.0
-1.67511410   3.60802696  0.0
-1.81752905   3.55399852  0.0
-1.95111418   3.49454138  0.0
-2.07588036   3.43011182  0.0
-2.19177077   3.36131231  0.0
-2.29890925   3.28849760  0.0
-2.39711812   3.21224420  0.0
-2.48658894   3.13280737  0.0
-2.56722535   3.05057171  0.0
-2.63912341   2.96587140  0.0
-2.70231479   2.87899545  0.0
-2.75678669   2.79034928  0.0
-2.80263494   2.70028631  0.0
-2.83989412   2.60901646  0.0
-2.86861842   2.51657864  0.0
-2.88876690   2.42349147  0.0
-2.90048328   2.32581071  0.0
-2.90204903   2.27404442  0.0
-2.90316265   2.20657773  0.0
-2.90207165   2.16122247  0.0
-2.90056679   2.13645595  0.0
-2.88873927   2.03666582  0.0
-2.86854988   1.93991995  0.0
-2.83982234   1.84634075  0.0
-2.80249334   1.75332174  0.0
-2.75654687   1.66105149  0.0
-2.70190803   1.56961232  0.0
-2.63847442   1.47874795  0.0
-2.56631664   1.38909683  0.0
-2.48541658   1.30108420  0.0
-2.39569626   1.21515097  0.0
-2.29726693   1.13184991  0.0
-2.18991937   1.05151218  0.0
-2.07384281   0.97465553  0.0
-1.94892015   0.90180667  0.0
-1.81520839   0.83351330  0.0
-1.67274650   0.77041595  0.0
-1.52152175   0.71339200  0.0
-1.36159373   0.66354085  0.0
-1.19614699   0.62258549  0.0
-1.03066954   0.59163140  0.0
-0.86496100   0.56981031  0.0
-0.84400000   0.56810168  0.0
-0.84400000   3.78466324  0.0
;;

