# exterior:
# ---------
-0.83600000   0.53434010  0.0
-0.86845788   0.53698590  0.0
-1.03586136   0.55903018  0.0
-1.20315149   0.59032335  0.0
-1.37047659   0.63174369  0.0
-1.53226280   0.68217406  0.0
-1.68526003   0.73986638  0.0
-1.82940627   0.80370974  0.0
-1.96474951   0.87283639  0.0
-2.09127807   0.94662173  0.0
-2.20893073   1.02452195  0.0
-2.31783087   1.10602161  0.0
-2.41778935   1.19061680  0.0
-2.50900129   1.27797869  0.0
-2.59134507   1.36756196  0.0
-2.66488819   1.45893429  0.0
-2.72963608   1.55168126  0.0
-2.78552343   1.64520983  0.0
-2.83262506   1.73979989  0.0
-2.87096340   1.83533404  0.0
-2.90054323   1.93168958  0.0
-2.92133935   2.03134284  0.0
-2.93344870   2.13351075  0.0
-2.93504757   2.15982449  0.0
-2.93616920   2.20645320  0.0
-2.93504080   2.27481561  0.0
-2.93342370   2.32827947  0.0
-2.92134763   2.42895905  0.0
-2.90056375   2.52498179  0.0
-2.87098489   2.62016970  0.0
-2.83266745   2.71403184  0.0
-2.78559522   2.80649915  0.0
-2.72975785   2.89736746  0.0
-2.66508248   2.98628361  0.0
-2.59161711   3.07283031  0.0
-2.50935226   3.15672670  0.0
-2.41821500   3.23764308  0.0
-2.31832252   3.31520371  0.0
-2.20948497   3.38917316  0.0
-2.09188804   3.45898577  0.0
-1.96540632   3.52430123  0.0
-1.83010099   3.58452401  0.0
-1.68596880   3.63920393  0.0
-1.53293127   3.68780072  0.0
-1.37102036   3.73016500  0.0
-1.20350697   3.76575924  0.0
-1.03600722   3.79396906  0.0
-0.86840625   3.81556175  0.0
-0.83600000   3.81853627  0.0
-0.83600000   3.79343117  0.0
-0.86566555   3.79070822  0.0
-1.03233264   3.76923585  0.0
-1.19883080   3.74119471  0.0
-1.36525504   3.70583190  0.0
-1.52597933   3.66377810  0.0
-1.67774555   3.61558501  0.0
-1.82057679   3.56139864  0.0
-1.95457894   3.50175589  0.0
-2.07976101   3.43711157  0.0
-2.19606512   3.36806646  0.0
-2.30361549   3.29497181  0.0
-2.40223251   3.21840150  0.0
-2.49210732   3.13860600  0.0
-2.57313850   3.05596774  0.0
-2.64541651   2.97081982  0.0
-2.70896765   2.88344927  0.0
-2.76377058   2.79426440  0.0
-2.80991555   2.70361856  0.0
-2.84743128   2.61172028  0.0
-2.87636275   2.51861577  0.0
-2.89666526   2.42481694  0.0
-2.90846883   2.32640920  0.0
-2.91004704   2.27423137  0.0
-2.91116424   2.20654754  0.0
-2.91006581   2.16088356  0.0
-2.90853816   2.13574196  0.0
-2.89664232   2.03537540  0.0
-2.87630585   1.93792471  0.0
-2.84737169   1.84367246  0.0
-2.80979800   1.75004372  0.0
-2.76357149   1.65721109  0.0
-2.70862998   1.56526539  0.0
-2.64487776   1.47394464  0.0
-2.57238414   1.38387626  0.0
-2.49113408   1.29548286  0.0
-2.40105216   1.20920330  0.0
-2.30225212   1.12558851  0.0
-2.19452818   1.04496910  0.0
-2.07806954   0.96785945  0.0
-1.95275757   0.89478357  0.0
-1.81865030   0.82628819  0.0
-1.67578008   0.76300999  0.0
-1.52412564   0.70582402  0.0
-1.36374715   0.65583244  0.0
-1.19784505   0.61476436  0.0
-1.03192816   0.58372807  0.0
-0.86580873   0.56185288  0.0
-0.83600000   0.55942303  0.0
-0.83600000   0.53434010  0.0
;;

