# exterior:
# ---------
 0.83600000   3.72770355  0.0
 0.97621902   3.69922320  0.0
 1.14399586   3.66070436  0.0
 1.31176776   3.61760705  0.0
 1.47948070   3.56978432  0.0
 1.64726947   3.51727090  0.0
 1.81459400   3.46030508  0.0
 1.97651921   3.39981108  0.0
 2.13186976   3.33611170  0.0
 2.28057916   3.26932446  0.0
 2.35372800   3.23326120  0.0
 2.35372800   3.17751489  0.0
 2.25927520   3.22408125  0.0
 2.11213756   3.29016259  0.0
 1.95828093   3.35324941  0.0
 1.79778405   3.41320980  0.0
 1.63174278   3.46973874  0.0
 1.46515580   3.52187603  0.0
 1.29869003   3.56934312  0.0
 1.13217978   3.61211634  0.0
 0.96564705   3.65034956  0.0
 0.83600000   3.67668259  0.0
 0.83600000   3.72770355  0.0
;;

