# exterior:
# ---------
 3.35312255   2.20640108  0.0
 3.33171303   2.05004229  0.0
 3.24195436   1.86644330  0.0
 3.14563539   1.74946836  0.0
 3.04267487   1.65268294  0.0
 2.93308396   1.56623279  0.0
 2.81692983   1.48621691  0.0
 2.69415135   1.41057074  0.0
 2.56481255   1.33797209  0.0
 2.42885156   1.26745139  0.0
 2.28633229   1.19854921  0.0
 2.13719246   1.13086898  0.0
 1.98143274   1.06437956  0.0
 1.81911656   0.99915682  0.0
 1.65144198   0.93585651  0.0
 1.48332608   0.87638875  0.0
 1.31527331   0.82082291  0.0
 1.14715772   0.76912753  0.0
 0.97904255   0.72130264  0.0
 0.81099106   0.67749957  0.0
 0.64287748   0.63780661  0.0
 0.47476514   0.60255786  0.0
 0.30671736   0.57204325  0.0
 0.13860810   0.54671025  0.0
-0.02949976   0.52686130  0.0
-0.19754305   0.51287450  0.0
-0.36564795   0.50511533  0.0
-0.53375122   0.50393035  0.0
-0.70178936   0.50985517  0.0
-0.86988842   0.52355774  0.0
-1.03798528   0.54569333  0.0
-1.20601697   0.57712521  0.0
-1.37411049   0.61873576  0.0
-1.53665687   0.66940309  0.0
-1.69037920   0.72736882  0.0
-1.83521450   0.79151737  0.0
-1.97122515   0.86098491  0.0
-2.09841068   0.93515335  0.0
-2.21670810   1.01348049  0.0
-2.32624339   1.09545549  0.0
-2.42682743   1.18058009  0.0
-2.51864959   1.26852644  0.0
-2.60158398   1.35875225  0.0
-2.67569383   1.45082870  0.0
-2.74097937   1.54434583  0.0
-2.79737747   1.63872915  0.0
-2.84495167   1.73426822  0.0
-2.88370292   1.83083129  0.0
-2.91363142   1.92832260  0.0
-2.93467575   2.02916526  0.0
-2.94690039   2.13230590  0.0
-2.94853772   2.15925259  0.0
-2.94967188   2.20640226  0.0
-2.94853743   2.27513110  0.0
-2.94689932   2.32928942  0.0
-2.93467610   2.43119579  0.0
-2.91363230   2.52841944  0.0
-2.88370383   2.62473238  0.0
-2.84495347   2.71965501  0.0
-2.79738053   2.81310592  0.0
-2.74098456   2.90488328  0.0
-2.67570210   2.99463405  0.0
-2.60159555   3.08193610  0.0
-2.51866452   3.16651189  0.0
-2.42684554   3.24803353  0.0
-2.32626431   3.32612893  0.0
-2.21673168   3.40057078  0.0
-2.09843663   3.47079784  0.0
-1.97125310   3.53647571  0.0
-1.83524406   3.59701171  0.0
-1.69040936   3.65195814  0.0
-1.53668531   3.70077293  0.0
-1.37413363   3.74330487  0.0
-1.20603209   3.77902408  0.0
-1.03799149   3.80732499  0.0
-0.86988622   3.82898265  0.0
-0.70177993   3.84441288  0.0
-0.53373566   3.85392446  0.0
-0.36562736   3.85788292  0.0
-0.19751830   3.85652771  0.0
-0.02947165   3.85004789  0.0
 0.13863880   3.83858839  0.0
 0.30675004   3.82238239  0.0
 0.47479879   3.80158746  0.0
 0.64291109   3.77627292  0.0
 0.81102372   3.74655222  0.0
 0.97907346   3.71241908  0.0
 1.14718621   3.67382312  0.0
 1.31529875   3.63063830  0.0
 1.48334842   3.58271956  0.0
 1.65146168   3.53010459  0.0
 1.81913268   3.47302081  0.0
 1.98144354   3.41238273  0.0
 2.13719745   3.34851795  0.0
 2.28633123   3.28154012  0.0
 2.42884444   3.21127941  0.0
 2.56479979   3.13748408  0.0
 2.69413366   3.05974509  0.0
 2.81690823   2.97728823  0.0
 2.93305958   2.88880397  0.0
 3.04264963   2.79213282  0.0
 3.14561858   2.68327812  0.0
 3.24194728   2.55961324  0.0
 3.33171179   2.36701325  0.0
 3.35312255   2.20640108  0.0
;;

# interior:
# ---------
 3.35059984   2.20640556  0.0
 3.32928425   2.36630381  0.0
 3.23980096   2.55830041  0.0
 3.14372000   2.68164724  0.0
 3.04091109   2.79033275  0.0
 2.93147314   2.88686973  0.0
 2.81545253   2.97525440  0.0
 2.69279193   3.05763472  0.0
 2.56355892   3.13531308  0.0
 2.42769495   3.20905880  0.0
 2.28526603   3.27927796  0.0
 2.13621084   3.34622050  0.0
 1.98053163   3.41005465  0.0
 1.81829218   3.47066604  0.0
 1.65068534   3.52772798  0.0
 1.48263218   3.58032415  0.0
 1.31464486   3.62822511  0.0
 1.14659540   3.67139372  0.0
 0.97854486   3.70997540  0.0
 0.81055722   3.74409592  0.0
 0.64250728   3.77380554  0.0
 0.47445910   3.79911043  0.0
 0.30647654   3.81989717  0.0
 0.13843381   3.83609657  0.0
-0.02960485   3.84755117  0.0
-0.19757655   3.85402810  0.0
-0.36560800   3.85538268  0.0
-0.53363557   3.85142613  0.0
-0.70159498   3.84191935  0.0
-0.86961215   3.82649730  0.0
-1.03762403   3.80485167  0.0
-1.20556448   3.77656763  0.0
-1.37355710   3.74087156  0.0
-1.53599012   3.69837067  0.0
-1.68958704   3.64959625  0.0
-1.83429164   3.59469917  0.0
-1.97017036   3.53422118  0.0
-2.09722393   3.46861042  0.0
-2.21538970   3.39846011  0.0
-2.32479361   3.32410574  0.0
-2.42524729   3.24610937  0.0
-2.51694003   3.16469982  0.0
-2.59974769   3.08024984  0.0
-2.67373550   2.99308767  0.0
-2.73890554   2.90349146  0.0
-2.79519806   2.81188244  0.0
-2.84267828   2.71861368  0.0
-2.88134847   2.62388744  0.0
-2.91121220   2.52778284  0.0
-2.93220787   2.43078158  0.0
-2.94440384   2.32910239  0.0
-2.94603805   2.27507267  0.0
-2.94717138   2.20641170  0.0
-2.94603954   2.15935849  0.0
-2.94440933   2.13252902  0.0
-2.93220605   2.02956852  0.0
-2.91120768   1.92894612  0.0
-2.88134375   1.83166513  0.0
-2.84266896   1.73529260  0.0
-2.79518228   1.63992928  0.0
-2.73887876   1.54570424  0.0
-2.67369279   1.45232973  0.0
-2.59968788   1.36038368  0.0
-2.51686287   1.27027685  0.0
-2.42515371   1.18243874  0.0
-2.32468552   1.09741218  0.0
-2.21526784   1.01552521  0.0
-2.09708982   0.93727713  0.0
-1.97002596   0.86317963  0.0
-1.83413890   0.79377522  0.0
-1.68943121   0.72968318  0.0
-1.53584315   0.67176808  0.0
-1.37343755   0.62114464  0.0
-1.20548632   0.57956931  0.0
-1.03759196   0.54816311  0.0
-0.86962351   0.52604443  0.0
-0.70164368   0.51235159  0.0
-0.53371597   0.50643066  0.0
-0.36571442   0.50761492  0.0
-0.19770442   0.51536971  0.0
-0.02975009   0.52934911  0.0
 0.13827518   0.54918831  0.0
 0.30630767   0.57450974  0.0
 0.47428521   0.60501159  0.0
 0.64233364   0.64024694  0.0
 0.81038846   0.67992603  0.0
 0.97838516   0.72371481  0.0
 1.14644822   0.77152488  0.0
 1.31451341   0.82320477  0.0
 1.48251672   0.87875425  0.0
 1.65058354   0.93820466  0.0
 1.81820891   1.00148639  0.0
 1.98047582   1.06668933  0.0
 2.13618503   1.13315718  0.0
 2.28527151   1.20081321  0.0
 2.42773172   1.26968683  0.0
 2.56362485   1.34017233  0.0
 2.69288330   1.41272588  0.0
 2.81556413   1.48831188  0.0
 2.93159911   1.56824569  0.0
 3.04104148   1.65457867  0.0
 3.14380686   1.75118064  0.0
 3.23983753   1.86780546  0.0
 3.32929063   2.05077942  0.0
 3.35059984   2.20640556  0.0
;;

