# exterior:
# ---------
 0.75000000   0.67697028  0.0
 0.63994075   0.65098441  0.0
 0.47217352   0.61580802  0.0
 0.30450507   0.58536230  0.0
 0.13681032   0.56009176  0.0
-0.03085154   0.54029547  0.0
-0.19841446   0.52634865  0.0
-0.36600690   0.51861313  0.0
-0.53356087   0.51743202  0.0
-0.70100268   0.52333582  0.0
-0.75000000   0.52732983  0.0
-0.75000000   0.54739617  0.0
-0.69983724   0.54330716  0.0
-0.53327886   0.53743451  0.0
-0.36653867   0.53860988  0.0
-0.19970544   0.54631036  0.0
-0.03285419   0.56019794  0.0
 0.13414694   0.57991622  0.0
 0.30122760   0.60509422  0.0
 0.46833409   0.63543790  0.0
 0.63559005   0.67050709  0.0
 0.75000000   0.69752019  0.0
 0.75000000   0.67697028  0.0
;;

