# exterior:
# ---------
 1.45312500  -0.04190406  0.0
 1.27479898  -0.06849853  0.0
 1.27478114  -0.06850122  0.0
 1.26710777  -0.06967087  0.0
 1.26709915  -0.06967219  0.0
 1.07852253  -0.09871719  0.0
 1.07850011  -0.09872069  0.0
 1.07181477  -0.09977813  0.0
 0.88229567  -0.12872813  0.0
 0.87726113  -0.12946689  0.0
 0.83600000  -0.13545209  0.0
 0.83600000  -0.12029510  0.0
 0.87509559  -0.11462403  0.0
 0.88007424  -0.11389346  0.0
 1.06951050  -0.08495612  0.0
 1.07615666  -0.08390488  0.0
 1.07618668  -0.08390016  0.0
 1.07620909  -0.08389666  0.0
 1.07623912  -0.08389201  0.0
 1.26482728  -0.05484524  0.0
 1.26484743  -0.05484215  0.0
 1.27252080  -0.05367250  0.0
 1.27254470  -0.05366888  0.0
 1.27256254  -0.05366619  0.0
 1.27258644  -0.05366260  0.0
 1.45312500  -0.02673818  0.0
 1.45312500  -0.04190406  0.0
;;

