# exterior:
# ---------
 0.83600000   0.39050816  0.0
 0.88214951   0.38267191  0.0
 0.88712985   0.38175549  0.0
 1.07824875   0.34391778  0.0
 1.08488642   0.34250625  0.0
 1.27438414   0.30048895  0.0
 1.28200715   0.29871480  0.0
 1.45312500   0.25744279  0.0
 1.45312500   0.24201266  0.0
 1.27854850   0.28411886  0.0
 1.27106042   0.28586161  0.0
 1.08170280   0.32784785  0.0
 1.07523200   0.32922389  0.0
 0.88431589   0.36702146  0.0
 0.87953659   0.36790088  0.0
 0.83600000   0.37529345  0.0
 0.83600000   0.39050816  0.0
;;

