# exterior:
# ---------
 2.45312500   0.00000000  0.0
 2.25687500   0.02162282  0.0
 2.25469662   0.02170133  0.0
 2.06062500   0.01828265  0.0
 2.05612695   0.01803145  0.0
 1.86437500   0.00360707  0.0
 1.85806360   0.00301833  0.0
 1.66812500  -0.01824340  0.0
 1.66064787  -0.01916185  0.0
 1.47187500  -0.04479602  0.0
 1.46393473  -0.04595390  0.0
 1.27562500  -0.07403727  0.0
 1.26795163  -0.07520692  0.0
 1.07937500  -0.10425192  0.0
 1.07267503  -0.10531167  0.0
 0.88312500  -0.13426640  0.0
 0.87806960  -0.13500822  0.0
 0.68687500  -0.16274227  0.0
 0.68407647  -0.16311515  0.0
 0.49062500  -0.18845495  0.0
 0.29762098  -0.20966172  0.0
 0.29437500  -0.20998750  0.0
 0.10491918  -0.22483185  0.0
 0.09812500  -0.22521257  0.0
-0.08770412  -0.23126100  0.0
-0.09812500  -0.23137483  0.0
-0.28042947  -0.23020517  0.0
-0.29437500  -0.22990295  0.0
-0.47337070  -0.22357977  0.0
-0.49062500  -0.22270842  0.0
-0.66668872  -0.21118070  0.0
-0.68687500  -0.20954790  0.0
-0.86062690  -0.19244275  0.0
-0.88312500  -0.18980515  0.0
-1.05560520  -0.16564677  0.0
-1.07937500  -0.16167467  0.0
-1.15376160  -0.14798820  0.0
-1.17750000  -0.14313690  0.0
-1.25275010  -0.12551757  0.0
-1.27562500  -0.11931607  0.0
-1.35344205  -0.09418430  0.0
-1.37375000  -0.08632645  0.0
-1.40527560  -0.07145855  0.0
-1.42281250  -0.06082965  0.0
-1.42702010  -0.05781917  0.0
-1.43849680  -0.04852477  0.0
-1.44243750  -0.04490592  0.0
-1.45225000  -0.03456748  0.0
-1.47187500   0.00000000  0.0
-1.46600320   0.06032332  0.0
-1.45785490   0.07437483  0.0
-1.45225000   0.08231118  0.0
-1.44243750   0.09432952  0.0
-1.44034940   0.09664527  0.0
-1.42281250   0.11414685  0.0
-1.39405795   0.13799907  0.0
-1.37375000   0.15290622  0.0
-1.29849990   0.19991987  0.0
-1.27562500   0.21226792  0.0
-1.20123840   0.24783235  0.0
-1.17750000   0.25806875  0.0
-1.10314480   0.28749055  0.0
-1.07937500   0.29616872  0.0
-0.90562310   0.35087930  0.0
-0.88312500   0.35701407  0.0
-0.70706127   0.39873682  0.0
-0.68687500   0.40286592  0.0
-0.50787930   0.43434835  0.0
-0.49062500   0.43687997  0.0
-0.30832052   0.45916220  0.0
-0.29437500   0.46053203  0.0
-0.10854587   0.47393197  0.0
-0.09812500   0.47440690  0.0
 0.09133083   0.47708375  0.0
 0.09812500   0.47696600  0.0
 0.29112903   0.46758525  0.0
 0.29437500   0.46734975  0.0
 0.49062500   0.44825462  0.0
 0.68687500   0.42145472  0.0
 0.68967352   0.42103475  0.0
 0.88312500   0.38818643  0.0
 0.88818040   0.38725620  0.0
 1.07937500   0.34940350  0.0
 1.08607498   0.34797872  0.0
 1.27562500   0.30594983  0.0
 1.28329838   0.30416395  0.0
 1.47187500   0.25868105  0.0
 1.47981527   0.25672640  0.0
 1.66812500   0.20865692  0.0
 1.67560213   0.20671797  0.0
 1.86437500   0.15708242  0.0
 1.87068640   0.15541822  0.0
 2.06062500   0.10501730  0.0
 2.06512305   0.10381232  0.0
 2.25687500   0.05330935  0.0
 2.25905338   0.05270490  0.0
 2.45312500   0.00785000  0.0
 2.45312500   0.00000000  0.0
;;

# interior:
# ---------
 2.45252500   0.00066974  0.0
 2.45252500   0.00737286  0.0
 2.25891826   0.05212031  0.0
 2.25889295   0.05212674  0.0
 2.25671837   0.05273014  0.0
 2.06497024   0.10323211  0.0
 2.06496779   0.10323276  0.0
 2.06047043   0.10443755  0.0
 1.87053297   0.15483817  0.0
 1.86422222   0.15650220  0.0
 1.67545053   0.20613744  0.0
 1.66797549   0.20807585  0.0
 1.47966936   0.25614441  0.0
 1.47173295   0.25809811  0.0
 1.28316003   0.30358011  0.0
 1.27549205   0.30536473  0.0
 1.08594763   0.34739239  0.0
 1.07925433   0.34881574  0.0
 0.88806784   0.38666684  0.0
 0.88302048   0.38759558  0.0
 0.68957877   0.42044225  0.0
 0.68678988   0.42086078  0.0
 0.49055533   0.44765857  0.0
 0.29432423   0.46675186  0.0
 0.29109275   0.46698630  0.0
 0.09810523   0.47636625  0.0
 0.09132986   0.47648368  0.0
-0.09810710   0.47380709  0.0
-0.10851063   0.47333296  0.0
-0.29432409   0.45993414  0.0
-0.30825479   0.45856577  0.0
-0.49054504   0.43628528  0.0
-0.50778376   0.43375594  0.0
-0.68676289   0.40227643  0.0
-0.70693195   0.39815086  0.0
-0.88297686   0.35643256  0.0
-0.90545401   0.35030350  0.0
-1.07918191   0.29560048  0.0
-1.10293150   0.28692969  0.0
-1.17727078   0.25751419  0.0
-1.20099011   0.24728601  0.0
-1.27535293   0.21173295  0.0
-1.29819813   0.19940093  0.0
-1.37341305   0.15240927  0.0
-1.39368857   0.13752592  0.0
-1.42240819   0.11370267  0.0
-1.43991438   0.09623174  0.0
-1.44198204   0.09393866  0.0
-1.45177198   0.08194794  0.0
-1.45734932   0.07405062  0.0
-1.46541867   0.06013527  0.0
-1.47125941   0.00013099  0.0
-1.45176439  -0.03420755  0.0
-1.44201649  -0.04447793  0.0
-1.43810470  -0.04807024  0.0
-1.42665641  -0.05734163  0.0
-1.42248196  -0.06032839  0.0
-1.40499137  -0.07092922  0.0
-1.37351347  -0.08577462  0.0
-1.35324143  -0.09361858  0.0
-1.27545421  -0.11874072  0.0
-1.25260316  -0.12493575  0.0
-1.17737151  -0.14255076  0.0
-1.15364723  -0.14739917  0.0
-1.07927126  -0.16108369  0.0
-1.05551412  -0.16505367  0.0
-0.88304845  -0.18921002  0.0
-0.86056257  -0.19184618  0.0
-0.68682142  -0.20895027  0.0
-0.66664493  -0.21058228  0.0
-0.49059027  -0.22210941  0.0
-0.47334498  -0.22298031  0.0
-0.29435791  -0.22930318  0.0
-0.28042105  -0.22960522  0.0
-0.09812635  -0.23077480  0.0
-0.08771716  -0.23066111  0.0
 0.09809845  -0.22461312  0.0
 0.10487895  -0.22423316  0.0
 0.29432160  -0.20938985  0.0
 0.29755825  -0.20906501  0.0
 0.49055326  -0.18785922  0.0
 0.68399789  -0.16252032  0.0
 0.68679231  -0.16214799  0.0
 0.87798298  -0.13441451  0.0
 0.88303614  -0.13367301  0.0
 1.07258285  -0.10471879  0.0
 1.07928126  -0.10365929  0.0
 1.07928366  -0.10365892  0.0
 1.26786029  -0.07461392  0.0
 1.26786121  -0.07461378  0.0
 1.27553459  -0.07344413  0.0
 1.27553650  -0.07344384  0.0
 1.46384622  -0.04536046  0.0
 1.46384815  -0.04536018  0.0
 1.47178842  -0.04420230  0.0
 1.47179426  -0.04420148  0.0
 1.66056714  -0.01856731  0.0
 1.66057472  -0.01856633  0.0
 1.66805185  -0.01764788  0.0
 1.66805825  -0.01764712  0.0
 1.85799685   0.00361460  0.0
 1.85800787   0.00361573  0.0
 1.86431927   0.00420448  0.0
 1.86432999   0.00420538  0.0
 2.05608194   0.01862976  0.0
 2.05609349   0.01863052  0.0
 2.06059154   0.01888172  0.0
 2.06061443   0.01888256  0.0
 2.25468606   0.02230123  0.0
 2.25471823   0.02230094  0.0
 2.25689661   0.02222244  0.0
 2.25694071   0.02221922  0.0
 2.45252500   0.00066974  0.0
;;

