# exterior:
# ---------
 0.84100000  -0.11451749  0.0
 0.84100000   0.36937287  0.0
 0.87866561   0.36297720  0.0
 0.88337790   0.36211011  0.0
 1.07422642   0.32432593  0.0
 1.08064159   0.32296172  0.0
 1.26995252   0.28098583  0.0
 1.27739562   0.27925355  0.0
 1.45195266   0.23715204  0.0
 1.45244583   0.23705900  0.0
 1.45294583   0.23701587  0.0
 1.45344765   0.23702308  0.0
 1.45394621   0.23708056  0.0
 1.45443649   0.23718773  0.0
 1.45491357   0.23734351  0.0
 1.45509376   0.23742311  0.0
 1.46605092   0.23478035  0.0
 1.47383282   0.23286469  0.0
 1.66199525   0.18483281  0.0
 1.66938680   0.18291605  0.0
 1.85811109   0.13329328  0.0
 1.86439563   0.13163616  0.0
 2.05428752   0.08124763  0.0
 2.05876000   0.08004951  0.0
 2.05877272   0.08004611  0.0
 2.05878341   0.08004326  0.0
 2.05879613   0.08003987  0.0
 2.05882149   0.08003313  0.0
 2.05883422   0.08002976  0.0
 2.05884492   0.08002693  0.0
 2.05885765   0.08002357  0.0
 2.19113267   0.04518543  0.0
 2.06019173   0.04287883  0.0
 2.06016787   0.04287836  0.0
 2.06007246   0.04287622  0.0
 2.06004861   0.04287563  0.0
 2.05997229   0.04287356  0.0
 2.05994844   0.04287285  0.0
 2.05985305   0.04286981  0.0
 2.05982920   0.04286899  0.0
 2.05961558   0.04286114  0.0
 2.05959174   0.04286021  0.0
 2.05949639   0.04285625  0.0
 2.05947255   0.04285521  0.0
 2.05939628   0.04285168  0.0
 2.05937245   0.04285052  0.0
 2.05927714   0.04284565  0.0
 2.05925332   0.04284438  0.0
 2.05475527   0.04259318  0.0
 2.05474323   0.04259249  0.0
 2.05469507   0.04258969  0.0
 2.05468303   0.04258897  0.0
 2.05464452   0.04258663  0.0
 2.05463248   0.04258589  0.0
 2.05458434   0.04258285  0.0
 2.05457231   0.04258207  0.0
 2.05446449   0.04257501  0.0
 2.05445246   0.04257421  0.0
 2.05440434   0.04257094  0.0
 2.05439231   0.04257010  0.0
 2.05435381   0.04256740  0.0
 2.05434178   0.04256653  0.0
 2.05429368   0.04256303  0.0
 2.05428165   0.04256214  0.0
 1.86252970   0.02813777  0.0
 1.86251853   0.02813691  0.0
 1.86247383   0.02813345  0.0
 1.86246266   0.02813257  0.0
 1.86242691   0.02812972  0.0
 1.86241574   0.02812882  0.0
 1.86237106   0.02812516  0.0
 1.86235989   0.02812423  0.0
 1.86225983   0.02811580  0.0
 1.86224866   0.02811484  0.0
 1.86220400   0.02811098  0.0
 1.86219283   0.02811000  0.0
 1.86215711   0.02810683  0.0
 1.86214595   0.02810583  0.0
 1.86210130   0.02810176  0.0
 1.86209014   0.02810074  0.0
 1.85577874   0.02751199  0.0
 1.85576726   0.02751090  0.0
 1.85572131   0.02750651  0.0
 1.85570983   0.02750540  0.0
 1.85567308   0.02750180  0.0
 1.85566160   0.02750066  0.0
 1.85561567   0.02749606  0.0
 1.85560420   0.02749489  0.0
 1.85550135   0.02748434  0.0
 1.85548988   0.02748315  0.0
 1.85544397   0.02747833  0.0
 1.85543250   0.02747711  0.0
 1.85539579   0.02747318  0.0
 1.85538432   0.02747193  0.0
 1.85533844   0.02746690  0.0
 1.85532697   0.02746563  0.0
 1.66538837   0.00620391  0.0
 1.66538169   0.00620316  0.0
 1.66535500   0.00620013  0.0
 1.66534833   0.00619937  0.0
 1.66532697   0.00619692  0.0
 1.66532030   0.00619615  0.0
 1.66529361   0.00619306  0.0
 1.66528694   0.00619228  0.0
 1.66522717   0.00618526  0.0
 1.66522050   0.00618447  0.0
 1.66519382   0.00618131  0.0
 1.66518715   0.00618051  0.0
 1.66516581   0.00617795  0.0
 1.66515915   0.00617714  0.0
 1.66513248   0.00617390  0.0
 1.66512581   0.00617309  0.0
 1.65764868   0.00525464  0.0
 1.65764078   0.00525366  0.0
 1.65760916   0.00524972  0.0
 1.65760125   0.00524873  0.0
 1.65757596   0.00524555  0.0
 1.65756806   0.00524454  0.0
 1.65753645   0.00524051  0.0
 1.65752855   0.00523949  0.0
 1.65745776   0.00523034  0.0
 1.65744986   0.00522931  0.0
 1.65741827   0.00522517  0.0
 1.65741037   0.00522413  0.0
 1.65738510   0.00522078  0.0
 1.65737720   0.00521973  0.0
 1.65734562   0.00521549  0.0
 1.65733773   0.00521443  0.0
 1.46856485  -0.02041975  0.0
 1.46855876  -0.02042058  0.0
 1.46853441  -0.02042392  0.0
 1.46852832  -0.02042475  0.0
 1.46850883  -0.02042745  0.0
 1.46850275  -0.02042829  0.0
 1.46847840  -0.02043169  0.0
 1.46847231  -0.02043255  0.0
 1.46841778  -0.02044022  0.0
 1.46841169  -0.02044108  0.0
 1.46838735  -0.02044454  0.0
 1.46838126  -0.02044541  0.0
 1.46836179  -0.02044820  0.0
 1.46835571  -0.02044908  0.0
 1.46833138  -0.02045259  0.0
 1.46832530  -0.02045348  0.0
 1.46038213  -0.02161178  0.0
 1.46036320  -0.02161455  0.0
 1.46033372  -0.02161889  0.0
 1.46031929  -0.02162103  0.0
 1.46031417  -0.02162179  0.0
 1.45549470  -0.02234054  0.0
 1.45518616  -0.02218278  0.0
 1.45474244  -0.02200701  0.0
 1.45428397  -0.02187435  0.0
 1.45381494  -0.02178601  0.0
 1.45333963  -0.02174278  0.0
 1.45286236  -0.02174508  0.0
 1.45238749  -0.02179287  0.0
 1.27184495  -0.04871789  0.0
 1.27181706  -0.04872208  0.0
 1.27179524  -0.04872537  0.0
 1.27176736  -0.04872960  0.0
 1.26409124  -0.04989967  0.0
 1.26407109  -0.04990275  0.0
 1.26406614  -0.04990351  0.0
 1.07547798  -0.07895028  0.0
 1.07547298  -0.07895105  0.0
 1.07544295  -0.07895571  0.0
 1.07543795  -0.07895649  0.0
 1.07541553  -0.07895999  0.0
 1.07541053  -0.07896077  0.0
 1.07538051  -0.07896549  0.0
 1.07537551  -0.07896627  0.0
 1.06874241  -0.08001545  0.0
 0.87933376  -0.10894858  0.0
 0.87437374  -0.10967641  0.0
 0.84100000  -0.11451749  0.0
;;

# interior:
# ---------
 0.84600000  -0.10873988  0.0
 0.87365190  -0.10472878  0.0
 0.87859329  -0.10400369  0.0
 1.06797432  -0.07507478  0.0
 1.07459686  -0.07402728  0.0
 1.07460437  -0.07402609  0.0
 1.07463688  -0.07402099  0.0
 1.07464439  -0.07401981  0.0
 1.07466931  -0.07401592  0.0
 1.07467681  -0.07401475  0.0
 1.07470934  -0.07400971  0.0
 1.07471685  -0.07400855  0.0
 1.26330748  -0.04496140  0.0
 1.26331490  -0.04496026  0.0
 1.26333779  -0.04495676  0.0
 1.27101761  -0.04378613  0.0
 1.27104939  -0.04378131  0.0
 1.27107528  -0.04377741  0.0
 1.27110743  -0.04377258  0.0
 1.45164997  -0.01684756  0.0
 1.45188684  -0.01681799  0.0
 1.45236172  -0.01677021  0.0
 1.45283833  -0.01674514  0.0
 1.45331560  -0.01674284  0.0
 1.45379243  -0.01676333  0.0
 1.45426775  -0.01680655  0.0
 1.45474045  -0.01687241  0.0
 1.45520948  -0.01696075  0.0
 1.45567376  -0.01707138  0.0
 1.45610057  -0.01719489  0.0
 1.45957922  -0.01667610  0.0
 1.45958690  -0.01667496  0.0
 1.45960463  -0.01667234  0.0
 1.45963828  -0.01666738  0.0
 1.45966064  -0.01666410  0.0
 1.46760685  -0.01550536  0.0
 1.46761598  -0.01550404  0.0
 1.46764335  -0.01550008  0.0
 1.46765248  -0.01549877  0.0
 1.46767499  -0.01549554  0.0
 1.46768412  -0.01549424  0.0
 1.46771150  -0.01549035  0.0
 1.46772063  -0.01548906  0.0
 1.46777821  -0.01548096  0.0
 1.46778734  -0.01547968  0.0
 1.46781473  -0.01547586  0.0
 1.46782386  -0.01547459  0.0
 1.46784639  -0.01547148  0.0
 1.46785552  -0.01547022  0.0
 1.46788292  -0.01546646  0.0
 1.46789206  -0.01546522  0.0
 1.65666888   0.01016949  0.0
 1.65668072   0.01017109  0.0
 1.65671625   0.01017585  0.0
 1.65672810   0.01017743  0.0
 1.65675732   0.01018130  0.0
 1.65676916   0.01018286  0.0
 1.65680471   0.01018751  0.0
 1.65681656   0.01018905  0.0
 1.65689130   0.01019872  0.0
 1.65690315   0.01020024  0.0
 1.65693871   0.01020478  0.0
 1.65695056   0.01020628  0.0
 1.65697980   0.01020996  0.0
 1.65699166   0.01021145  0.0
 1.65702723   0.01021587  0.0
 1.65703909   0.01021734  0.0
 1.66451955   0.01113620  0.0
 1.66452955   0.01113742  0.0
 1.66455956   0.01114106  0.0
 1.66456956   0.01114227  0.0
 1.66459423   0.01114523  0.0
 1.66460424   0.01114642  0.0
 1.66463425   0.01114999  0.0
 1.66464426   0.01115117  0.0
 1.66470736   0.01115857  0.0
 1.66471737   0.01115974  0.0
 1.66474739   0.01116322  0.0
 1.66475740   0.01116438  0.0
 1.66478209   0.01116720  0.0
 1.66479210   0.01116834  0.0
 1.66482213   0.01117175  0.0
 1.66483214   0.01117287  0.0
 1.85477074   0.03243460  0.0
 1.85477648   0.03243524  0.0
 1.85478794   0.03243651  0.0
 1.85479368   0.03243714  0.0
 1.85483956   0.03244217  0.0
 1.85484529   0.03244279  0.0
 1.85485676   0.03244404  0.0
 1.85486250   0.03244465  0.0
 1.85489921   0.03244859  0.0
 1.85490495   0.03244920  0.0
 1.85491642   0.03245042  0.0
 1.85492216   0.03245103  0.0
 1.85496806   0.03245584  0.0
 1.85497380   0.03245644  0.0
 1.85498528   0.03245763  0.0
 1.85499102   0.03245823  0.0
 1.85509386   0.03246878  0.0
 1.85509960   0.03246936  0.0
 1.85511108   0.03247053  0.0
 1.85511682   0.03247111  0.0
 1.85516274   0.03247571  0.0
 1.85516848   0.03247628  0.0
 1.85517996   0.03247742  0.0
 1.85518571   0.03247799  0.0
 1.85522245   0.03248159  0.0
 1.85522820   0.03248215  0.0
 1.85523968   0.03248326  0.0
 1.85524542   0.03248381  0.0
 1.85529137   0.03248820  0.0
 1.85529711   0.03248875  0.0
 1.85530860   0.03248983  0.0
 1.85531434   0.03249037  0.0
 1.86162574   0.03307912  0.0
 1.86163132   0.03307964  0.0
 1.86164248   0.03308067  0.0
 1.86164806   0.03308118  0.0
 1.86169271   0.03308524  0.0
 1.86169829   0.03308575  0.0
 1.86170945   0.03308675  0.0
 1.86171503   0.03308725  0.0
 1.86175075   0.03309042  0.0
 1.86175634   0.03309091  0.0
 1.86176750   0.03309189  0.0
 1.86177308   0.03309238  0.0
 1.86181775   0.03309624  0.0
 1.86182333   0.03309672  0.0
 1.86183449   0.03309767  0.0
 1.86184008   0.03309815  0.0
 1.86194014   0.03310658  0.0
 1.86194572   0.03310704  0.0
 1.86195689   0.03310797  0.0
 1.86196248   0.03310843  0.0
 1.86200716   0.03311210  0.0
 1.86201274   0.03311255  0.0
 1.86202391   0.03311346  0.0
 1.86202950   0.03311390  0.0
 1.86206525   0.03311675  0.0
 1.86207083   0.03311720  0.0
 1.86208201   0.03311808  0.0
 1.86208759   0.03311851  0.0
 1.86213229   0.03312197  0.0
 1.86213788   0.03312240  0.0
 1.86214905   0.03312326  0.0
 1.86215464   0.03312368  0.0
 2.05390659   0.04754806  0.0
 2.05391260   0.04754850  0.0
 2.05392463   0.04754939  0.0
 2.05393064   0.04754984  0.0
 2.05397875   0.04755334  0.0
 2.05398476   0.04755377  0.0
 2.05399679   0.04755463  0.0
 2.05400281   0.04755506  0.0
 2.05404130   0.04755777  0.0
 2.05404731   0.04755819  0.0
 2.05405934   0.04755902  0.0
 2.05406536   0.04755943  0.0
 2.05411348   0.04756270  0.0
 2.05411950   0.04756311  0.0
 2.05413153   0.04756391  0.0
 2.05413755   0.04756431  0.0
 2.05424536   0.04757137  0.0
 2.05425138   0.04757176  0.0
 2.05426341   0.04757254  0.0
 2.05426943   0.04757292  0.0
 2.05431757   0.04757596  0.0
 2.05432359   0.04757634  0.0
 2.05433562   0.04757708  0.0
 2.05434164   0.04757745  0.0
 2.05438016   0.04757979  0.0
 2.05438618   0.04758015  0.0
 2.05439822   0.04758087  0.0
 2.05440424   0.04758122  0.0
 2.05445239   0.04758403  0.0
 2.05445841   0.04758437  0.0
 2.05447045   0.04758506  0.0
 2.05447647   0.04758540  0.0
 2.05897452   0.04783660  0.0
 2.05898643   0.04783725  0.0
 2.05901025   0.04783852  0.0
 2.05902217   0.04783915  0.0
 2.05911748   0.04784401  0.0
 2.05912940   0.04784461  0.0
 2.05915323   0.04784577  0.0
 2.05916514   0.04784633  0.0
 2.05924141   0.04784986  0.0
 2.05925333   0.04785040  0.0
 2.05927716   0.04785145  0.0
 2.05928908   0.04785195  0.0
 2.05938444   0.04785591  0.0
 2.05939636   0.04785639  0.0
 2.05942020   0.04785732  0.0
 2.05943212   0.04785778  0.0
 2.05964574   0.04786562  0.0
 2.05965766   0.04786604  0.0
 2.05968151   0.04786686  0.0
 2.05969343   0.04786726  0.0
 2.05978882   0.04787030  0.0
 2.05980074   0.04787067  0.0
 2.05982459   0.04787137  0.0
 2.05983652   0.04787171  0.0
 2.05991284   0.04787379  0.0
 2.05992476   0.04787410  0.0
 2.05994861   0.04787469  0.0
 2.05996054   0.04787497  0.0
 2.06005595   0.04787710  0.0
 2.06006788   0.04787736  0.0
 2.06009173   0.04787783  0.0
 2.06010366   0.04787806  0.0
 2.15493491   0.04954856  0.0
 2.05758190   0.07518906  0.0
 2.05756667   0.07519308  0.0
 2.05755338   0.07519660  0.0
 2.05753798   0.07520068  0.0
 2.05751020   0.07520806  0.0
 2.05749498   0.07521211  0.0
 2.05748170   0.07521566  0.0
 2.05746618   0.07521980  0.0
 2.05299941   0.07641640  0.0
 1.86311702   0.12680241  0.0
 1.85683793   0.12845809  0.0
 1.66812352   0.17807826  0.0
 1.66074937   0.17999051  0.0
 1.47261687   0.22801475  0.0
 1.46486716   0.22992249  0.0
 1.45523817   0.23224491  0.0
 1.45501390   0.23219589  0.0
 1.45451885   0.23211346  0.0
 1.45402029   0.23205598  0.0
 1.45351948   0.23202360  0.0
 1.45301767   0.23201639  0.0
 1.45251612   0.23203437  0.0
 1.45201612   0.23207750  0.0
 1.45151891   0.23214567  0.0
 1.45102574   0.23223871  0.0
 1.45078033   0.23229142  0.0
 1.27624274   0.27438824  0.0
 1.26884461   0.27611005  0.0
 1.07958039   0.31807558  0.0
 1.07322083   0.31942797  0.0
 0.88243991   0.35719877  0.0
 0.87779464   0.35805353  0.0
 0.84600000   0.36345230  0.0
 0.84600000  -0.10873988  0.0
;;

