# exterior:
# ---------
-0.75000000   0.38280632  0.0
-0.70585422   0.39326778  0.0
-0.68582865   0.39736400  0.0
-0.50698761   0.42881922  0.0
-0.48987871   0.43132952  0.0
-0.30770702   0.45359551  0.0
-0.29389982   0.45495175  0.0
-0.10821696   0.46834115  0.0
-0.09795793   0.46880870  0.0
 0.09132186   0.47148306  0.0
 0.09794050   0.47136836  0.0
 0.29079043   0.46199510  0.0
 0.29390116   0.46176941  0.0
 0.48997475   0.44269145  0.0
 0.68608057   0.41591124  0.0
 0.68878917   0.41550476  0.0
 0.75000000   0.40511107  0.0
 0.75000000   0.38786774  0.0
 0.68610450   0.39871728  0.0
 0.68366891   0.39908279  0.0
 0.48800076   0.42580324  0.0
 0.29246271   0.44482909  0.0
 0.28976257   0.44502499  0.0
 0.09738043   0.45437551  0.0
 0.09129465   0.45448098  0.0
-0.09745073   0.45181417  0.0
-0.10721847   0.45136901  0.0
-0.29245731   0.43801163  0.0
-0.30584459   0.43669664  0.0
-0.48761320   0.41447991  0.0
-0.50428071   0.41203438  0.0
-0.68265223   0.38066174  0.0
-0.70218993   0.37666530  0.0
-0.75000000   0.36533550  0.0
-0.75000000   0.38280632  0.0
;;

