# exterior:
# ---------
 2.42392577   0.00885106  0.0
 2.25748830   0.02718914  0.0
 2.25707667   0.02721919  0.0
 2.25489830   0.02729769  0.0
 2.25459799   0.02730046  0.0
 2.06052637   0.02388178  0.0
 2.06031275   0.02387394  0.0
 2.05581470   0.02362274  0.0
 2.05570688   0.02361567  0.0
 1.86395493   0.00919130  0.0
 1.86385487   0.00918287  0.0
 1.85754347   0.00859412  0.0
 1.85744063   0.00858357  0.0
 1.66750203  -0.01267816  0.0
 1.66744226  -0.01268518  0.0
 1.65996513  -0.01360363  0.0
 1.65989435  -0.01361278  0.0
 1.47112147  -0.03924695  0.0
 1.47106694  -0.03925463  0.0
 1.46312666  -0.04041251  0.0
 1.46310871  -0.04041515  0.0
 1.45312500  -0.04190406  0.0
 1.45312500  -0.03785983  0.0
 1.46251870  -0.03645891  0.0
 1.46252511  -0.03645796  0.0
 1.46254306  -0.03645531  0.0
 1.46254947  -0.03645437  0.0
 1.47048975  -0.03529649  0.0
 1.47050922  -0.03529370  0.0
 1.47056375  -0.03528603  0.0
 1.47058324  -0.03528333  0.0
 1.65935611  -0.00964916  0.0
 1.65938138  -0.00964581  0.0
 1.65945217  -0.00963665  0.0
 1.65947746  -0.00963346  0.0
 1.66695458  -0.00871501  0.0
 1.66697592  -0.00871245  0.0
 1.66703569  -0.00870544  0.0
 1.66705705  -0.00870299  0.0
 1.85699565   0.01255874  0.0
 1.85703236   0.01256268  0.0
 1.85713520   0.01257323  0.0
 1.85717195   0.01257683  0.0
 1.86348335   0.01316558  0.0
 1.86351907   0.01316875  0.0
 1.86361913   0.01317718  0.0
 1.86365488   0.01318003  0.0
 2.05540683   0.02760440  0.0
 2.05544533   0.02760711  0.0
 2.05555314   0.02761418  0.0
 2.05559166   0.02761651  0.0
 2.06008971   0.02786771  0.0
 2.06016598   0.02787124  0.0
 2.06037960   0.02787909  0.0
 2.06045592   0.02788116  0.0
 2.25452754   0.03129984  0.0
 2.25463481   0.03130029  0.0
 2.25493511   0.03129752  0.0
 2.25504235   0.03129510  0.0
 2.25722072   0.03121660  0.0
 2.25736793   0.03120857  0.0
 2.25777955   0.03117852  0.0
 2.25792637   0.03116508  0.0
 2.35670826   0.02028129  0.0
 2.25689156   0.04335148  0.0
 2.25680695   0.04337200  0.0
 2.25657071   0.04343205  0.0
 2.25648657   0.04345441  0.0
 2.25436897   0.04404200  0.0
 2.06267802   0.09452891  0.0
 2.06266987   0.09453106  0.0
 2.06264706   0.09453712  0.0
 2.06263891   0.09453930  0.0
 2.05815184   0.09574133  0.0
 1.86823146   0.14613742  0.0
 1.86193055   0.14779886  0.0
 1.67317663   0.19742942  0.0
 1.66573290   0.19935971  0.0
 1.47748066   0.24741451  0.0
 1.46960219   0.24935395  0.0
 1.45312500   0.25332809  0.0
 1.45312500   0.25744279  0.0
 1.47054919   0.25324024  0.0
 1.47845341   0.25129447  0.0
 1.66672961   0.20323355  0.0
 1.67418725   0.20129965  0.0
 1.86294907   0.15166701  0.0
 1.86925435   0.15000442  0.0
 2.05918232   0.09960632  0.0
 2.06367397   0.09840306  0.0
 2.06369678   0.09839700  0.0
 2.25541315   0.04790339  0.0
 2.25755607   0.04730878  0.0
 2.25779232   0.04724874  0.0
 2.42392577   0.00885106  0.0
;;

