# exterior:
# ---------
 2.35670826   0.02028129  0.0
 2.25792637   0.03116508  0.0
 2.25777955   0.03117852  0.0
 2.25736793   0.03120857  0.0
 2.25722072   0.03121660  0.0
 2.25504235   0.03129510  0.0
 2.25493511   0.03129752  0.0
 2.25463481   0.03130029  0.0
 2.25452754   0.03129984  0.0
 2.06045592   0.02788116  0.0
 2.06037960   0.02787909  0.0
 2.06016598   0.02787124  0.0
 2.06008971   0.02786771  0.0
 2.05559166   0.02761651  0.0
 2.05555314   0.02761418  0.0
 2.05544533   0.02760711  0.0
 2.05540683   0.02760440  0.0
 1.86365488   0.01318003  0.0
 1.86361913   0.01317718  0.0
 1.86351907   0.01316875  0.0
 1.86348335   0.01316558  0.0
 1.85717195   0.01257683  0.0
 1.85713520   0.01257323  0.0
 1.85703236   0.01256268  0.0
 1.85699565   0.01255874  0.0
 1.66705705  -0.00870299  0.0
 1.66703569  -0.00870544  0.0
 1.66697592  -0.00871245  0.0
 1.66695458  -0.00871501  0.0
 1.65947746  -0.00963346  0.0
 1.65945217  -0.00963665  0.0
 1.65938138  -0.00964581  0.0
 1.65935611  -0.00964916  0.0
 1.47058324  -0.03528333  0.0
 1.47056375  -0.03528603  0.0
 1.47050922  -0.03529370  0.0
 1.47048975  -0.03529649  0.0
 1.46254947  -0.03645437  0.0
 1.46254306  -0.03645531  0.0
 1.46252511  -0.03645796  0.0
 1.46251870  -0.03645891  0.0
 1.45312500  -0.03785983  0.0
 1.45312500  -0.02774924  0.0
 1.46105169  -0.02656710  0.0
 1.46106611  -0.02656496  0.0
 1.46109208  -0.02656114  0.0
 1.46110651  -0.02655903  0.0
 1.46904678  -0.02540115  0.0
 1.46907111  -0.02539763  0.0
 1.46909058  -0.02539484  0.0
 1.46911492  -0.02539138  0.0
 1.46916946  -0.02538371  0.0
 1.46919381  -0.02538031  0.0
 1.46921329  -0.02537761  0.0
 1.46923765  -0.02537427  0.0
 1.65801052   0.00025990  0.0
 1.65804210   0.00026414  0.0
 1.65806737   0.00026749  0.0
 1.65809897   0.00027162  0.0
 1.65816976   0.00028078  0.0
 1.65820136   0.00028481  0.0
 1.65822666   0.00028800  0.0
 1.65825828   0.00029194  0.0
 1.66573540   0.00121039  0.0
 1.66576207   0.00121363  0.0
 1.66578341   0.00121619  0.0
 1.66581009   0.00121936  0.0
 1.66586986   0.00122637  0.0
 1.66589655   0.00122947  0.0
 1.66591790   0.00123192  0.0
 1.66594459   0.00123494  0.0
 1.85588319   0.02249667  0.0
 1.85592907   0.02250170  0.0
 1.85596579   0.02250563  0.0
 1.85601169   0.02251045  0.0
 1.85611453   0.02252100  0.0
 1.85616045   0.02252561  0.0
 1.85619720   0.02252921  0.0
 1.85624315   0.02253360  0.0
 1.86255455   0.02312235  0.0
 1.86259919   0.02312641  0.0
 1.86263491   0.02312958  0.0
 1.86267958   0.02313345  0.0
 1.86277964   0.02314188  0.0
 1.86282432   0.02314554  0.0
 1.86286007   0.02314839  0.0
 1.86290476   0.02315185  0.0
 2.05465671   0.03757623  0.0
 2.05470482   0.03757973  0.0
 2.05474331   0.03758244  0.0
 2.05479144   0.03758571  0.0
 2.05489925   0.03759278  0.0
 2.05494739   0.03759581  0.0
 2.05498591   0.03759815  0.0
 2.05503406   0.03760096  0.0
 2.05953211   0.03785216  0.0
 2.05962743   0.03785702  0.0
 2.05970369   0.03786055  0.0
 2.05979905   0.03786451  0.0
 2.06001267   0.03787235  0.0
 2.06010806   0.03787540  0.0
 2.06018438   0.03787747  0.0
 2.06027979   0.03787961  0.0
 2.22733043   0.04082230  0.0
 2.06013110   0.08485868  0.0
 2.06012092   0.08486137  0.0
 2.06011277   0.08486353  0.0
 2.06010259   0.08486623  0.0
 2.06007978   0.08487229  0.0
 2.06006959   0.08487500  0.0
 2.06006145   0.08487717  0.0
 2.06005127   0.08487989  0.0
 2.05557562   0.08607886  0.0
 1.86567424   0.13646991  0.0
 1.85938424   0.13812847  0.0
 1.67065008   0.18775384  0.0
 1.66324113   0.18967511  0.0
 1.47504876   0.23771463  0.0
 1.46723467   0.23963822  0.0
 1.45312500   0.24304134  0.0
 1.45312500   0.25332809  0.0
 1.46960219   0.24935395  0.0
 1.47748066   0.24741451  0.0
 1.66573290   0.19935971  0.0
 1.67317663   0.19742942  0.0
 1.86193055   0.14779886  0.0
 1.86823146   0.14613742  0.0
 2.05815184   0.09574133  0.0
 2.06263891   0.09453930  0.0
 2.06264706   0.09453712  0.0
 2.06266987   0.09453106  0.0
 2.06267802   0.09452891  0.0
 2.25436897   0.04404200  0.0
 2.25648657   0.04345441  0.0
 2.25657071   0.04343205  0.0
 2.25680695   0.04337200  0.0
 2.25689156   0.04335148  0.0
 2.35670826   0.02028129  0.0
;;

