# exterior:
# ---------
 2.45158711   0.64641928  0.0
 2.54196689   0.62184696  0.0
 2.74157407   0.56655442  0.0
 2.93834285   0.51126000  0.0
 3.12725198   0.45773200  0.0
 3.30830233   0.40590278  0.0
 3.48157242   0.35614566  0.0
 3.64698628   0.30877544  0.0
 3.66502400   0.30362646  0.0
 3.66502400   0.24122979  0.0
 3.63046784   0.25109407  0.0
 3.46501182   0.29847638  0.0
 3.29176558   0.34822665  0.0
 3.11081690   0.40002676  0.0
 2.92204822   0.45351496  0.0
 2.72544939   0.50876163  0.0
 2.52608753   0.56398621  0.0
 2.45158711   0.58424127  0.0
 2.45158711   0.64641928  0.0
;;

