# exterior:
# ---------
 0.83600000   1.02875166  0.0
 0.94488939   1.00846049  0.0
 1.14451425   0.96796666  0.0
 1.34415037   0.92470094  0.0
 1.54371840   0.87896348  0.0
 1.74336895   0.83091859  0.0
 1.94302727   0.78094038  0.0
 2.14261723   0.72926859  0.0
 2.34228936   0.67613499  0.0
 2.36558711   0.66980083  0.0
 2.36558711   0.60762282  0.0
 2.32670394   0.61819432  0.0
 2.12738360   0.67123431  0.0
 1.92822342   0.72279483  0.0
 1.72906488   0.77264794  0.0
 1.52999731   0.82055254  0.0
 1.33109401   0.86613766  0.0
 1.13219551   0.90924352  0.0
 0.93342885   0.94956326  0.0
 0.83600000   0.96771880  0.0
 0.83600000   1.02875166  0.0
;;

