# exterior:
# ---------
 0.75000000  -1.14789193  0.0
 0.64643904  -1.18886976  0.0
 0.44680896  -1.26327053  0.0
 0.24710400  -1.33150867  0.0
 0.04739904  -1.39204915  0.0
-0.15223104  -1.44218880  0.0
-0.35193600  -1.47962131  0.0
-0.55164096  -1.50172589  0.0
-0.75000000  -1.50585527  0.0
-0.75000000  -1.50525514  0.0
-0.55168029  -1.50112658  0.0
-0.35202440  -1.47902743  0.0
-0.15235951  -1.44160243  0.0
 0.04723883  -1.39147075  0.0
 0.24691991  -1.33093752  0.0
 0.44660715  -1.26270543  0.0
 0.64622387  -1.18830964  0.0
 0.75000000  -1.14724666  0.0
 0.75000000  -1.14789193  0.0
;;

