# exterior:
# ---------
 2.45158711   0.65222256  0.0
 2.54344896   0.62724730  0.0
 2.74307904   0.57194842  0.0
 2.93986368   0.51664954  0.0
 3.12878592   0.46311782  0.0
 3.30984576   0.41128589  0.0
 3.48311808   0.36152813  0.0
 3.64852800   0.31415904  0.0
 3.66502400   0.30945015  0.0
 3.66502400   0.30882619  0.0
 3.64836282   0.31358223  0.0
 3.48295247   0.36095144  0.0
 3.30968039   0.41070913  0.0
 3.12862157   0.46254077  0.0
 2.93970073   0.51607209  0.0
 2.74291779   0.57137049  0.0
 2.54329017   0.62666869  0.0
 2.45158711   0.65160078  0.0
 2.45158711   0.65222256  0.0
;;

