# exterior:
# ---------
 4.16761267   0.03335807  0.0
 4.16578979   0.03332998  0.0
 4.16575498   0.03332843  0.0
 4.02775114   0.02316721  0.0
 4.02772222   0.02316438  0.0
 3.88185598   0.00529052  0.0
 3.88182903   0.00528660  0.0
 3.84865423  -0.00031691  0.0
 3.84865423   0.00475392  0.0
 3.88099628   0.01021676  0.0
 3.88110841   0.01023439  0.0
 3.88113536   0.01023832  0.0
 3.88124785   0.01025340  0.0
 4.02711409   0.02812726  0.0
 4.02723444   0.02814053  0.0
 4.02726335   0.02814336  0.0
 4.02738399   0.02815371  0.0
 4.16538783   0.03831493  0.0
 4.16553279   0.03832349  0.0
 4.16556760   0.03832504  0.0
 4.16571275   0.03832938  0.0
 4.16761267   0.03835866  0.0
 4.16761267   0.03335807  0.0
;;

