# exterior:
# ---------
 3.66502400  -0.03486169  0.0
 3.56675904  -0.05599526  0.0
 3.39745536  -0.09966528  0.0
 3.22028928  -0.15203635  0.0
 3.03526080  -0.21295872  0.0
 2.84244480  -0.28173600  0.0
 2.64326400  -0.35714016  0.0
 2.45158711  -0.43283348  0.0
 2.45158711  -0.43218839  0.0
 2.64304362  -0.35658210  0.0
 2.64305157  -0.35657902  0.0
 2.84223237  -0.28117486  0.0
 2.84224322  -0.28117088  0.0
 3.03505922  -0.21239360  0.0
 3.03507315  -0.21238882  0.0
 3.22010163  -0.15146645  0.0
 3.22011919  -0.15146096  0.0
 3.39728527  -0.09908989  0.0
 3.39730550  -0.09908430  0.0
 3.56660918  -0.05541428  0.0
 3.56663288  -0.05540868  0.0
 3.66502400  -0.03424797  0.0
 3.66502400  -0.03486169  0.0
;;

