# exterior:
# ---------
 4.66502400  -0.02179757  0.0
 4.63956480  -0.01463155  0.0
 4.53286080   0.01085760  0.0
 4.41836928   0.02757082  0.0
 4.29601536   0.03473683  0.0
 4.16761267   0.03275800  0.0
 4.16761267   0.03335807  0.0
 4.29600611   0.03533676  0.0
 4.29605044   0.03533581  0.0
 4.41840436   0.02816979  0.0
 4.41845595   0.02816452  0.0
 4.53294747   0.01145131  0.0
 4.53300020   0.01144118  0.0
 4.63970420  -0.01404797  0.0
 4.63972737  -0.01405399  0.0
 4.66442400  -0.02100537  0.0
 4.66502400  -0.02179757  0.0
;;

