# exterior:
# ---------
 2.45158711   0.65160078  0.0
 2.54329017   0.62666869  0.0
 2.74291779   0.57137049  0.0
 2.93970073   0.51607209  0.0
 3.12862157   0.46254077  0.0
 3.30968039   0.41070913  0.0
 3.48295247   0.36095144  0.0
 3.64836282   0.31358223  0.0
 3.66502400   0.30882619  0.0
 3.66502400   0.30362646  0.0
 3.64698628   0.30877544  0.0
 3.48157242   0.35614566  0.0
 3.30830233   0.40590278  0.0
 3.12725198   0.45773200  0.0
 2.93834285   0.51126000  0.0
 2.74157407   0.56655442  0.0
 2.54196689   0.62184696  0.0
 2.45158711   0.64641928  0.0
 2.45158711   0.65160078  0.0
;;

