# exterior:
# ---------
 2.36558711  -0.46718498  0.0
 2.24370220  -0.51694018  0.0
 2.24369790  -0.51694196  0.0
 2.04399294  -0.60027591  0.0
 2.04398968  -0.60027728  0.0
 1.84428472  -0.68499651  0.0
 1.84428230  -0.68499754  0.0
 1.64465222  -0.77072017  0.0
 1.64465121  -0.77072060  0.0
 1.44494671  -0.85690729  0.0
 1.24524387  -0.94270388  0.0
 1.04561795  -1.02703946  0.0
 0.84591936  -1.10929252  0.0
 0.83600000  -1.11321749  0.0
 0.83600000  -1.10784030  0.0
 0.84404732  -1.10465607  0.0
 1.04369289  -1.02242485  0.0
 1.24328410  -0.93810393  0.0
 1.44296926  -0.85231493  0.0
 1.64267418  -0.76612807  0.0
 1.64267938  -0.76612583  0.0
 1.84230946  -0.68040321  0.0
 1.84231954  -0.68039889  0.0
 1.84232196  -0.68039786  0.0
 1.84233205  -0.68039357  0.0
 2.04203701  -0.59567434  0.0
 2.04205058  -0.59566860  0.0
 2.04205384  -0.59566723  0.0
 2.04206743  -0.59566154  0.0
 2.24177239  -0.51232759  0.0
 2.24179029  -0.51232016  0.0
 2.24179458  -0.51231838  0.0
 2.24181251  -0.51231103  0.0
 2.36558711  -0.46178443  0.0
 2.36558711  -0.46718498  0.0
;;

