# exterior:
# ---------
 4.66442400  -0.02100537  0.0
 4.63972737  -0.01405399  0.0
 4.63970420  -0.01404797  0.0
 4.53300020   0.01144118  0.0
 4.53294747   0.01145131  0.0
 4.41845595   0.02816452  0.0
 4.41840436   0.02816979  0.0
 4.29605044   0.03533581  0.0
 4.29600611   0.03533676  0.0
 4.16761267   0.03335807  0.0
 4.16761267   0.03835866  0.0
 4.29592907   0.04033617  0.0
 4.29611383   0.04033560  0.0
 4.29615816   0.04033465  0.0
 4.29634278   0.04032725  0.0
 4.41869670   0.03316124  0.0
 4.41891212   0.03314394  0.0
 4.41896371   0.03313867  0.0
 4.41917818   0.03311209  0.0
 4.53366970   0.01639887  0.0
 4.53389038   0.01636159  0.0
 4.53394312   0.01635147  0.0
 4.53416191   0.01630435  0.0
 4.64086591  -0.00918480  0.0
 4.64096266  -0.00920893  0.0
 4.64098582  -0.00921496  0.0
 4.64108208  -0.00924102  0.0
 4.65942400  -0.01440373  0.0
 4.65942400  -0.01440373  0.0
 4.66442400  -0.02100537  0.0
;;

