# exterior:
# ---------
 0.75000000  -1.14724666  0.0
 0.64622387  -1.18830964  0.0
 0.44660715  -1.26270543  0.0
 0.24691991  -1.33093752  0.0
 0.04723883  -1.39147075  0.0
-0.15235951  -1.44160243  0.0
-0.35202440  -1.47902743  0.0
-0.55168029  -1.50112658  0.0
-0.75000000  -1.50525514  0.0
-0.75000000  -1.50025405  0.0
-0.55200801  -1.49613232  0.0
-0.35276105  -1.47407843  0.0
-0.15343006  -1.43671602  0.0
 0.04590378  -1.38665077  0.0
 0.24538581  -1.32617788  0.0
 0.44492542  -1.25799623  0.0
 0.64443079  -1.18364194  0.0
 0.75000000  -1.14186947  0.0
 0.75000000  -1.14724666  0.0
;;

