# exterior:
# ---------
 0.83600000   1.03444806  0.0
 0.94595904   1.01395757  0.0
 1.14566400   0.97344749  0.0
 1.34536896   0.93016685  0.0
 1.54499904   0.88441517  0.0
 1.74470400   0.83635718  0.0
 1.94440896   0.78636730  0.0
 2.14403904   0.73468512  0.0
 2.34374400   0.68154278  0.0
 2.36558711   0.67560411  0.0
 2.36558711   0.67498233  0.0
 2.34358815   0.68096338  0.0
 2.14388670   0.73410478  0.0
 1.94426092   0.78578584  0.0
 1.74456096   0.83577448  0.0
 1.54486183   0.88383106  0.0
 1.34523840   0.92958122  0.0
 1.14554081   0.97286026  0.0
 0.94584443   1.01336860  0.0
 0.83600000   1.03383773  0.0
 0.83600000   1.03444806  0.0
;;

