# exterior:
# ---------
 2.36558711  -0.46783305  0.0
 2.24392896  -0.51749568  0.0
 2.04422400  -0.60082963  0.0
 1.84451904  -0.68554886  0.0
 1.64488896  -0.77127149  0.0
 1.44518400  -0.85745837  0.0
 1.24547904  -0.94325587  0.0
 1.04584896  -1.02759322  0.0
 0.84614400  -1.10984890  0.0
 0.83600000  -1.11386276  0.0
 0.83600000  -1.11321749  0.0
 0.84591936  -1.10929252  0.0
 1.04561795  -1.02703946  0.0
 1.24524387  -0.94270388  0.0
 1.44494671  -0.85690729  0.0
 1.64465121  -0.77072060  0.0
 1.64465222  -0.77072017  0.0
 1.84428230  -0.68499754  0.0
 1.84428472  -0.68499651  0.0
 2.04398968  -0.60027728  0.0
 2.04399294  -0.60027591  0.0
 2.24369790  -0.51694196  0.0
 2.24370220  -0.51694018  0.0
 2.36558711  -0.46718498  0.0
 2.36558711  -0.46783305  0.0
;;

