# exterior:
# ---------
 3.66502400  -0.03424797  0.0
 3.56663288  -0.05540868  0.0
 3.56660918  -0.05541428  0.0
 3.39730550  -0.09908430  0.0
 3.39728527  -0.09908989  0.0
 3.22011919  -0.15146096  0.0
 3.22010163  -0.15146645  0.0
 3.03507315  -0.21238882  0.0
 3.03505922  -0.21239360  0.0
 2.84224322  -0.28117088  0.0
 2.84223237  -0.28117486  0.0
 2.64305157  -0.35657902  0.0
 2.64304362  -0.35658210  0.0
 2.45158711  -0.43218839  0.0
 2.45158711  -0.42681265  0.0
 2.64120713  -0.35193158  0.0
 2.64124020  -0.35191866  0.0
 2.64124815  -0.35191558  0.0
 2.64128132  -0.35190289  0.0
 2.84046212  -0.27649873  0.0
 2.84050725  -0.27648189  0.0
 2.84051810  -0.27647791  0.0
 2.84056339  -0.27646150  0.0
 3.03337939  -0.20768422  0.0
 3.03343733  -0.20766396  0.0
 3.03345126  -0.20765918  0.0
 3.03350944  -0.20763963  0.0
 3.21853792  -0.14671726  0.0
 3.21861091  -0.14669385  0.0
 3.21862846  -0.14668836  0.0
 3.21870180  -0.14666607  0.0
 3.39586788  -0.09429500  0.0
 3.39595196  -0.09427094  0.0
 3.39597219  -0.09426535  0.0
 3.39605668  -0.09424276  0.0
 3.56536036  -0.05057275  0.0
 3.56545889  -0.05054840  0.0
 3.56548259  -0.05054279  0.0
 3.56558159  -0.05052045  0.0
 3.66502400  -0.02913364  0.0
 3.66502400  -0.03424797  0.0
;;

