# exterior:
# ---------
 2.45658711   0.57770037  0.0
 2.45658711   0.57770038  0.0
 2.52476425   0.55916448  0.0
 2.72410567   0.50394556  0.0
 2.92069033   0.44870288  0.0
 3.10944731   0.39521799  0.0
 3.29038752   0.34342030  0.0
 3.46363528   0.29366960  0.0
 3.62909538   0.24628612  0.0
 3.66002400   0.23745735  0.0
 3.65502400   0.23368491  0.0
 3.65502399   0.23368491  0.0
 3.62771884   0.24147934  0.0
 3.46225523   0.28886382  0.0
 3.28900946   0.33861396  0.0
 3.10807772   0.39040922  0.0
 2.91933245   0.44389079  0.0
 2.72276195   0.49912949  0.0
 2.52344097   0.55434275  0.0
 2.46158711   0.57115948  0.0
 2.46158711   0.57115948  0.0
 2.46158711   0.57115948  0.0
 2.45658711   0.57770037  0.0
;;

