# exterior:
# ---------
-0.74500000   1.04766282  0.0
-0.65227759   1.04901871  0.0
-0.45790832   1.04399732  0.0
-0.26244111   1.03261096  0.0
-0.06625981   1.01634711  0.0
 0.13004808   0.99537668  0.0
 0.32653639   0.96982436  0.0
 0.52348308   0.94013097  0.0
 0.72068783   0.90681246  0.0
 0.74500000   0.90228197  0.0
 0.74000000   0.89812764  0.0
 0.73999995   0.89812765  0.0
 0.71981330   0.90188936  0.0
 0.52269383   0.93519346  0.0
 0.32584121   0.96487266  0.0
 0.12946006   0.99041105  0.0
-0.06673197   1.01136910  0.0
-0.26279310   1.02762298  0.0
-0.45811832   1.03900108  0.0
-0.65230561   1.04401777  0.0
-0.74000000   1.04273540  0.0
-0.74500000   1.04766282  0.0
;;

