# exterior:
# ---------
 3.66103393   0.17583018  0.0
 3.66118722   0.17562701  0.0
 3.66152447   0.17526194  0.0
 3.66189629   0.17493216  0.0
 3.66229902   0.17464092  0.0
 3.66272867   0.17439110  0.0
 3.66318100   0.17418517  0.0
 3.66365154   0.17402517  0.0
 3.77022914   0.14360189  0.0
 3.80339848   0.13415028  0.0
 3.80339848   0.12895125  0.0
 3.80339847   0.12895125  0.0
 3.80339848   0.12895125  0.0
 3.76885668   0.13879394  0.0
 3.66227908   0.16921722  0.0
 3.66204182   0.16929137  0.0
 3.66157128   0.16945138  0.0
 3.66110927   0.16963457  0.0
 3.66065694   0.16984050  0.0
 3.66021541   0.17006866  0.0
 3.65978576   0.17031848  0.0
 3.65936905   0.17058934  0.0
 3.65896632   0.17088058  0.0
 3.65857857   0.17119148  0.0
 3.65820674   0.17152126  0.0
 3.65785177   0.17186911  0.0
 3.65751452   0.17223418  0.0
 3.65719583   0.17261556  0.0
 3.65703892   0.17282353  0.0
 3.66103393   0.17583018  0.0
;;

