# exterior:
# ---------
 0.75000000  -0.99560977  0.0
 0.59565907  -1.05668063  0.0
 0.39918218  -1.12990622  0.0
 0.20365837  -1.19671569  0.0
 0.00959043  -1.25554731  0.0
-0.18254923  -1.30380564  0.0
-0.37279791  -1.33946568  0.0
-0.56092209  -1.36028842  0.0
-0.74704735  -1.36416312  0.0
-0.75000000  -1.36392520  0.0
-0.74500000  -1.35896972  0.0
-0.74500000  -1.35911942  0.0
-0.56124981  -1.35529416  0.0
-0.37353456  -1.33451668  0.0
-0.18361979  -1.29891923  0.0
 0.00825538  -1.25072733  0.0
 0.20212427  -1.19195605  0.0
 0.39750044  -1.12519703  0.0
 0.59386599  -1.05201293  0.0
 0.74500000  -0.99221101  0.0
 0.75000000  -0.99560977  0.0
;;

