# exterior:
# ---------
 3.66502400   0.03223829  0.0
 3.55296602   0.00813829  0.0
 3.55177804   0.00787015  0.0
 3.55155681   0.00781785  0.0
 3.55037452   0.00752566  0.0
 3.38107084  -0.03614436  0.0
 3.38005696  -0.03641536  0.0
 3.37986816  -0.03646759  0.0
 3.37885918  -0.03675628  0.0
 3.20169310  -0.08912735  0.0
 3.20081306  -0.08939485  0.0
 3.20064918  -0.08944604  0.0
 3.19977334  -0.08972699  0.0
 3.01474486  -0.15064936  0.0
 3.01404671  -0.15088399  0.0
 3.01391667  -0.15092859  0.0
 3.01322145  -0.15117177  0.0
 2.82040545  -0.21994905  0.0
 2.81986196  -0.22014587  0.0
 2.81976069  -0.22018310  0.0
 2.81921912  -0.22038514  0.0
 2.62003832  -0.29578930  0.0
 2.61964032  -0.29594159  0.0
 2.61956613  -0.29597028  0.0
 2.61916923  -0.29612539  0.0
 2.45158711  -0.36230368  0.0
 2.45658711  -0.35495342  0.0
 2.45658711  -0.35495342  0.0
 2.61733274  -0.29147488  0.0
 2.61734926  -0.29146838  0.0
 2.61774617  -0.29131327  0.0
 2.61776272  -0.29130684  0.0
 2.61783691  -0.29127815  0.0
 2.61785348  -0.29127177  0.0
 2.61825147  -0.29111949  0.0
 2.61826807  -0.29111317  0.0
 2.81744887  -0.21570901  0.0
 2.81747141  -0.21570054  0.0
 2.81801298  -0.21549849  0.0
 2.81803557  -0.21549013  0.0
 2.81813684  -0.21545290  0.0
 2.81815947  -0.21544464  0.0
 2.81870296  -0.21524782  0.0
 2.81872563  -0.21523968  0.0
 3.01154163  -0.14646240  0.0
 3.01157056  -0.14645218  0.0
 3.01226577  -0.14620899  0.0
 3.01229477  -0.14619895  0.0
 3.01242482  -0.14615436  0.0
 3.01245388  -0.14614449  0.0
 3.01315202  -0.14590986  0.0
 3.01318114  -0.14590017  0.0
 3.19820962  -0.08497781  0.0
 3.19824607  -0.08496596  0.0
 3.19912191  -0.08468500  0.0
 3.19915845  -0.08467344  0.0
 3.19932233  -0.08462225  0.0
 3.19935896  -0.08461096  0.0
 3.20023900  -0.08434346  0.0
 3.20027571  -0.08433246  0.0
 3.37744179  -0.03196139  0.0
 3.37748378  -0.03194917  0.0
 3.37849276  -0.03166049  0.0
 3.37853485  -0.03164864  0.0
 3.37872365  -0.03159640  0.0
 3.37876585  -0.03158493  0.0
 3.37977972  -0.03131393  0.0
 3.37982202  -0.03130282  0.0
 3.54912570   0.01236719  0.0
 3.54917490   0.01237962  0.0
 3.55035719   0.01267181  0.0
 3.55040652   0.01268374  0.0
 3.55062774   0.01273603  0.0
 3.55067718   0.01274746  0.0
 3.55186516   0.01301559  0.0
 3.55191472   0.01302652  0.0
 3.66002400   0.03627728  0.0
 3.66502400   0.03223829  0.0
;;

