# exterior:
# ---------
-0.74500000  -1.35911942  0.0
-0.74500000  -1.35896972  0.0
-0.74000000  -1.35401424  0.0
-0.56157754  -1.35029990  0.0
-0.37427121  -1.32956768  0.0
-0.18469034  -1.29403282  0.0
 0.00692033  -1.24590735  0.0
 0.20059017  -1.18719641  0.0
 0.39581871  -1.12048784  0.0
 0.59207291  -1.04734524  0.0
 0.73999997  -0.98881227  0.0
 0.74000000  -0.98881226  0.0
 0.74500000  -0.99221101  0.0
 0.59386599  -1.05201293  0.0
 0.39750044  -1.12519703  0.0
 0.20212427  -1.19195605  0.0
 0.00825538  -1.25072733  0.0
-0.18361979  -1.29891923  0.0
-0.37353456  -1.33451668  0.0
-0.56124981  -1.35529416  0.0
-0.74500000  -1.35911942  0.0
;;

