# exterior:
# ---------
-0.83600000  -1.43324187  0.0
-0.94232412  -1.42467455  0.0
-1.12914784  -1.38994663  0.0
-1.30647531  -1.33984562  0.0
-1.47414149  -1.27830965  0.0
-1.63191678  -1.20814425  0.0
-1.77953155  -1.13147674  0.0
-1.91685604  -1.04945517  0.0
-2.04399183  -0.96367874  0.0
-2.16065359  -0.87518831  0.0
-2.26706573  -0.78511412  0.0
-2.36305092  -0.69456275  0.0
-2.44868623  -0.60468208  0.0
-2.52394067  -0.51667216  0.0
-2.58850530  -0.43215381  0.0
-2.64235539  -0.35072249  0.0
-2.68564181  -0.27224386  0.0
-2.71846327  -0.19669922  0.0
-2.74126359  -0.12142402  0.0
-2.75463536  -0.04698324  0.0
-2.75614653  -0.03114499  0.0
-2.75725517  -0.00193865  0.0
-2.74882645   0.08475483  0.0
-2.73111273   0.15991066  0.0
-2.70391524   0.23012595  0.0
-2.66643142   0.30058866  0.0
-2.61849588   0.37292583  0.0
-2.56019788   0.44590080  0.0
-2.49146231   0.51894570  0.0
-2.41221043   0.59131857  0.0
-2.32251107   0.66218538  0.0
-2.22226057   0.73079951  0.0
-2.11158173   0.79645252  0.0
-1.99022724   0.85856303  0.0
-1.85839135   0.91649202  0.0
-1.71608911   0.96964158  0.0
-1.56327438   1.01699365  0.0
-1.39997470   1.05776363  0.0
-1.22641859   1.09062789  0.0
-1.04248183   1.11430727  0.0
-0.84851137   1.12715781  0.0
-0.83600000   1.12734077  0.0
-0.84100000   1.12226712  0.0
-0.84830941   1.12216023  0.0
-1.04199689   1.10932844  0.0
-1.22563356   1.08568768  0.0
-1.39890312   1.05287769  0.0
-1.56192781   1.01217637  0.0
-1.71447312   0.96490778  0.0
-1.85650942   0.91185755  0.0
-1.98808066   0.85404484  0.0
-2.10916492   0.79207264  0.0
-2.21957029   0.72658185  0.0
-2.31954578   0.65815594  0.0
-2.40897067   0.58750598  0.0
-2.48795079   0.51538128  0.0
-2.55641779   0.44262178  0.0
-2.61445071   0.36997864  0.0
-2.66213035   0.29802762  0.0
-2.69936068   0.22804143  0.0
-2.72632539   0.15842709  0.0
-2.74388251   0.08393569  0.0
-2.75224596  -0.00208641  0.0
-2.75115556  -0.03081244  0.0
-2.74967759  -0.04630263  0.0
-2.73639385  -0.12025335  0.0
-2.71376195  -0.19497252  0.0
-2.68114982  -0.27003533  0.0
-2.63807413  -0.34813191  0.0
-2.58442864  -0.42925384  0.0
-2.52005098  -0.51352744  0.0
-2.44497346  -0.60133045  0.0
-2.35952287  -0.69101723  0.0
-2.26373257  -0.78138476  0.0
-2.15752531  -0.87128552  0.0
-2.04108053  -0.95961137  0.0
-1.91417382  -1.04523324  0.0
-1.77709516  -1.12710797  0.0
-1.62974663  -1.20363721  0.0
-1.47226218  -1.27367327  0.0
-1.30493198  -1.33508593  0.0
-1.12800884  -1.38507271  0.0
-0.94166468  -1.41971148  0.0
-0.84100000  -1.42782278  0.0
-0.83600000  -1.43324187  0.0
;;

