# exterior:
# ---------
 3.80339848   0.12388043  0.0
 3.70652387   0.10751750  0.0
 3.70649645   0.10751279  0.0
 3.70583873   0.10739793  0.0
 3.70581134   0.10739306  0.0
 3.70449724   0.10715603  0.0
 3.70446987   0.10715102  0.0
 3.70381348   0.10702884  0.0
 3.70378614   0.10702368  0.0
 3.70354136   0.10697671  0.0
 3.70351406   0.10697139  0.0
 3.70285906   0.10684192  0.0
 3.70283179   0.10683645  0.0
 3.70152328   0.10657023  0.0
 3.70149603   0.10656461  0.0
 3.70084252   0.10642786  0.0
 3.70081531   0.10642208  0.0
 3.66397270   0.09849845  0.0
 3.66350390   0.09837355  0.0
 3.66304942   0.09820380  0.0
 3.66261352   0.09799081  0.0
 3.66220032   0.09773658  0.0
 3.66181370   0.09744349  0.0
 3.66164933   0.09729167  0.0
 3.65827068   0.10097747  0.0
 3.65842121   0.10111650  0.0
 3.65879316   0.10142800  0.0
 3.65917977   0.10172108  0.0
 3.65958015   0.10199507  0.0
 3.65999336   0.10224930  0.0
 3.66041841   0.10248319  0.0
 3.66085430   0.10269618  0.0
 3.66130002   0.10288778  0.0
 3.66175450   0.10305752  0.0
 3.66221669   0.10320502  0.0
 3.66268549   0.10332992  0.0
 3.66292140   0.10338668  0.0
 3.69976401   0.11131031  0.0
 3.69977761   0.11131322  0.0
 3.69980483   0.11131899  0.0
 3.69981844   0.11132186  0.0
 3.70047195   0.11145861  0.0
 3.70048557   0.11146144  0.0
 3.70051281   0.11146706  0.0
 3.70052644   0.11146985  0.0
 3.70183495   0.11173607  0.0
 3.70184858   0.11173883  0.0
 3.70187586   0.11174430  0.0
 3.70188950   0.11174701  0.0
 3.70254450   0.11187648  0.0
 3.70255815   0.11187916  0.0
 3.70258545   0.11188448  0.0
 3.70259911   0.11188712  0.0
 3.70284389   0.11193409  0.0
 3.70285755   0.11193669  0.0
 3.70288489   0.11194186  0.0
 3.70289856   0.11194442  0.0
 3.70355495   0.11206659  0.0
 3.70356863   0.11206912  0.0
 3.70359599   0.11207414  0.0
 3.70360968   0.11207662  0.0
 3.70492379   0.11231366  0.0
 3.70493748   0.11231611  0.0
 3.70496487   0.11232097  0.0
 3.70497857   0.11232338  0.0
 3.70563628   0.11243824  0.0
 3.70564999   0.11244062  0.0
 3.70567741   0.11244533  0.0
 3.70569112   0.11244766  0.0
 3.80339844   0.12895125  0.0
 3.80339848   0.12895125  0.0
 3.80339848   0.12388043  0.0
;;

