# exterior:
# ---------
 2.45158711   0.58424127  0.0
 2.52608753   0.56398621  0.0
 2.72544939   0.50876163  0.0
 2.92204822   0.45351496  0.0
 3.11081690   0.40002676  0.0
 3.29176558   0.34822665  0.0
 3.46501182   0.29847638  0.0
 3.63046784   0.25109407  0.0
 3.66502400   0.24122979  0.0
 3.66002400   0.23745735  0.0
 3.62909538   0.24628612  0.0
 3.46363528   0.29366960  0.0
 3.29038752   0.34342030  0.0
 3.10944731   0.39521799  0.0
 2.92069033   0.44870288  0.0
 2.72410567   0.50394556  0.0
 2.52476425   0.55916448  0.0
 2.45658711   0.57770038  0.0
 2.45658711   0.57770037  0.0
 2.45158711   0.58424127  0.0
;;

