# exterior:
# ---------
 0.83600000   0.96771880  0.0
 0.93342885   0.94956326  0.0
 1.13219551   0.90924352  0.0
 1.33109401   0.86613766  0.0
 1.52999731   0.82055254  0.0
 1.72906488   0.77264794  0.0
 1.92822342   0.72279483  0.0
 2.12738360   0.67123431  0.0
 2.32670394   0.61819432  0.0
 2.36558711   0.60762282  0.0
 2.36058711   0.60380072  0.0
 2.32540516   0.61336593  0.0
 2.12611413   0.66639812  0.0
 1.92698977   0.71794937  0.0
 1.72787288   0.76779205  0.0
 1.52885388   0.81568496  0.0
 1.33000598   0.86125738  0.0
 1.13116895   0.90434992  0.0
 0.93247381   0.94465516  0.0
 0.84100000   0.96170099  0.0
 0.83600000   0.96771880  0.0
;;

