# exterior:
# ---------
-0.83600000  -1.49343634  0.0
-0.95023743  -1.48423138  0.0
-1.14281584  -1.44843375  0.0
-1.32499531  -1.39696188  0.0
-1.49669325  -1.33394620  0.0
-1.65795855  -1.26222872  0.0
-1.80876821  -1.18390187  0.0
-1.94904264  -1.10011835  0.0
-2.07892750  -1.01248717  0.0
-2.19819297  -0.92202177  0.0
-2.30706366  -0.82986650  0.0
-2.40538747  -0.73710890  0.0
-2.49323946  -0.64490166  0.0
-2.57061698  -0.55440879  0.0
-2.63742518  -0.46695350  0.0
-2.69373044  -0.38180952  0.0
-2.73954562  -0.29874622  0.0
-2.77487916  -0.21741957  0.0
-2.79970045  -0.13547214  0.0
-2.81412858  -0.05515061  0.0
-2.81603827  -0.03513564  0.0
-2.81736569  -0.00016549  0.0
-2.80815367   0.09458451  0.0
-2.78856074   0.17771345  0.0
-2.75856994   0.25514022  0.0
-2.71804424   0.33132108  0.0
-2.66703804   0.40829205  0.0
-2.60555894   0.48524898  0.0
-2.53360054   0.56171876  0.0
-2.45108762   0.63706961  0.0
-2.35809456   0.71053862  0.0
-2.25454400   0.78141139  0.0
-2.14058342   0.84901108  0.0
-2.01598623   0.91278123  0.0
-1.88097448   0.97210571  0.0
-1.73548097   1.02644720  0.0
-1.57943328   1.07480106  0.0
-1.41283374   1.11639489  0.0
-1.23583885   1.14991030  0.0
-1.04830103   1.17405327  0.0
-0.85093478   1.18712879  0.0
-0.83600000   1.18734718  0.0
-0.83600000   1.12734077  0.0
-0.84851137   1.12715781  0.0
-1.04248183   1.11430727  0.0
-1.22641859   1.09062789  0.0
-1.39997470   1.05776363  0.0
-1.56327438   1.01699365  0.0
-1.71608911   0.96964158  0.0
-1.85839135   0.91649202  0.0
-1.99022724   0.85856303  0.0
-2.11158173   0.79645252  0.0
-2.22226057   0.73079951  0.0
-2.32251107   0.66218538  0.0
-2.41221043   0.59131857  0.0
-2.49146231   0.51894570  0.0
-2.56019788   0.44590080  0.0
-2.61849588   0.37292583  0.0
-2.66643142   0.30058866  0.0
-2.70391524   0.23012595  0.0
-2.73111273   0.15991066  0.0
-2.74882645   0.08475483  0.0
-2.75725517  -0.00193865  0.0
-2.75614653  -0.03114499  0.0
-2.75463536  -0.04698324  0.0
-2.74126359  -0.12142402  0.0
-2.71846327  -0.19669922  0.0
-2.68564181  -0.27224386  0.0
-2.64235539  -0.35072249  0.0
-2.58850530  -0.43215381  0.0
-2.52394067  -0.51667216  0.0
-2.44868623  -0.60468208  0.0
-2.36305092  -0.69456275  0.0
-2.26706573  -0.78511412  0.0
-2.16065359  -0.87518831  0.0
-2.04399183  -0.96367874  0.0
-1.91685604  -1.04945517  0.0
-1.77953155  -1.13147674  0.0
-1.63191678  -1.20814425  0.0
-1.47414149  -1.27830965  0.0
-1.30647531  -1.33984562  0.0
-1.12914784  -1.38994663  0.0
-0.94232412  -1.42467455  0.0
-0.83600000  -1.43324187  0.0
-0.83600000  -1.49343634  0.0
;;

