# exterior:
# ---------
 3.80339848   0.05795972  0.0
 3.71734957   0.04342534  0.0
 3.71603546   0.04318831  0.0
 3.71579068   0.04314134  0.0
 3.71448218   0.04287512  0.0
 3.66502400   0.03223829  0.0
 3.66502400   0.09361022  0.0
 3.70186660   0.10153386  0.0
 3.70252012   0.10167061  0.0
 3.70382862   0.10193682  0.0
 3.70448362   0.10206629  0.0
 3.70472840   0.10211326  0.0
 3.70538479   0.10223544  0.0
 3.70669890   0.10247247  0.0
 3.70735661   0.10258733  0.0
 3.80339848   0.11880961  0.0
 3.80339848   0.05795972  0.0
;;

