# exterior:
# ---------
 4.16761267   0.03835866  0.0
 4.16571275   0.03832938  0.0
 4.16538783   0.03831493  0.0
 4.02738399   0.02815371  0.0
 4.02711409   0.02812726  0.0
 3.88124785   0.01025340  0.0
 3.88099628   0.01021676  0.0
 3.84865423   0.00475392  0.0
 3.84865423   0.06560380  0.0
 3.87100333   0.06937875  0.0
 3.87234879   0.06959033  0.0
 3.87260036   0.06962697  0.0
 3.87395028   0.06980796  0.0
 4.01981652   0.08768182  0.0
 4.02126066   0.08784105  0.0
 4.02153055   0.08786751  0.0
 4.02297812   0.08799173  0.0
 4.16098196   0.09815295  0.0
 4.16272149   0.09825566  0.0
 4.16304641   0.09827011  0.0
 4.16478819   0.09832226  0.0
 4.16761267   0.09836579  0.0
 4.16761267   0.03835866  0.0
;;

