# exterior:
# ---------
 4.16761267   0.09836579  0.0
 4.16478819   0.09832226  0.0
 4.16304641   0.09827011  0.0
 4.16272149   0.09825566  0.0
 4.16098196   0.09815295  0.0
 4.02297812   0.08799173  0.0
 4.02153055   0.08786751  0.0
 4.02126066   0.08784105  0.0
 4.01981652   0.08768182  0.0
 3.87395028   0.06980796  0.0
 3.87260036   0.06962697  0.0
 3.87234879   0.06959033  0.0
 3.87100333   0.06937875  0.0
 3.71734957   0.04342534  0.0
 3.71603546   0.04318831  0.0
 3.71579068   0.04314134  0.0
 3.71448218   0.04287512  0.0
 3.66502400   0.03223829  0.0
 3.66502400   0.09361022  0.0
 3.70186660   0.10153386  0.0
 3.70252012   0.10167061  0.0
 3.70382862   0.10193682  0.0
 3.70448362   0.10206629  0.0
 3.70472840   0.10211326  0.0
 3.70538479   0.10223544  0.0
 3.70669890   0.10247247  0.0
 3.70735661   0.10258733  0.0
 3.84865423   0.12645368  0.0
 3.77159935   0.14841048  0.0
 3.66502400   0.17883311  0.0
 3.66502400   0.24122979  0.0
 3.78806886   0.20610584  0.0
 3.93785840   0.16342331  0.0
 3.93791463   0.16340731  0.0
 4.07993452   0.12319080  0.0
 4.16761267   0.09836579  0.0
;;

