# exterior:
# ---------
 0.75000000  -5.44847740  0.0
 0.73936194  -5.45244024  0.0
 0.55716093  -5.51909465  0.0
 0.37490030  -5.58413990  0.0
 0.19265423  -5.64676093  0.0
 0.01049464  -5.70575440  0.0
-0.17171339  -5.75997956  0.0
-0.35389301  -5.80813045  0.0
-0.53596821  -5.84807636  0.0
-0.71807412  -5.87784695  0.0
-0.75000000  -5.88092223  0.0
-0.75000000  -5.87589908  0.0
-0.71871787  -5.87288582  0.0
-0.53690797  -5.84316362  0.0
-0.35506810  -5.80326934  0.0
-0.17306563  -5.75516527  0.0
 0.00901108  -5.70097919  0.0
 0.19107145  -5.64201785  0.0
 0.37324755  -5.57942086  0.0
 0.55546171  -5.51439220  0.0
 0.73763032  -5.44774965  0.0
 0.75000000  -5.44314175  0.0
 0.75000000  -5.44847740  0.0
;;

