# exterior:
# ---------
 0.75000000  -5.45178550  0.0
 0.74043555  -5.45534841  0.0
 0.55821445  -5.52201017  0.0
 0.37592500  -5.58706570  0.0
 0.19363555  -5.64970164  0.0
 0.01141445  -5.70871503  0.0
-0.17087500  -5.76296442  0.0
-0.35316445  -5.81114434  0.0
-0.53538555  -5.85112225  0.0
-0.71767500  -5.88092285  0.0
-0.75000000  -5.88403658  0.0
-0.75000000  -5.88343380  0.0
-0.71775225  -5.88032752  0.0
-0.53549832  -5.85053273  0.0
-0.35330546  -5.81056101  0.0
-0.17103727  -5.76238671  0.0
 0.01123642  -5.70814200  0.0
 0.19344562  -5.64913247  0.0
 0.37572667  -5.58649942  0.0
 0.55801054  -5.52144588  0.0
 0.74022776  -5.45478554  0.0
 0.75000000  -5.45114523  0.0
 0.75000000  -5.45178550  0.0
;;

