# exterior:
# ---------
 2.86177500  -4.70785323  0.0
 2.86164318  -4.70785237  0.0
 2.86134189  -4.70788090  0.0
 2.85046463  -4.70946787  0.0
 2.85043408  -4.70947248  0.0
 2.84941689  -4.70963160  0.0
 2.84938640  -4.70963653  0.0
 2.84905740  -4.70969147  0.0
 2.84902696  -4.70969672  0.0
 2.84801325  -4.70987674  0.0
 2.84798287  -4.70988230  0.0
 2.69344352  -4.73897206  0.0
 2.69341648  -4.73897728  0.0
 2.69251583  -4.73915539  0.0
 2.69248883  -4.73916086  0.0
 2.69219758  -4.73922124  0.0
 2.69217064  -4.73922696  0.0
 2.69127341  -4.73942157  0.0
 2.69124652  -4.73942754  0.0
 2.52953042  -4.77606314  0.0
 2.52950561  -4.77606887  0.0
 2.52867948  -4.77626341  0.0
 2.52865472  -4.77626935  0.0
 2.52838760  -4.77633465  0.0
 2.52836290  -4.77634080  0.0
 2.52754018  -4.77654933  0.0
 2.52751553  -4.77655570  0.0
 2.35862268  -4.82089434  0.0
 2.35860136  -4.82090002  0.0
 2.35789166  -4.82109192  0.0
 2.35787039  -4.82109776  0.0
 2.35764092  -4.82116162  0.0
 2.35761969  -4.82116761  0.0
 2.35691289  -4.82136993  0.0
 2.35689171  -4.82137608  0.0
 2.18089046  -4.87315804  0.0
 2.18087357  -4.87316306  0.0
 2.18031107  -4.87333215  0.0
 2.18029421  -4.87333727  0.0
 2.18011228  -4.87339313  0.0
 2.18009545  -4.87339835  0.0
 2.17953497  -4.87357404  0.0
 2.17951817  -4.87357936  0.0
 1.99770717  -4.93174521  0.0
 1.99769456  -4.93174928  0.0
 1.99727433  -4.93188577  0.0
 1.99726173  -4.93188989  0.0
 1.99712578  -4.93193471  0.0
 1.99711320  -4.93193889  0.0
 1.99669420  -4.93207909  0.0
 1.99668164  -4.93208332  0.0
 1.81439219  -4.99397425  0.0
 1.81438277  -4.99397746  0.0
 1.81406896  -4.99408517  0.0
 1.81405955  -4.99408841  0.0
 1.81395800  -4.99412365  0.0
 1.81394860  -4.99412693  0.0
 1.81363552  -4.99423671  0.0
 1.81362613  -4.99424002  0.0
 1.63140503  -5.05881710  0.0
 1.63139855  -5.05881941  0.0
 1.63118243  -5.05889656  0.0
 1.63117595  -5.05889888  0.0
 1.63110598  -5.05892403  0.0
 1.63109951  -5.05892637  0.0
 1.63088375  -5.05900451  0.0
 1.63087728  -5.05900686  0.0
 1.44858783  -5.12549774  0.0
 1.44858366  -5.12549926  0.0
 1.44844492  -5.12555010  0.0
 1.44844076  -5.12555163  0.0
 1.44839583  -5.12556817  0.0
 1.44839167  -5.12556971  0.0
 1.44825307  -5.12562096  0.0
 1.44824892  -5.12562250  0.0
 1.26595720  -5.19333768  0.0
 1.26587958  -5.19336659  0.0
 1.26585290  -5.19337655  0.0
 1.26577532  -5.19340558  0.0
 1.08355300  -5.26176288  0.0
 0.90131794  -5.33021547  0.0
 0.83900000  -5.35342990  0.0
 0.84400000  -5.34623166  0.0
 0.89956614  -5.32553239  0.0
 1.08179684  -5.25708143  0.0
 1.26402288  -5.18872275  0.0
 1.26410412  -5.18869235  0.0
 1.26413467  -5.18868094  0.0
 1.26421612  -5.18865061  0.0
 1.44651129  -5.12093414  0.0
 1.44651891  -5.12093132  0.0
 1.44666097  -5.12087879  0.0
 1.44666860  -5.12087598  0.0
 1.44671700  -5.12085816  0.0
 1.44672463  -5.12085536  0.0
 1.44686684  -5.12080325  0.0
 1.44687447  -5.12080046  0.0
 1.62916392  -5.05430958  0.0
 1.62916932  -5.05430762  0.0
 1.62917579  -5.05430527  0.0
 1.62918118  -5.05430331  0.0
 1.62939694  -5.05422517  0.0
 1.62940233  -5.05422322  0.0
 1.62940881  -5.05422089  0.0
 1.62941421  -5.05421894  0.0
 1.62948417  -5.05419378  0.0
 1.62948957  -5.05419185  0.0
 1.62949605  -5.05418952  0.0
 1.62950145  -5.05418759  0.0
 1.62971757  -5.05411044  0.0
 1.62972298  -5.05410852  0.0
 1.62972946  -5.05410621  0.0
 1.62973487  -5.05410429  0.0
 1.81195597  -4.98952721  0.0
 1.81196379  -4.98952445  0.0
 1.81197318  -4.98952114  0.0
 1.81198100  -4.98951839  0.0
 1.81229408  -4.98940860  0.0
 1.81230191  -4.98940587  0.0
 1.81231131  -4.98940259  0.0
 1.81231914  -4.98939986  0.0
 1.81242070  -4.98936463  0.0
 1.81242854  -4.98936192  0.0
 1.81243794  -4.98935867  0.0
 1.81244579  -4.98935597  0.0
 1.81275959  -4.98924827  0.0
 1.81276744  -4.98924558  0.0
 1.81277686  -4.98924237  0.0
 1.81278471  -4.98923969  0.0
 1.99507416  -4.92734877  0.0
 1.99508462  -4.92734523  0.0
 1.99509718  -4.92734099  0.0
 1.99510765  -4.92733748  0.0
 1.99552666  -4.92719728  0.0
 1.99553714  -4.92719379  0.0
 1.99554972  -4.92718961  0.0
 1.99556020  -4.92718614  0.0
 1.99569616  -4.92714131  0.0
 1.99570665  -4.92713787  0.0
 1.99571925  -4.92713374  0.0
 1.99572975  -4.92713032  0.0
 1.99614998  -4.92699383  0.0
 1.99616049  -4.92699043  0.0
 1.99617310  -4.92698636  0.0
 1.99618362  -4.92698298  0.0
 2.17799462  -4.86881713  0.0
 2.17800861  -4.86881268  0.0
 2.17802541  -4.86880736  0.0
 2.17803942  -4.86880295  0.0
 2.17859990  -4.86862726  0.0
 2.17861391  -4.86862289  0.0
 2.17863074  -4.86861767  0.0
 2.17864478  -4.86861334  0.0
 2.17882670  -4.86855748  0.0
 2.17884074  -4.86855319  0.0
 2.17885760  -4.86854807  0.0
 2.17887166  -4.86854382  0.0
 2.17943417  -4.86837473  0.0
 2.17944824  -4.86837052  0.0
 2.17946513  -4.86836550  0.0
 2.17947921  -4.86836133  0.0
 2.35548046  -4.81657937  0.0
 2.35549810  -4.81657422  0.0
 2.35551928  -4.81656807  0.0
 2.35553694  -4.81656298  0.0
 2.35624374  -4.81636066  0.0
 2.35626142  -4.81635564  0.0
 2.35628265  -4.81634965  0.0
 2.35630035  -4.81634469  0.0
 2.35652982  -4.81628082  0.0
 2.35654754  -4.81627593  0.0
 2.35656880  -4.81627009  0.0
 2.35658654  -4.81626526  0.0
 2.35729624  -4.81607336  0.0
 2.35731399  -4.81606859  0.0
 2.35733530  -4.81606292  0.0
 2.35735307  -4.81605822  0.0
 2.52624592  -4.77171957  0.0
 2.52626646  -4.77171423  0.0
 2.52629111  -4.77170787  0.0
 2.52631167  -4.77170261  0.0
 2.52713438  -4.77149407  0.0
 2.52715496  -4.77148890  0.0
 2.52717967  -4.77148275  0.0
 2.52720027  -4.77147767  0.0
 2.52746738  -4.77141237  0.0
 2.52748801  -4.77140738  0.0
 2.52751276  -4.77140143  0.0
 2.52753341  -4.77139653  0.0
 2.52835954  -4.77120199  0.0
 2.52838021  -4.77119717  0.0
 2.52840502  -4.77119143  0.0
 2.52842570  -4.77118670  0.0
 2.69014180  -4.73455110  0.0
 2.69016420  -4.73454608  0.0
 2.69019109  -4.73454012  0.0
 2.69021351  -4.73453520  0.0
 2.69111073  -4.73434059  0.0
 2.69113317  -4.73433577  0.0
 2.69116012  -4.73433006  0.0
 2.69118258  -4.73432535  0.0
 2.69147384  -4.73426496  0.0
 2.69149632  -4.73426036  0.0
 2.69152332  -4.73425489  0.0
 2.69154582  -4.73425039  0.0
 2.69244647  -4.73407227  0.0
 2.69246900  -4.73406787  0.0
 2.69249604  -4.73406265  0.0
 2.69251859  -4.73405836  0.0
 2.84705794  -4.70496860  0.0
 2.84708325  -4.70496390  0.0
 2.84711363  -4.70495834  0.0
 2.84713896  -4.70495378  0.0
 2.84815266  -4.70477375  0.0
 2.84817802  -4.70476931  0.0
 2.84820846  -4.70476407  0.0
 2.84823383  -4.70475976  0.0
 2.84856284  -4.70470482  0.0
 2.84858824  -4.70470065  0.0
 2.84861873  -4.70469572  0.0
 2.84864415  -4.70469167  0.0
 2.84966134  -4.70453256  0.0
 2.84968678  -4.70452864  0.0
 2.84971732  -4.70452403  0.0
 2.84974278  -4.70452025  0.0
 2.86062005  -4.70293328  0.0
 2.86087053  -4.70290317  0.0
 2.86117181  -4.70287464  0.0
 2.86167572  -4.70285248  0.0
 2.86177500  -4.70285312  0.0
 2.86177500  -4.70785323  0.0
;;

