# exterior:
# ---------
 0.83900000  -4.09729785  0.0
 1.00223075  -4.12806434  0.0
 1.18397407  -4.16412679  0.0
 1.36577399  -4.20183647  0.0
 1.54756270  -4.24101037  0.0
 1.72947511  -4.28149901  0.0
 1.91144050  -4.32312522  0.0
 2.09338017  -4.36570292  0.0
 2.27276030  -4.40852754  0.0
 2.44500169  -4.45032833  0.0
 2.61010730  -4.49095606  0.0
 2.76814747  -4.53024072  0.0
 2.86104622  -4.55350536  0.0
 2.86134305  -4.55356396  0.0
 2.86164428  -4.55359237  0.0
 2.86177500  -4.55359148  0.0
 2.86177500  -4.55859159  0.0
 2.86167860  -4.55859226  0.0
 2.86117480  -4.55857028  0.0
 2.86087357  -4.55854187  0.0
 2.86037454  -4.55846927  0.0
 2.86007771  -4.55841066  0.0
 2.85983157  -4.55835558  0.0
 2.76693706  -4.53509200  0.0
 2.60890686  -4.49580982  0.0
 2.44381472  -4.45518541  0.0
 2.27159017  -4.41338870  0.0
 2.09222998  -4.37056884  0.0
 1.91031333  -4.32799653  0.0
 1.72837446  -4.28637639  0.0
 1.54649290  -4.24589461  0.0
 1.36473959  -4.20672834  0.0
 1.18297973  -4.16902697  0.0
 1.00128109  -4.13297339  0.0
 0.84400000  -4.10332832  0.0
 0.83900000  -4.09729785  0.0
;;

