# exterior:
# ---------
 3.64507000  -4.71618528  0.0
 3.64046335  -4.71545858  0.0
 3.63995094  -4.71538596  0.0
 3.63944685  -4.71532257  0.0
 3.63893241  -4.71526606  0.0
 3.52724851  -4.70476750  0.0
 3.52678214  -4.70473033  0.0
 3.52632382  -4.70470032  0.0
 3.52585658  -4.70467638  0.0
 3.40699593  -4.70027464  0.0
 3.40658908  -4.70026460  0.0
 3.40618956  -4.70025966  0.0
 3.40578258  -4.70025966  0.0
 3.27981353  -4.70181120  0.0
 3.27943848  -4.70182009  0.0
 3.27907041  -4.70183299  0.0
 3.27869566  -4.70185040  0.0
 3.14554986  -4.70955345  0.0
 3.14518891  -4.70957830  0.0
 3.14483482  -4.70960659  0.0
 3.14447450  -4.70963935  0.0
 3.00422030  -4.72394501  0.0
 3.00386592  -4.72398503  0.0
 3.00351846  -4.72402808  0.0
 3.00316503  -4.72407575  0.0
 2.86177500  -4.74470414  0.0
 2.86177500  -4.71438653  0.0
 2.99883397  -4.69439003  0.0
 2.99915503  -4.69434495  0.0
 2.99950846  -4.69429729  0.0
 2.99982999  -4.69425569  0.0
 3.00017746  -4.69421264  0.0
 3.00049942  -4.69417452  0.0
 3.00085380  -4.69413450  0.0
 3.00117615  -4.69409986  0.0
 3.14143035  -4.67979420  0.0
 3.14175776  -4.67976262  0.0
 3.14211808  -4.67972985  0.0
 3.14244581  -4.67970186  0.0
 3.14279989  -4.67967358  0.0
 3.14312791  -4.67964918  0.0
 3.14348887  -4.67962433  0.0
 3.14381713  -4.67960353  0.0
 3.27696293  -4.67190048  0.0
 3.27730352  -4.67188272  0.0
 3.27767826  -4.67186531  0.0
 3.27801903  -4.67185142  0.0
 3.27838711  -4.67183851  0.0
 3.27872801  -4.67182850  0.0
 3.27910306  -4.67181961  0.0
 3.27944405  -4.67181348  0.0
 3.35235156  -4.67091548  0.0
 3.33054177  -4.66533822  0.0
 3.20102158  -4.63245266  0.0
 3.06437729  -4.59790215  0.0
 2.92062914  -4.56172599  0.0
 2.86177500  -4.54698714  0.0
 2.86177500  -4.51606072  0.0
 2.92793387  -4.53262889  0.0
 3.07171512  -4.56881338  0.0
 3.20839002  -4.60337163  0.0
 3.33794945  -4.63626715  0.0
 3.46029522  -4.66755378  0.0
 3.57539288  -4.69748873  0.0
 3.64507000  -4.71618528  0.0
;;

