# exterior:
# ---------
 2.86177500  -4.76956458  0.0
 2.85928555  -4.76992778  0.0
 2.70474620  -4.79901754  0.0
 2.54303010  -4.83565314  0.0
 2.37413725  -4.87999178  0.0
 2.19813600  -4.93177375  0.0
 2.01632500  -4.98993960  0.0
 1.83403555  -5.05183052  0.0
 1.65181445  -5.11640760  0.0
 1.46952500  -5.18289848  0.0
 1.28723555  -5.25061283  0.0
 1.10501445  -5.31896966  0.0
 0.92272500  -5.38744269  0.0
 0.83600000  -5.41974913  0.0
 0.83600000  -5.41910886  0.0
 0.92251478  -5.38688072  0.0
 1.10480371  -5.31840789  0.0
 1.28702481  -5.25005105  0.0
 1.28702662  -5.25005038  0.0
 1.46931607  -5.18233603  0.0
 1.46931940  -5.18233481  0.0
 1.65160885  -5.11584393  0.0
 1.65161403  -5.11584206  0.0
 1.83383513  -5.05126498  0.0
 1.83384265  -5.05126237  0.0
 2.01613210  -4.98937145  0.0
 2.01614217  -4.98936813  0.0
 2.19795317  -4.93120228  0.0
 2.19796665  -4.93119814  0.0
 2.37396790  -4.87941618  0.0
 2.37398490  -4.87941145  0.0
 2.54287775  -4.83507281  0.0
 2.54289753  -4.83506797  0.0
 2.70461363  -4.79843237  0.0
 2.70463521  -4.79842790  0.0
 2.85917456  -4.76933814  0.0
 2.85919893  -4.76933407  0.0
 2.86177500  -4.76895822  0.0
 2.86177500  -4.76956458  0.0
;;

