# exterior:
# ---------
 3.29144419  -4.72566977  0.0
 3.28010911  -4.72580938  0.0
 3.28008185  -4.72581034  0.0
 3.14693605  -4.73351338  0.0
 3.14690982  -4.73351548  0.0
 3.00665562  -4.74782113  0.0
 3.00662988  -4.74782432  0.0
 2.86177500  -4.76895822  0.0
 2.86177500  -4.76643176  0.0
 3.00626896  -4.74535051  0.0
 3.00632251  -4.74534329  0.0
 3.00634824  -4.74534010  0.0
 3.00640194  -4.74533404  0.0
 3.14665614  -4.73102838  0.0
 3.14671073  -4.73102342  0.0
 3.14673696  -4.73102132  0.0
 3.14679165  -4.73101756  0.0
 3.27993745  -4.72331451  0.0
 3.27999423  -4.72331187  0.0
 3.28002150  -4.72331092  0.0
 3.28007832  -4.72330957  0.0
 3.29144419  -4.72316958  0.0
 3.29144419  -4.72566977  0.0
;;

