# exterior:
# ---------
 0.83600000  -4.03516710  0.0
 1.01372159  -4.06866489  0.0
 1.19600568  -4.10483465  0.0
 1.37829032  -4.14264487  0.0
 1.56050718  -4.18191103  0.0
 1.74279292  -4.22248277  0.0
 1.92507919  -4.26418237  0.0
 2.10729753  -4.30682529  0.0
 2.28691893  -4.34970751  0.0
 2.45936396  -4.39155772  0.0
 2.62463265  -4.43222558  0.0
 2.78279335  -4.47154020  0.0
 2.86177500  -4.49131958  0.0
 2.86177500  -4.49389678  0.0
 2.78218815  -4.47396584  0.0
 2.62403243  -4.43465246  0.0
 2.45877048  -4.39398626  0.0
 2.28633387  -4.35213809  0.0
 2.10672243  -4.30925825  0.0
 1.92451561  -4.26661803  0.0
 1.74224260  -4.22492145  0.0
 1.55997228  -4.18435315  0.0
 1.37777312  -4.14509080  0.0
 1.19550850  -4.10728474  0.0
 1.01324676  -4.07111941  0.0
 0.83600000  -4.03771112  0.0
 0.83600000  -4.03516710  0.0
;;

