# exterior:
# ---------
 2.86177500  -4.76643176  0.0
 2.85883801  -4.76686026  0.0
 2.85871209  -4.76688128  0.0
 2.70417274  -4.79597104  0.0
 2.70406127  -4.79599415  0.0
 2.54234517  -4.83262975  0.0
 2.54224294  -4.83265474  0.0
 2.37335009  -4.87699339  0.0
 2.37326227  -4.87701783  0.0
 2.19726102  -4.92879979  0.0
 2.19719140  -4.92882117  0.0
 2.01538040  -4.98698702  0.0
 2.01532836  -4.98700417  0.0
 1.83303891  -5.04889510  0.0
 1.83300005  -5.04890858  0.0
 1.65077895  -5.11348566  0.0
 1.65075217  -5.11349529  0.0
 1.46846272  -5.17998617  0.0
 1.46844553  -5.17999250  0.0
 1.28615608  -5.24770684  0.0
 1.28614673  -5.24771033  0.0
 1.10392563  -5.31606716  0.0
 0.92163888  -5.38453918  0.0
 0.83600000  -5.41644103  0.0
 0.83600000  -5.41110538  0.0
 0.91988708  -5.37985610  0.0
 1.10216948  -5.31138572  0.0
 1.28439058  -5.24302889  0.0
 1.28439811  -5.24302607  0.0
 1.28440745  -5.24302258  0.0
 1.28441499  -5.24301977  0.0
 1.46670444  -5.17530543  0.0
 1.46671830  -5.17530030  0.0
 1.46673549  -5.17529397  0.0
 1.46674937  -5.17528889  0.0
 1.64903882  -5.10879801  0.0
 1.64906039  -5.10879020  0.0
 1.64908717  -5.10878057  0.0
 1.64910878  -5.10877285  0.0
 1.83132988  -5.04419577  0.0
 1.83136119  -5.04418479  0.0
 1.83140006  -5.04417131  0.0
 1.83143144  -5.04416054  0.0
 2.01372089  -4.98226961  0.0
 2.01376279  -4.98225559  0.0
 2.01381482  -4.98223844  0.0
 2.01385684  -4.98222479  0.0
 2.19566784  -4.92405894  0.0
 2.19572389  -4.92404137  0.0
 2.19579352  -4.92402000  0.0
 2.19584977  -4.92400309  0.0
 2.37185102  -4.87222113  0.0
 2.37192170  -4.87220089  0.0
 2.37200952  -4.87217645  0.0
 2.37208049  -4.87215726  0.0
 2.54097334  -4.82781862  0.0
 2.54105561  -4.82779776  0.0
 2.54115784  -4.82777277  0.0
 2.54124045  -4.82775332  0.0
 2.70295655  -4.79111772  0.0
 2.70304628  -4.79109826  0.0
 2.70315774  -4.79107515  0.0
 2.70324781  -4.79105734  0.0
 2.85778716  -4.76196758  0.0
 2.85788853  -4.76194957  0.0
 2.85801444  -4.76192855  0.0
 2.85811616  -4.76191264  0.0
 2.86177500  -4.76137882  0.0
 2.86177500  -4.76643176  0.0
;;

