# exterior:
# ---------
 0.83600000  -4.09367958  0.0
 1.00280054  -4.12511891  0.0
 1.18457068  -4.16118669  0.0
 1.36639464  -4.19890135  0.0
 1.54820457  -4.23807983  0.0
 1.73013550  -4.27857259  0.0
 1.91211680  -4.32020243  0.0
 2.09407029  -4.36278337  0.0
 2.27346238  -4.40561084  0.0
 2.44571387  -4.44741409  0.0
 2.61082756  -4.48804380  0.0
 2.76887371  -4.52732995  0.0
 2.86177500  -4.55059522  0.0
 2.86177500  -4.55359148  0.0
 2.86164428  -4.55359237  0.0
 2.86134305  -4.55356396  0.0
 2.86104622  -4.55350536  0.0
 2.76814747  -4.53024072  0.0
 2.61010730  -4.49095606  0.0
 2.44500169  -4.45032833  0.0
 2.27276030  -4.40852754  0.0
 2.09338017  -4.36570292  0.0
 1.91144050  -4.32312522  0.0
 1.72947511  -4.28149901  0.0
 1.54756270  -4.24101037  0.0
 1.36577399  -4.20183647  0.0
 1.18397407  -4.16412679  0.0
 1.00223075  -4.12806434  0.0
 0.83900000  -4.09729785  0.0
 0.83600000  -4.09367958  0.0
;;

