# exterior:
# ---------
-0.74700000  -3.90484396  0.0
-0.62865542  -3.90785362  0.0
-0.44776041  -3.91751221  0.0
-0.26670215  -3.93166693  0.0
-0.08556391  -3.94981473  0.0
 0.09578297  -3.97149884  0.0
 0.27724868  -3.99625901  0.0
 0.45873343  -4.02374721  0.0
 0.64035589  -4.05373953  0.0
 0.74700000  -4.07265246  0.0
 0.74200000  -4.07684375  0.0
 0.63951198  -4.05866789  0.0
 0.45795168  -4.02868583  0.0
 0.27653627  -4.00120813  0.0
 0.09514813  -3.97645854  0.0
-0.08611000  -3.95478505  0.0
-0.26714627  -3.93664747  0.0
-0.44808860  -3.92250181  0.0
-0.62885231  -3.91285023  0.0
-0.74200000  -3.90997273  0.0
-0.74700000  -3.90484396  0.0
;;

