# exterior:
# ---------
 3.29144419  -4.67166567  0.0
 3.27944405  -4.67181348  0.0
 3.27910306  -4.67181961  0.0
 3.27872801  -4.67182850  0.0
 3.27838711  -4.67183851  0.0
 3.27801903  -4.67185142  0.0
 3.27767826  -4.67186531  0.0
 3.27730352  -4.67188272  0.0
 3.27696293  -4.67190048  0.0
 3.14381713  -4.67960353  0.0
 3.14348887  -4.67962433  0.0
 3.14312791  -4.67964918  0.0
 3.14279989  -4.67967358  0.0
 3.14244581  -4.67970186  0.0
 3.14211808  -4.67972985  0.0
 3.14175776  -4.67976262  0.0
 3.14143035  -4.67979420  0.0
 3.00117615  -4.69409986  0.0
 3.00085380  -4.69413450  0.0
 3.00049942  -4.69417452  0.0
 3.00017746  -4.69421264  0.0
 2.99982999  -4.69425569  0.0
 2.99950846  -4.69429729  0.0
 2.99915503  -4.69434495  0.0
 2.99883397  -4.69439003  0.0
 2.86177500  -4.71438653  0.0
 2.86465419  -4.71001568  0.0
 2.86471410  -4.71024805  0.0
 2.86475974  -4.71054722  0.0
 2.86477500  -4.71084948  0.0
 2.86477500  -4.71091708  0.0
 2.99840087  -4.69142145  0.0
 2.99841691  -4.69141916  0.0
 2.99873798  -4.69137409  0.0
 2.99875403  -4.69137188  0.0
 2.99910746  -4.69132421  0.0
 2.99912353  -4.69132208  0.0
 2.99944506  -4.69128048  0.0
 2.99946115  -4.69127845  0.0
 2.99980861  -4.69123540  0.0
 2.99982471  -4.69123345  0.0
 3.00014667  -4.69119533  0.0
 3.00016277  -4.69119347  0.0
 3.00051715  -4.69115345  0.0
 3.00053326  -4.69115167  0.0
 3.00085561  -4.69111703  0.0
 3.00087174  -4.69111534  0.0
 3.14112594  -4.67680969  0.0
 3.14114230  -4.67680806  0.0
 3.14146971  -4.67677648  0.0
 3.14148608  -4.67677495  0.0
 3.14184641  -4.67674218  0.0
 3.14186279  -4.67674074  0.0
 3.14219052  -4.67671275  0.0
 3.14220691  -4.67671139  0.0
 3.14256099  -4.67668310  0.0
 3.14257739  -4.67668184  0.0
 3.14290541  -4.67665744  0.0
 3.14292181  -4.67665627  0.0
 3.14328277  -4.67663141  0.0
 3.14329918  -4.67663033  0.0
 3.14362744  -4.67660953  0.0
 3.14364386  -4.67660854  0.0
 3.27678966  -4.66890549  0.0
 3.27680669  -4.66890455  0.0
 3.27714727  -4.66888679  0.0
 3.27716431  -4.66888595  0.0
 3.27753905  -4.66886854  0.0
 3.27755609  -4.66886780  0.0
 3.27789685  -4.66885391  0.0
 3.27791389  -4.66885326  0.0
 3.27828197  -4.66884036  0.0
 3.27829902  -4.66883981  0.0
 3.27863992  -4.66882979  0.0
 3.27865696  -4.66882934  0.0
 3.27903201  -4.66882046  0.0
 3.27904906  -4.66882010  0.0
 3.27939005  -4.66881396  0.0
 3.27940710  -4.66881370  0.0
 3.29144419  -4.66866544  0.0
 3.29144419  -4.67166567  0.0
;;

