# exterior:
# ---------
 0.83600000  -4.03455654  0.0
 1.01383555  -4.06807580  0.0
 1.19612500  -4.10424663  0.0
 1.37841445  -4.14205785  0.0
 1.56063555  -4.18132492  0.0
 1.74292500  -4.22189748  0.0
 1.92521445  -4.26359781  0.0
 2.10743555  -4.30624138  0.0
 2.28705935  -4.34912417  0.0
 2.45950640  -4.39097487  0.0
 2.62477670  -4.43164312  0.0
 2.78293860  -4.47095804  0.0
 2.86177500  -4.49070105  0.0
 2.86177500  -4.49131958  0.0
 2.78279335  -4.47154020  0.0
 2.62463265  -4.43222558  0.0
 2.45936396  -4.39155772  0.0
 2.28691893  -4.34970751  0.0
 2.10729753  -4.30682529  0.0
 1.92507919  -4.26418237  0.0
 1.74279292  -4.22248277  0.0
 1.56050718  -4.18191103  0.0
 1.37829032  -4.14264487  0.0
 1.19600568  -4.10483465  0.0
 1.01372159  -4.06866489  0.0
 0.83600000  -4.03516710  0.0
 0.83600000  -4.03455654  0.0
;;

