# exterior:
# ---------
 2.86177500  -4.54698714  0.0
 2.92062914  -4.56172599  0.0
 3.06437729  -4.59790215  0.0
 3.20102158  -4.63245266  0.0
 3.29144419  -4.65541123  0.0
 3.29144419  -4.65850642  0.0
 3.20028473  -4.63536076  0.0
 3.06364351  -4.60081103  0.0
 2.91989867  -4.56463570  0.0
 2.86476324  -4.55082813  0.0
 2.86475974  -4.55089741  0.0
 2.86471412  -4.55119652  0.0
 2.86463861  -4.55148951  0.0
 2.86453396  -4.55177341  0.0
 2.86448671  -4.55187024  0.0
 2.86177500  -4.54698714  0.0
;;

