# exterior:
# ---------
 3.64507000  -4.73795115  0.0
 3.63711315  -4.73669596  0.0
 3.63692023  -4.73667170  0.0
 3.52523633  -4.72617314  0.0
 3.52506092  -4.72616165  0.0
 3.40620027  -4.72175991  0.0
 3.40604737  -4.72175803  0.0
 3.35235156  -4.72241939  0.0
 3.35235156  -4.71741901  0.0
 3.40598579  -4.71675840  0.0
 3.40610912  -4.71675841  0.0
 3.40626202  -4.71676029  0.0
 3.40638531  -4.71676334  0.0
 3.52524596  -4.72116508  0.0
 3.52538755  -4.72117233  0.0
 3.52556295  -4.72118382  0.0
 3.52570428  -4.72119508  0.0
 3.63738818  -4.73169364  0.0
 3.63754407  -4.73171077  0.0
 3.63773699  -4.73173503  0.0
 3.63789227  -4.73175703  0.0
 3.64507000  -4.73288932  0.0
 3.64507000  -4.73795115  0.0
;;

