# exterior:
# ---------
-0.75000000  -5.83370468  0.0
-0.75000000  -3.90176669  0.0
-0.62853728  -3.90485566  0.0
-0.44756350  -3.91451845  0.0
-0.26643567  -3.92867861  0.0
-0.08523625  -3.94683254  0.0
 0.09616388  -3.96852301  0.0
 0.27767613  -3.99328953  0.0
 0.45920247  -4.02078403  0.0
 0.64086223  -4.05078252  0.0
 0.75000000  -4.07013768  0.0
 0.75000000  -5.39832225  0.0
 0.72308470  -5.40834863  0.0
 0.54118824  -5.47489162  0.0
 0.35936447  -5.53978096  0.0
 0.17777614  -5.60217599  0.0
-0.00345081  -5.66086742  0.0
-0.18442444  -5.71472523  0.0
-0.36493888  -5.76243600  0.0
-0.54480201  -5.80189659  0.0
-0.72412537  -5.83121230  0.0
-0.75000000  -5.83370468  0.0
;;

# interior:
# ---------
-0.74700000  -5.83040182  0.0
-0.72451162  -5.82823562  0.0
-0.54536587  -5.79894895  0.0
-0.36564393  -5.75951933  0.0
-0.18523578  -5.71183665  0.0
-0.00434095  -5.65800229  0.0
 0.17682647  -5.59933015  0.0
 0.35837282  -5.53694954  0.0
 0.54016871  -5.47207015  0.0
 0.72204572  -5.40553427  0.0
 0.74700000  -5.39623841  0.0
 0.74700000  -4.07265246  0.0
 0.64035589  -4.05373953  0.0
 0.45873343  -4.02374721  0.0
 0.27724868  -3.99625901  0.0
 0.09578297  -3.97149884  0.0
-0.08556391  -3.94981473  0.0
-0.26670215  -3.93166693  0.0
-0.44776041  -3.91751221  0.0
-0.62865542  -3.90785362  0.0
-0.74700000  -3.90484396  0.0
-0.74700000  -5.83040182  0.0
;;

