# exterior:
# ---------
 3.86117500  -4.78345153  0.0
 3.83868634  -4.77763094  0.0
 3.83866801  -4.77762650  0.0
 3.74126926  -4.75565881  0.0
 3.74123074  -4.75565144  0.0
 3.63672359  -4.73916542  0.0
 3.63668625  -4.73916072  0.0
 3.52500235  -4.72866216  0.0
 3.52496840  -4.72865994  0.0
 3.40610775  -4.72425820  0.0
 3.40607816  -4.72425784  0.0
 3.28010911  -4.72580938  0.0
 3.28008185  -4.72581034  0.0
 3.14693605  -4.73351338  0.0
 3.14690982  -4.73351548  0.0
 3.00665562  -4.74782113  0.0
 3.00662988  -4.74782432  0.0
 2.85919893  -4.76933407  0.0
 2.85917456  -4.76933814  0.0
 2.70463521  -4.79842790  0.0
 2.70461363  -4.79843237  0.0
 2.54289753  -4.83506797  0.0
 2.54287775  -4.83507281  0.0
 2.37398490  -4.87941145  0.0
 2.37396790  -4.87941618  0.0
 2.19796665  -4.93119814  0.0
 2.19795317  -4.93120228  0.0
 2.01614217  -4.98936813  0.0
 2.01613210  -4.98937145  0.0
 1.83384265  -5.05126237  0.0
 1.83383513  -5.05126498  0.0
 1.65161403  -5.11584206  0.0
 1.65160885  -5.11584393  0.0
 1.46931940  -5.18233481  0.0
 1.46931607  -5.18233603  0.0
 1.28702662  -5.25005038  0.0
 1.28702481  -5.25005105  0.0
 1.10480371  -5.31840789  0.0
 0.92251478  -5.38688072  0.0
 0.74022776  -5.45478554  0.0
 0.55801054  -5.52144588  0.0
 0.37572667  -5.58649942  0.0
 0.19344562  -5.64913247  0.0
 0.01123642  -5.70814200  0.0
-0.17103727  -5.76238671  0.0
-0.35330546  -5.81056101  0.0
-0.53549832  -5.85053273  0.0
-0.71775225  -5.88032752  0.0
-0.89999815  -5.89788244  0.0
-1.08216880  -5.90084801  0.0
-1.26440470  -5.88769450  0.0
-1.44062869  -5.85879076  0.0
-1.60729117  -5.81746338  0.0
-1.76432330  -5.76702586  0.0
-1.91179114  -5.70989062  0.0
-2.04969267  -5.64777343  0.0
-2.17795873  -5.58184317  0.0
-2.29672622  -5.51321360  0.0
-2.40578935  -5.44325876  0.0
-2.50535220  -5.37264909  0.0
-2.59527774  -5.30217781  0.0
-2.67563428  -5.23247397  0.0
-2.74642180  -5.16432390  0.0
-2.80757078  -5.09861779  0.0
-2.85914894  -5.03556946  0.0
-2.90115504  -4.97575004  0.0
-2.93358880  -4.91866663  0.0
-2.95638524  -4.86370946  0.0
-2.96962593  -4.80835793  0.0
-2.97139637  -4.79347258  0.0
-2.97262327  -4.76743509  0.0
-2.96416257  -4.69850771  0.0
-2.94615844  -4.64975334  0.0
-2.91858425  -4.60025630  0.0
-2.88136971  -4.54833348  0.0
-2.83458410  -4.49447880  0.0
-2.77822768  -4.43922219  0.0
-2.71230073  -4.38316720  0.0
-2.63673509  -4.32680726  0.0
-2.55159940  -4.27076529  0.0
-2.45682547  -4.21555452  0.0
-2.35255021  -4.16179058  0.0
-2.23856870  -4.10995223  0.0
-2.11508613  -4.06066170  0.0
-1.98203451  -4.01449341  0.0
-1.83934579  -3.97212415  0.0
-1.68702052  -3.93430593  0.0
-1.52519657  -3.90211882  0.0
-1.35373735  -3.87702523  0.0
-1.17332317  -3.86035058  0.0
-0.99105922  -3.85204722  0.0
-0.80879105  -3.85075555  0.0
-0.62658808  -3.85538922  0.0
-0.44431438  -3.86512142  0.0
-0.26203884  -3.87937131  0.0
-0.07982998  -3.89762637  0.0
 0.10244882  -3.91942191  0.0
 0.28472896  -3.94429320  0.0
 0.46694174  -3.97189167  0.0
 0.64921690  -4.00199178  0.0
 0.83150649  -4.03432015  0.0
 1.01372159  -4.06866489  0.0
 1.19600568  -4.10483465  0.0
 1.37829032  -4.14264487  0.0
 1.56050718  -4.18191103  0.0
 1.74279292  -4.22248277  0.0
 1.92507919  -4.26418237  0.0
 2.10729753  -4.30682529  0.0
 2.28691893  -4.34970751  0.0
 2.45936396  -4.39155772  0.0
 2.62463265  -4.43222558  0.0
 2.78279335  -4.47154020  0.0
 2.93377766  -4.50935121  0.0
 3.07758539  -4.54554237  0.0
 3.21428478  -4.58010681  0.0
 3.34387560  -4.61301030  0.0
 3.46628876  -4.64431417  0.0
 3.58152344  -4.67428475  0.0
 3.68964839  -4.70329805  0.0
 3.79059785  -4.73132742  0.0
 3.81472442  -4.73811430  0.0
 3.81472509  -4.73811448  0.0
 3.83837419  -4.74473760  0.0
 3.83837580  -4.74473805  0.0
 3.86117500  -4.75105477  0.0
 3.86117500  -4.78345153  0.0
;;

# interior:
# ---------
 3.85867500  -4.78022210  0.0
 3.85867500  -4.75295630  0.0
 3.83770830  -4.74714729  0.0
 3.83770495  -4.74714636  0.0
 3.83770334  -4.74714591  0.0
 3.83769999  -4.74714497  0.0
 3.81404950  -4.74052147  0.0
 3.81404744  -4.74052089  0.0
 3.78992494  -4.73373516  0.0
 3.68899000  -4.70570982  0.0
 3.58088484  -4.67670183  0.0
 3.46566443  -4.64673496  0.0
 3.34325829  -4.61543289  0.0
 3.21367074  -4.58253022  0.0
 3.07697391  -4.54796643  0.0
 2.93316893  -4.51177597  0.0
 2.78218815  -4.47396584  0.0
 2.62403243  -4.43465246  0.0
 2.45877048  -4.39398626  0.0
 2.28633387  -4.35213809  0.0
 2.10672243  -4.30925825  0.0
 1.92451561  -4.26661803  0.0
 1.74224260  -4.22492145  0.0
 1.55997228  -4.18435315  0.0
 1.37777312  -4.14509080  0.0
 1.19550850  -4.10728474  0.0
 1.01324676  -4.07111941  0.0
 0.83105667  -4.03677938  0.0
 0.64879494  -4.00445596  0.0
 0.46655087  -3.97436099  0.0
 0.28437276  -3.94676777  0.0
 0.10213140  -3.92190176  0.0
-0.08010302  -3.90011153  0.0
-0.26226091  -3.88186158  0.0
-0.44447848  -3.86761622  0.0
-0.62668652  -3.85788753  0.0
-0.80881398  -3.85325578  0.0
-0.99099345  -3.85454681  0.0
-1.17315114  -3.86284534  0.0
-1.35344108  -3.87950850  0.0
-1.52477143  -3.90458323  0.0
-1.68647517  -3.93674643  0.0
-1.83868844  -3.97453684  0.0
-1.98126853  -4.01687384  0.0
-2.11421249  -4.06300478  0.0
-2.23758726  -4.11225228  0.0
-2.35145923  -4.16404081  0.0
-2.45562263  -4.21774708  0.0
-2.55028192  -4.27289106  0.0
-2.63529924  -4.32885511  0.0
-2.71074211  -4.38512349  0.0
-2.77654073  -4.44106936  0.0
-2.83276241  -4.49619387  0.0
-2.87940579  -4.54988483  0.0
-2.91646946  -4.60159714  0.0
-2.94388028  -4.65080093  0.0
-2.96171663  -4.69910094  0.0
-2.97011606  -4.76752922  0.0
-2.96890334  -4.79326585  0.0
-2.96716063  -4.80791800  0.0
-2.95400000  -4.86293486  0.0
-2.93133880  -4.91756599  0.0
-2.89904043  -4.97441113  0.0
-2.85715578  -5.03405759  0.0
-2.80568632  -5.09697305  0.0
-2.74463846  -5.16257050  0.0
-2.67394712  -5.23062798  0.0
-2.59368665  -5.30024848  0.0
-2.50385721  -5.37064445  0.0
-2.40439061  -5.44118586  0.0
-2.29542524  -5.51107800  0.0
-2.17676116  -5.57964781  0.0
-2.04860713  -5.64552049  0.0
-1.91082548  -5.70758368  0.0
-1.76348873  -5.76466813  0.0
-1.60660727  -5.81505725  0.0
-1.44012471  -5.85634002  0.0
-1.26411180  -5.88520914  0.0
-1.08209902  -5.89834654  0.0
-0.90013857  -5.89538439  0.0
-0.71807412  -5.87784695  0.0
-0.53596821  -5.84807636  0.0
-0.35389301  -5.80813045  0.0
-0.17171339  -5.75997956  0.0
 0.01049464  -5.70575440  0.0
 0.19265423  -5.64676093  0.0
 0.37490030  -5.58413990  0.0
 0.55716093  -5.51909465  0.0
 0.73936194  -5.45244024  0.0
 0.92163888  -5.38453918  0.0
 1.10392563  -5.31606716  0.0
 1.28614673  -5.24771033  0.0
 1.28615050  -5.24770892  0.0
 1.28615231  -5.24770825  0.0
 1.28615608  -5.24770684  0.0
 1.46844553  -5.17999250  0.0
 1.46845246  -5.17998993  0.0
 1.46845578  -5.17998871  0.0
 1.46846272  -5.17998617  0.0
 1.65075217  -5.11349529  0.0
 1.65076296  -5.11349138  0.0
 1.65076814  -5.11348952  0.0
 1.65077895  -5.11348566  0.0
 1.83300005  -5.04890858  0.0
 1.83301570  -5.04890309  0.0
 1.83302322  -5.04890048  0.0
 1.83303891  -5.04889510  0.0
 2.01532836  -4.98700417  0.0
 2.01534931  -4.98699716  0.0
 2.01535939  -4.98699384  0.0
 2.01538040  -4.98698702  0.0
 2.19719140  -4.92882117  0.0
 2.19721942  -4.92881238  0.0
 2.19723290  -4.92880824  0.0
 2.19726102  -4.92879979  0.0
 2.37326227  -4.87701783  0.0
 2.37329761  -4.87700771  0.0
 2.37331461  -4.87700298  0.0
 2.37335009  -4.87699339  0.0
 2.54224294  -4.83265474  0.0
 2.54228408  -4.83264432  0.0
 2.54230387  -4.83263948  0.0
 2.54234517  -4.83262975  0.0
 2.70406127  -4.79599415  0.0
 2.70410613  -4.79598442  0.0
 2.70412771  -4.79597995  0.0
 2.70417274  -4.79597104  0.0
 2.85871209  -4.76688128  0.0
 2.85876278  -4.76687228  0.0
 2.85878715  -4.76686821  0.0
 2.85883801  -4.76686026  0.0
 3.00626896  -4.74535051  0.0
 3.00632251  -4.74534329  0.0
 3.00634824  -4.74534010  0.0
 3.00640194  -4.74533404  0.0
 3.14665614  -4.73102838  0.0
 3.14671073  -4.73102342  0.0
 3.14673696  -4.73102132  0.0
 3.14679165  -4.73101756  0.0
 3.27993745  -4.72331451  0.0
 3.27999423  -4.72331187  0.0
 3.28002150  -4.72331092  0.0
 3.28007832  -4.72330957  0.0
 3.40604737  -4.72175803  0.0
 3.40610903  -4.72175803  0.0
 3.40613863  -4.72175839  0.0
 3.40620027  -4.72175991  0.0
 3.52506092  -4.72616165  0.0
 3.52513172  -4.72616528  0.0
 3.52516567  -4.72616750  0.0
 3.52523633  -4.72617314  0.0
 3.63692023  -4.73667170  0.0
 3.63699817  -4.73668026  0.0
 3.63703551  -4.73668495  0.0
 3.63711315  -4.73669596  0.0
 3.74162030  -4.75318198  0.0
 3.74170080  -4.75319603  0.0
 3.74173931  -4.75320340  0.0
 3.74181930  -4.75322007  0.0
 3.83921805  -4.77518776  0.0
 3.83925631  -4.77519671  0.0
 3.83927464  -4.77520115  0.0
 3.83931276  -4.77521069  0.0
 3.85867500  -4.78022210  0.0
;;

