# exterior:
# ---------
 3.64507000  -4.73288932  0.0
 3.63789227  -4.73175703  0.0
 3.63738818  -4.73169364  0.0
 3.52570428  -4.72119508  0.0
 3.52524596  -4.72116508  0.0
 3.40638531  -4.71676334  0.0
 3.40598579  -4.71675840  0.0
 3.35235156  -4.71741901  0.0
 3.35235156  -4.70091776  0.0
 3.40578258  -4.70025966  0.0
 3.40618956  -4.70025966  0.0
 3.40658908  -4.70026460  0.0
 3.40699593  -4.70027464  0.0
 3.52585658  -4.70467638  0.0
 3.52632382  -4.70470032  0.0
 3.52678214  -4.70473033  0.0
 3.52724851  -4.70476750  0.0
 3.63893241  -4.71526606  0.0
 3.63944685  -4.71532257  0.0
 3.63995094  -4.71538596  0.0
 3.64046335  -4.71545858  0.0
 3.64507000  -4.71618528  0.0
 3.64507000  -4.73288932  0.0
;;

