# exterior:
# ---------
-0.83600000  -5.89232056  0.0
-0.89996445  -5.89848197  0.0
-1.08218555  -5.90144836  0.0
-1.26447500  -5.88829098  0.0
-1.44074965  -5.85937893  0.0
-1.60745530  -5.81804085  0.0
-1.76452360  -5.76759172  0.0
-1.91202290  -5.71044428  0.0
-2.04995320  -5.64831413  0.0
-2.17824615  -5.58237006  0.0
-2.29703845  -5.51372615  0.0
-2.40612505  -5.44375626  0.0
-2.50571100  -5.37313020  0.0
-2.59565960  -5.30264084  0.0
-2.67603920  -5.23291701  0.0
-2.74684980  -5.16474472  0.0
-2.80802305  -5.09901253  0.0
-2.85962730  -5.03593231  0.0
-2.90166255  -4.97607138  0.0
-2.93412880  -4.91893078  0.0
-2.95695770  -4.86389536  0.0
-2.97021760  -4.80846351  0.0
-2.97199470  -4.79352220  0.0
-2.97322500  -4.76741250  0.0
-2.96474960  -4.69836533  0.0
-2.94670520  -4.64950192  0.0
-2.91909180  -4.59993449  0.0
-2.88184105  -4.54796115  0.0
-2.83502130  -4.49406718  0.0
-2.77863255  -4.43877886  0.0
-2.71267480  -4.38269769  0.0
-2.63707970  -4.32631577  0.0
-2.55191560  -4.27025510  0.0
-2.45711415  -4.21502830  0.0
-2.35281205  -4.16125052  0.0
-2.23880425  -4.10940021  0.0
-2.11529580  -4.06009936  0.0
-1.98221835  -4.01392210  0.0
-1.83950355  -3.97154510  0.0
-1.68715140  -3.93372021  0.0
-1.52529860  -3.90152736  0.0
-1.35380845  -3.87642924  0.0
-1.17336445  -3.85975184  0.0
-0.99107500  -3.85144731  0.0
-0.83600000  -3.85034836  0.0
-0.83600000  -3.85094837  0.0
-0.99105922  -3.85204722  0.0
-1.17332317  -3.86035058  0.0
-1.35373735  -3.87702523  0.0
-1.52519657  -3.90211882  0.0
-1.68702052  -3.93430593  0.0
-1.83934579  -3.97212415  0.0
-1.98203451  -4.01449341  0.0
-2.11508613  -4.06066170  0.0
-2.23856870  -4.10995223  0.0
-2.35255021  -4.16179058  0.0
-2.45682547  -4.21555452  0.0
-2.55159940  -4.27076529  0.0
-2.63673509  -4.32680726  0.0
-2.71230073  -4.38316720  0.0
-2.77822768  -4.43922219  0.0
-2.83458410  -4.49447880  0.0
-2.88136971  -4.54833348  0.0
-2.91858425  -4.60025630  0.0
-2.94615844  -4.64975334  0.0
-2.96416257  -4.69850771  0.0
-2.97262327  -4.76743509  0.0
-2.97139637  -4.79347258  0.0
-2.96962593  -4.80835793  0.0
-2.95638524  -4.86370946  0.0
-2.93358880  -4.91866663  0.0
-2.90115504  -4.97575004  0.0
-2.85914894  -5.03556946  0.0
-2.80757078  -5.09861779  0.0
-2.74642180  -5.16432390  0.0
-2.67563428  -5.23247397  0.0
-2.59527774  -5.30217781  0.0
-2.50535220  -5.37264909  0.0
-2.40578935  -5.44325876  0.0
-2.29672622  -5.51321360  0.0
-2.17795873  -5.58184317  0.0
-2.04969267  -5.64777343  0.0
-1.91179114  -5.70989062  0.0
-1.76432330  -5.76702586  0.0
-1.60729117  -5.81746338  0.0
-1.44062869  -5.85879076  0.0
-1.26440470  -5.88769450  0.0
-1.08216880  -5.90084801  0.0
-0.89999815  -5.89788244  0.0
-0.83600000  -5.89171779  0.0
-0.83600000  -5.89232056  0.0
;;

