# exterior:
# ---------
-0.75000000  -3.90176669  0.0
-0.62853728  -3.90485566  0.0
-0.44756350  -3.91451845  0.0
-0.26643567  -3.92867861  0.0
-0.08523625  -3.94683254  0.0
 0.09616388  -3.96852301  0.0
 0.27767613  -3.99328953  0.0
 0.45920247  -4.02078403  0.0
 0.64086223  -4.05078252  0.0
 0.75000000  -4.07013768  0.0
 0.74700000  -4.07265246  0.0
 0.64035589  -4.05373953  0.0
 0.45873343  -4.02374721  0.0
 0.27724868  -3.99625901  0.0
 0.09578297  -3.97149884  0.0
-0.08556391  -3.94981473  0.0
-0.26670215  -3.93166693  0.0
-0.44776041  -3.91751221  0.0
-0.62865542  -3.90785362  0.0
-0.74700000  -3.90484396  0.0
-0.75000000  -3.90176669  0.0
;;

