# exterior:
# ---------
 3.85367500  -4.77376322  0.0
 3.84056559  -4.77037020  0.0
 3.84031814  -4.77031028  0.0
 3.74291939  -4.74834259  0.0
 3.74239942  -4.74824305  0.0
 3.63789227  -4.73175703  0.0
 3.63738818  -4.73169364  0.0
 3.52570428  -4.72119508  0.0
 3.52524596  -4.72116508  0.0
 3.40638531  -4.71676334  0.0
 3.40598579  -4.71675840  0.0
 3.28001674  -4.71830995  0.0
 3.27964866  -4.71832286  0.0
 3.14650286  -4.72602590  0.0
 3.14614878  -4.72605419  0.0
 3.00589458  -4.74035984  0.0
 3.00554711  -4.74040289  0.0
 2.86177500  -4.76137882  0.0
 2.86177500  -4.74470414  0.0
 3.00316503  -4.72407575  0.0
 3.00351846  -4.72402808  0.0
 3.00386592  -4.72398503  0.0
 3.00422030  -4.72394501  0.0
 3.14447450  -4.70963935  0.0
 3.14483482  -4.70960659  0.0
 3.14518891  -4.70957830  0.0
 3.14554986  -4.70955345  0.0
 3.27869566  -4.70185040  0.0
 3.27907041  -4.70183299  0.0
 3.27943848  -4.70182009  0.0
 3.27981353  -4.70181120  0.0
 3.40578258  -4.70025966  0.0
 3.40618956  -4.70025966  0.0
 3.40658908  -4.70026460  0.0
 3.40699593  -4.70027464  0.0
 3.52585658  -4.70467638  0.0
 3.52632382  -4.70470032  0.0
 3.52678214  -4.70473033  0.0
 3.52724851  -4.70476750  0.0
 3.63893241  -4.71526606  0.0
 3.63944685  -4.71532257  0.0
 3.63995094  -4.71538596  0.0
 3.64046335  -4.71545858  0.0
 3.64507000  -4.71618528  0.0
 3.57539288  -4.69748873  0.0
 3.46029522  -4.66755378  0.0
 3.33794945  -4.63626715  0.0
 3.20839002  -4.60337163  0.0
 3.07171512  -4.56881338  0.0
 2.92793387  -4.53262889  0.0
 2.86177500  -4.51606072  0.0
 2.86177500  -4.49905118  0.0
 2.93195147  -4.51662548  0.0
 3.07575093  -4.55281456  0.0
 3.21244267  -4.58737706  0.0
 3.34202368  -4.62027806  0.0
 3.46441578  -4.65157655  0.0
 3.57960764  -4.68153599  0.0
 3.68767323  -4.71053337  0.0
 3.78857911  -4.73855063  0.0
 3.81269348  -4.74533408  0.0
 3.81270248  -4.74533661  0.0
 3.83635158  -4.75195972  0.0
 3.83637330  -4.75196577  0.0
 3.85367500  -4.75675936  0.0
 3.85367500  -4.77376322  0.0
;;

