# exterior:
# ---------
-0.75000000  -3.85475150  0.0
-0.62668652  -3.85788753  0.0
-0.44447848  -3.86761622  0.0
-0.26226091  -3.88186158  0.0
-0.08010302  -3.90011153  0.0
 0.10213140  -3.92190176  0.0
 0.28437276  -3.94676777  0.0
 0.46655087  -3.97436099  0.0
 0.64879494  -4.00445596  0.0
 0.75000000  -4.02240429  0.0
 0.75000000  -4.02748231  0.0
 0.64795104  -4.00938432  0.0
 0.46576912  -3.97929961  0.0
 0.28366035  -3.95171689  0.0
 0.10149655  -3.92686147  0.0
-0.08064911  -3.90508185  0.0
-0.26270503  -3.88684211  0.0
-0.44480667  -3.87260582  0.0
-0.62688341  -3.86288414  0.0
-0.75000000  -3.85975312  0.0
-0.75000000  -3.85475150  0.0
;;

