# exterior:
# ---------
 0.75000000  -5.39832225  0.0
 0.72308470  -5.40834863  0.0
 0.54118824  -5.47489162  0.0
 0.35936447  -5.53978096  0.0
 0.17777614  -5.60217599  0.0
-0.00345081  -5.66086742  0.0
-0.18442444  -5.71472523  0.0
-0.36493888  -5.76243600  0.0
-0.54480201  -5.80189659  0.0
-0.72412537  -5.83121230  0.0
-0.75000000  -5.83370468  0.0
-0.74700000  -5.83040182  0.0
-0.72451162  -5.82823562  0.0
-0.54536587  -5.79894895  0.0
-0.36564393  -5.75951933  0.0
-0.18523578  -5.71183665  0.0
-0.00434095  -5.65800229  0.0
 0.17682647  -5.59933015  0.0
 0.35837282  -5.53694954  0.0
 0.54016871  -5.47207015  0.0
 0.72204572  -5.40553427  0.0
 0.74700000  -5.39623841  0.0
 0.75000000  -5.39832225  0.0
;;

