# exterior:
# ---------
-0.75000000  -3.85975312  0.0
-0.62688341  -3.86288414  0.0
-0.44480667  -3.87260582  0.0
-0.26270503  -3.88684211  0.0
-0.08064911  -3.90508185  0.0
 0.10149655  -3.92686147  0.0
 0.28366035  -3.95171689  0.0
 0.46576912  -3.97929961  0.0
 0.64795104  -4.00938432  0.0
 0.75000000  -4.02748231  0.0
 0.75000000  -4.07013768  0.0
 0.64086223  -4.05078252  0.0
 0.45920247  -4.02078403  0.0
 0.27767613  -3.99328953  0.0
 0.09616388  -3.96852301  0.0
-0.08523625  -3.94683254  0.0
-0.26643567  -3.92867861  0.0
-0.44756350  -3.91451845  0.0
-0.62853728  -3.90485566  0.0
-0.75000000  -3.90176669  0.0
-0.75000000  -3.85975312  0.0
;;

