# exterior:
# ---------
 0.83600000   5.49202583  0.0
 1.01229711   5.45879654  0.0
 1.19451416   5.42264009  0.0
 1.37673871   5.38484233  0.0
 1.55890249   5.34558761  0.0
 1.74114195   5.30502617  0.0
 1.92338844   5.26333566  0.0
 2.10557223   5.22070083  0.0
 2.28516373   5.17782575  0.0
 2.45758352   5.13598166  0.0
 2.62283198   5.09531879  0.0
 2.78097775   5.05600788  0.0
 2.86177500   5.03577382  0.0
 2.86177500   4.98422978  0.0
 2.76887371   5.00749505  0.0
 2.61082756   5.04678120  0.0
 2.44571387   5.08741091  0.0
 2.27346238   5.12921416  0.0
 2.09407029   5.17204163  0.0
 1.91211680   5.21462257  0.0
 1.73013550   5.25625241  0.0
 1.54820457   5.29674517  0.0
 1.36639464   5.33592365  0.0
 1.18457068   5.37363831  0.0
 1.00280054   5.40970609  0.0
 0.83600000   5.44114542  0.0
 0.83600000   5.49202583  0.0
;;

