# exterior:
# ---------
-0.75000000   3.70112032  0.0
-0.75000000   5.63305831  0.0
-0.62853728   5.62996934  0.0
-0.44756350   5.62030655  0.0
-0.26643567   5.60614639  0.0
-0.08523625   5.58799246  0.0
 0.09616388   5.56630199  0.0
 0.27767613   5.54153547  0.0
 0.45920247   5.51404097  0.0
 0.64086223   5.48404248  0.0
 0.75000000   5.46468732  0.0
 0.75000000   4.13650275  0.0
 0.72308470   4.12647637  0.0
 0.54118824   4.05993338  0.0
 0.35936447   3.99504404  0.0
 0.17777614   3.93264901  0.0
-0.00345081   3.87395758  0.0
-0.18442444   3.82009977  0.0
-0.36493888   3.77238900  0.0
-0.54480201   3.73292841  0.0
-0.72412537   3.70361270  0.0
-0.75000000   3.70112032  0.0
;;

# interior:
# ---------
-0.74700000   3.70442318  0.0
-0.72451162   3.70658938  0.0
-0.54536587   3.73587605  0.0
-0.36564393   3.77530567  0.0
-0.18523578   3.82298835  0.0
-0.00434095   3.87682271  0.0
 0.17682647   3.93549485  0.0
 0.35837282   3.99787546  0.0
 0.54016871   4.06275485  0.0
 0.72204572   4.12929073  0.0
 0.74700000   4.13858659  0.0
 0.74700000   5.46217254  0.0
 0.64035589   5.48108547  0.0
 0.45873343   5.51107779  0.0
 0.27724868   5.53856599  0.0
 0.09578297   5.56332616  0.0
-0.08556391   5.58501027  0.0
-0.26670215   5.60315807  0.0
-0.44776041   5.61731279  0.0
-0.62865542   5.62697138  0.0
-0.74700000   5.62998104  0.0
-0.74700000   3.70442318  0.0
;;

