# exterior:
# ---------
-0.83600000   5.64637569  0.0
-0.83600000   3.68078078  0.0
-0.90210447   3.67441324  0.0
-1.08112212   3.67149900  0.0
-1.26001110   3.68441093  0.0
-1.43306891   3.71279537  0.0
-1.59703279   3.75345357  0.0
-1.75180473   3.80316513  0.0
-1.89730618   3.85953851  0.0
-2.03340951   3.92084571  0.0
-2.15999515   3.98591222  0.0
-2.27721157   4.05364550  0.0
-2.38480826   4.12265975  0.0
-2.48292734   4.19224550  0.0
-2.57141137   4.26158712  0.0
-2.65032689   4.33004097  0.0
-2.71967174   4.39680212  0.0
-2.77930384   4.46087832  0.0
-2.82925155   4.52193360  0.0
-2.86943583   4.57915863  0.0
-2.89983885   4.63266795  0.0
-2.92060663   4.68273445  0.0
-2.93264649   4.73306603  0.0
-2.93400088   4.74445338  0.0
-2.93501513   4.76597797  0.0
-2.92747339   4.82741880  0.0
-2.91198607   4.86935776  0.0
-2.88686236   4.91445606  0.0
-2.85191097   4.96322127  0.0
-2.80725880   5.01462016  0.0
-2.75292337   5.06789523  0.0
-2.68892143   5.12231345  0.0
-2.61519724   5.17729997  0.0
-2.53183713   5.23217313  0.0
-2.43878285   5.28638211  0.0
-2.33618541   5.33928098  0.0
-2.22384710   5.39037201  0.0
-2.10198151   5.43901708  0.0
-1.97054477   5.48462503  0.0
-1.82948557   5.52651042  0.0
-1.67884028   5.56391154  0.0
-1.51881946   5.59574001  0.0
-1.34929341   5.62055068  0.0
-1.17074286   5.63705308  0.0
-0.99007268   5.64528383  0.0
-0.83600000   5.64637569  0.0
;;

# interior:
# ---------
-0.83900000   5.64335435  0.0
-0.98999375   5.64228432  0.0
-1.17053643   5.63405937  0.0
-1.34893790   5.61757075  0.0
-1.51830929   5.59278271  0.0
-1.67818586   5.56098294  0.0
-1.82869675   5.52361518  0.0
-1.96962559   5.48176850  0.0
-2.10093314   5.43620539  0.0
-2.22266937   5.38761195  0.0
-2.33487623   5.33658070  0.0
-2.43733944   5.28375104  0.0
-2.53025615   5.22962221  0.0
-2.61347421   5.17484254  0.0
-2.68705109   5.11996590  0.0
-2.75089902   5.06567862  0.0
-2.80507278   5.01256207  0.0
-2.84955427   4.96135965  0.0
-2.88432461   4.91284705  0.0
-2.90925228   4.86810065  0.0
-2.92453826   4.82670692  0.0
-2.93200648   4.76586502  0.0
-2.93100924   4.74470145  0.0
-2.92968813   4.73359395  0.0
-2.91774434   4.68366396  0.0
-2.89713886   4.63398872  0.0
-2.86689829   4.58076532  0.0
-2.82685976   4.52374785  0.0
-2.77704249   4.46285201  0.0
-2.71753174   4.39890621  0.0
-2.64830229   4.33225616  0.0
-2.56950206   4.26390232  0.0
-2.48113335   4.19465107  0.0
-2.38312977   4.12514723  0.0
-2.27565040   4.05620823  0.0
-2.15855806   3.98854665  0.0
-2.03210685   3.92354924  0.0
-1.89614738   3.86230684  0.0
-1.75080324   3.80599441  0.0
-1.59621212   3.75634092  0.0
-1.43246413   3.71573626  0.0
-1.25965962   3.68739337  0.0
-1.08103839   3.67450076  0.0
-0.90227298   3.67741089  0.0
-0.83900000   3.68350569  0.0
-0.83900000   5.64335435  0.0
;;

