# exterior:
# ---------
 3.86177500   4.75059840  0.0
 3.83853600   4.75661320  0.0
 3.74113725   4.77858089  0.0
 3.63663010   4.79506691  0.0
 3.52494620   4.80556547  0.0
 3.40608555   4.80996721  0.0
 3.28011650   4.80841567  0.0
 3.14697070   4.80071262  0.0
 3.00671650   4.78640696  0.0
 2.85928555   4.76489722  0.0
 2.70474620   4.73580746  0.0
 2.54303010   4.69917186  0.0
 2.37413725   4.65483322  0.0
 2.19813600   4.60305125  0.0
 2.01632500   4.54488540  0.0
 1.83403555   4.48299448  0.0
 1.65181445   4.41841740  0.0
 1.46952500   4.35192652  0.0
 1.28723555   4.28421217  0.0
 1.10501445   4.21585534  0.0
 0.92272500   4.14738231  0.0
 0.74043555   4.07947659  0.0
 0.55821445   4.01281483  0.0
 0.37592500   3.94775930  0.0
 0.19363555   3.88512336  0.0
 0.01141445   3.82610997  0.0
-0.17087500   3.77186057  0.0
-0.35316445   3.72368066  0.0
-0.53538555   3.68370274  0.0
-0.71767500   3.65390214  0.0
-0.89996445   3.63634303  0.0
-1.08218555   3.63337664  0.0
-1.26447500   3.64653401  0.0
-1.44074965   3.67544607  0.0
-1.60745530   3.71678415  0.0
-1.76452360   3.76723328  0.0
-1.91202290   3.82438071  0.0
-2.04995320   3.88651086  0.0
-2.17824615   3.95245494  0.0
-2.29703845   4.02109885  0.0
-2.40612505   4.09106874  0.0
-2.50571100   4.16169480  0.0
-2.59565960   4.23218415  0.0
-2.67603920   4.30190799  0.0
-2.74684980   4.37008028  0.0
-2.80802305   4.43581247  0.0
-2.85962730   4.49889269  0.0
-2.90166255   4.55875362  0.0
-2.93412880   4.61589422  0.0
-2.95695770   4.67092964  0.0
-2.97021760   4.72636149  0.0
-2.97199470   4.74130280  0.0
-2.97322500   4.76741250  0.0
-2.96474960   4.83645967  0.0
-2.94670520   4.88532308  0.0
-2.91909180   4.93489051  0.0
-2.88184105   4.98686385  0.0
-2.83502130   5.04075782  0.0
-2.77863255   5.09604613  0.0
-2.71267480   5.15212731  0.0
-2.63707970   5.20850923  0.0
-2.55191560   5.26456990  0.0
-2.45711415   5.31979669  0.0
-2.35281205   5.37357447  0.0
-2.23880425   5.42542478  0.0
-2.11529580   5.47472564  0.0
-1.98221835   5.52090290  0.0
-1.83950355   5.56327990  0.0
-1.68715140   5.60110479  0.0
-1.52529860   5.63329764  0.0
-1.35380845   5.65839576  0.0
-1.17336445   5.67507316  0.0
-0.99107500   5.68337768  0.0
-0.80878555   5.68466950  0.0
-0.62656445   5.68003537  0.0
-0.44427500   5.67030233  0.0
-0.26198555   5.65605135  0.0
-0.07976445   5.63779507  0.0
 0.10252500   5.61599826  0.0
 0.28481445   5.59112569  0.0
 0.46703555   5.56352596  0.0
 0.64931817   5.53342462  0.0
 0.83161445   5.50109507  0.0
 1.01383555   5.46674920  0.0
 1.19612500   5.43057837  0.0
 1.37841445   5.39276715  0.0
 1.56063555   5.35350008  0.0
 1.74292500   5.31292752  0.0
 1.92521445   5.27122718  0.0
 2.10743555   5.22858362  0.0
 2.28705935   5.18570083  0.0
 2.45950640   5.14385013  0.0
 2.62477670   5.10318187  0.0
 2.78293860   5.06386695  0.0
 2.93392375   5.02605573  0.0
 3.07773215   4.98986441  0.0
 3.21443215   4.95529982  0.0
 3.34402375   4.92239612  0.0
 3.46643860   4.89109183  0.0
 3.58167670   4.86112035  0.0
 3.68980640   4.83210577  0.0
 3.79075935   4.80407544  0.0
 3.81488690   4.79728828  0.0
 3.83853600   4.79066517  0.0
 3.86177500   4.78422660  0.0
 3.86177500   4.75059840  0.0
;;

# interior:
# ---------
 3.86117500   4.75137347  0.0
 3.86117500   4.78377023  0.0
 3.83837580   4.79008695  0.0
 3.83837419   4.79008740  0.0
 3.81472509   4.79671052  0.0
 3.81472442   4.79671070  0.0
 3.79059785   4.80349758  0.0
 3.68964839   4.83152695  0.0
 3.58152344   4.86054025  0.0
 3.46628876   4.89051083  0.0
 3.34387560   4.92181470  0.0
 3.21428478   4.95471819  0.0
 3.07758539   4.98928263  0.0
 2.93377766   5.02547379  0.0
 2.78279335   5.06328480  0.0
 2.62463265   5.10259942  0.0
 2.45936396   5.14326728  0.0
 2.28691893   5.18511749  0.0
 2.10729753   5.22799971  0.0
 1.92507919   5.27064263  0.0
 1.74279292   5.31234223  0.0
 1.56050718   5.35291397  0.0
 1.37829032   5.39218013  0.0
 1.19600568   5.42999035  0.0
 1.01372159   5.46616011  0.0
 0.83150649   5.50050485  0.0
 0.64921690   5.53283322  0.0
 0.46694174   5.56293333  0.0
 0.28472896   5.59053180  0.0
 0.10244882   5.61540309  0.0
-0.07982998   5.63719863  0.0
-0.26203884   5.65545369  0.0
-0.44431438   5.66970358  0.0
-0.62658808   5.67943578  0.0
-0.80879105   5.68406945  0.0
-0.99105922   5.68277778  0.0
-1.17332317   5.67447442  0.0
-1.35373735   5.65779977  0.0
-1.52519657   5.63270618  0.0
-1.68702052   5.60051907  0.0
-1.83934579   5.56270085  0.0
-1.98203451   5.52033159  0.0
-2.11508613   5.47416330  0.0
-2.23856870   5.42487277  0.0
-2.35255021   5.37303442  0.0
-2.45682547   5.31927048  0.0
-2.55159940   5.26405971  0.0
-2.63673509   5.20801774  0.0
-2.71230073   5.15165780  0.0
-2.77822768   5.09560281  0.0
-2.83458410   5.04034620  0.0
-2.88136971   4.98649152  0.0
-2.91858425   4.93456870  0.0
-2.94615844   4.88507166  0.0
-2.96416257   4.83631729  0.0
-2.97262327   4.76738991  0.0
-2.97139637   4.74135242  0.0
-2.96962593   4.72646707  0.0
-2.95638524   4.67111554  0.0
-2.93358880   4.61615837  0.0
-2.90115504   4.55907496  0.0
-2.85914894   4.49925554  0.0
-2.80757078   4.43620721  0.0
-2.74642180   4.37050110  0.0
-2.67563428   4.30235103  0.0
-2.59527774   4.23264719  0.0
-2.50535220   4.16217591  0.0
-2.40578935   4.09156624  0.0
-2.29672622   4.02161140  0.0
-2.17795873   3.95298183  0.0
-2.04969267   3.88705157  0.0
-1.91179114   3.82493438  0.0
-1.76432330   3.76779914  0.0
-1.60729117   3.71736162  0.0
-1.44062869   3.67603424  0.0
-1.26440470   3.64713050  0.0
-1.08216880   3.63397699  0.0
-0.89999815   3.63694256  0.0
-0.71775225   3.65449748  0.0
-0.53549832   3.68429227  0.0
-0.35330546   3.72426399  0.0
-0.17103727   3.77243829  0.0
 0.01123642   3.82668300  0.0
 0.19344562   3.88569253  0.0
 0.37572667   3.94832558  0.0
 0.55801054   4.01337912  0.0
 0.74022776   4.08003946  0.0
 0.92251478   4.14794428  0.0
 1.10480371   4.21641711  0.0
 1.28702481   4.28477395  0.0
 1.28702662   4.28477462  0.0
 1.46931607   4.35248897  0.0
 1.46931940   4.35249019  0.0
 1.65160885   4.41898107  0.0
 1.65161403   4.41898294  0.0
 1.83383513   4.48356002  0.0
 1.83384265   4.48356263  0.0
 2.01613210   4.54545355  0.0
 2.01614217   4.54545687  0.0
 2.19795317   4.60362272  0.0
 2.19796665   4.60362686  0.0
 2.37396790   4.65540882  0.0
 2.37398490   4.65541355  0.0
 2.54287775   4.69975219  0.0
 2.54289753   4.69975703  0.0
 2.70461363   4.73639263  0.0
 2.70463521   4.73639710  0.0
 2.85917456   4.76548686  0.0
 2.85919893   4.76549093  0.0
 3.00662988   4.78700068  0.0
 3.00665562   4.78700387  0.0
 3.14690982   4.80130952  0.0
 3.14693605   4.80131162  0.0
 3.28008185   4.80901466  0.0
 3.28010911   4.80901562  0.0
 3.40607816   4.81056716  0.0
 3.40610775   4.81056680  0.0
 3.52496840   4.80616506  0.0
 3.52500235   4.80616284  0.0
 3.63668625   4.79566428  0.0
 3.63672359   4.79565958  0.0
 3.74123074   4.77917356  0.0
 3.74126926   4.77916619  0.0
 3.83866801   4.75719850  0.0
 3.83868634   4.75719406  0.0
 3.86117500   4.75137347  0.0
;;

