# exterior:
# ---------
 0.75000000   4.09168325  0.0
 0.73763032   4.08707535  0.0
 0.55546171   4.02043280  0.0
 0.37324755   3.95540414  0.0
 0.19107145   3.89280715  0.0
 0.00901108   3.83384581  0.0
-0.17306563   3.77965973  0.0
-0.35506810   3.73155566  0.0
-0.53690797   3.69166138  0.0
-0.71871787   3.66193918  0.0
-0.75000000   3.65892592  0.0
-0.75000000   3.70112032  0.0
-0.72412537   3.70361270  0.0
-0.54480201   3.73292841  0.0
-0.36493888   3.77238900  0.0
-0.18442444   3.82009977  0.0
-0.00345081   3.87395758  0.0
 0.17777614   3.93264901  0.0
 0.35936447   3.99504404  0.0
 0.54118824   4.05993338  0.0
 0.72308470   4.12647637  0.0
 0.75000000   4.13650275  0.0
 0.75000000   4.09168325  0.0
;;

