# exterior:
# ---------
-0.83600000   3.65064193  0.0
-0.90041942   3.64443670  0.0
-1.08195947   3.64148139  0.0
-1.26352598   3.65458659  0.0
-1.43911674   3.68338647  0.0
-1.60523949   3.72458001  0.0
-1.76181959   3.77487233  0.0
-1.90889415   3.83185521  0.0
-2.04643604   3.89381040  0.0
-2.17436602   3.95956791  0.0
-2.29282329   4.02801822  0.0
-2.40159313   4.09778494  0.0
-2.50086723   4.16818983  0.0
-2.59050446   4.23843518  0.0
-2.67057280   4.30788902  0.0
-2.74107179   4.37576130  0.0
-2.80191739   4.44114143  0.0
-2.85316946   4.50379115  0.0
-2.89481120   4.56309169  0.0
-2.92683881   4.61946029  0.0
-2.94922952   4.67343932  0.0
-2.96223004   4.72778687  0.0
-2.96391727   4.74197261  0.0
-2.96510164   4.76710752  0.0
-2.95682474   4.83453759  0.0
-2.93932397   4.88192888  0.0
-2.91223987   4.93054618  0.0
-2.87547796   4.98183747  0.0
-2.82911904   5.03520099  0.0
-2.77316682   5.09006130  0.0
-2.70762487   5.14578893  0.0
-2.63242752   5.20187419  0.0
-2.54764695   5.25768239  0.0
-2.45321694   5.31269281  0.0
-2.34927725   5.36628373  0.0
-2.23562438   5.41797262  0.0
-2.11246520   5.46713406  0.0
-1.97973656   5.51319028  0.0
-1.83737374   5.55546277  0.0
-1.68538447   5.59319756  0.0
-1.52392115   5.62531295  0.0
-1.35284856   5.65034995  0.0
-1.17280710   5.66699015  0.0
-0.99086191   5.67527899  0.0
-0.83600000   5.67637644  0.0
-0.83600000   5.64637569  0.0
-0.99007268   5.64528383  0.0
-1.17074286   5.63705308  0.0
-1.34929341   5.62055068  0.0
-1.51881946   5.59574001  0.0
-1.67884028   5.56391154  0.0
-1.82948557   5.52651042  0.0
-1.97054477   5.48462503  0.0
-2.10198151   5.43901708  0.0
-2.22384710   5.39037201  0.0
-2.33618541   5.33928098  0.0
-2.43878285   5.28638211  0.0
-2.53183713   5.23217313  0.0
-2.61519724   5.17729997  0.0
-2.68892143   5.12231345  0.0
-2.75292337   5.06789523  0.0
-2.80725880   5.01462016  0.0
-2.85191097   4.96322127  0.0
-2.88686236   4.91445606  0.0
-2.91198607   4.86935776  0.0
-2.92747339   4.82741880  0.0
-2.93501513   4.76597797  0.0
-2.93400088   4.74445338  0.0
-2.93264649   4.73306603  0.0
-2.92060663   4.68273445  0.0
-2.89983885   4.63266795  0.0
-2.86943583   4.57915863  0.0
-2.82925155   4.52193360  0.0
-2.77930384   4.46087832  0.0
-2.71967174   4.39680212  0.0
-2.65032689   4.33004097  0.0
-2.57141137   4.26158712  0.0
-2.48292734   4.19224550  0.0
-2.38480826   4.12265975  0.0
-2.27721157   4.05364550  0.0
-2.15999515   3.98591222  0.0
-2.03340951   3.92084571  0.0
-1.89730618   3.85953851  0.0
-1.75180473   3.80316513  0.0
-1.59703279   3.75345357  0.0
-1.43306891   3.71279537  0.0
-1.26001110   3.68441093  0.0
-1.08112212   3.67149900  0.0
-0.90210447   3.67441324  0.0
-0.83600000   3.68078078  0.0
-0.83600000   3.65064193  0.0
;;

