# exterior:
# ---------
-0.74700000   3.70442318  0.0
-0.74700000   5.62998104  0.0
-0.62865542   5.62697138  0.0
-0.44776041   5.61731279  0.0
-0.26670215   5.60315807  0.0
-0.08556391   5.58501027  0.0
 0.09578297   5.56332616  0.0
 0.27724868   5.53856599  0.0
 0.45873343   5.51107779  0.0
 0.64035589   5.48108547  0.0
 0.74700000   5.46217254  0.0
 0.74700000   4.13858659  0.0
 0.72204572   4.12929073  0.0
 0.54016871   4.06275485  0.0
 0.35837282   3.99787546  0.0
 0.17682647   3.93549485  0.0
-0.00434095   3.87682271  0.0
-0.18523578   3.82298835  0.0
-0.36564393   3.77530567  0.0
-0.54536587   3.73587605  0.0
-0.72451162   3.70658938  0.0
-0.74700000   3.70442318  0.0
;;

# interior:
# ---------
-0.74200000   3.70992795  0.0
-0.72515537   3.71155052  0.0
-0.54630564   3.74078879  0.0
-0.36681902   3.78016678  0.0
-0.18658802   3.82780264  0.0
-0.00582451   3.88159792  0.0
 0.17524369   3.94023793  0.0
 0.35672007   4.00259450  0.0
 0.53846949   4.06745730  0.0
 0.72031410   4.13398132  0.0
 0.74200000   4.14205967  0.0
 0.74200000   5.45798125  0.0
 0.63951198   5.47615711  0.0
 0.45795168   5.50613917  0.0
 0.27653627   5.53361687  0.0
 0.09514813   5.55836646  0.0
-0.08611000   5.58003995  0.0
-0.26714627   5.59817753  0.0
-0.44808860   5.61232319  0.0
-0.62885231   5.62197477  0.0
-0.74200000   5.62485227  0.0
-0.74200000   3.70992795  0.0
;;

