# exterior:
# ---------
 3.64507000   4.81863972  0.0
 3.64046335   4.81936642  0.0
 3.63995094   4.81943904  0.0
 3.63944685   4.81950243  0.0
 3.63893241   4.81955894  0.0
 3.52724851   4.83005750  0.0
 3.52678214   4.83009467  0.0
 3.52632382   4.83012468  0.0
 3.52585658   4.83014862  0.0
 3.40699593   4.83455036  0.0
 3.40658908   4.83456040  0.0
 3.40618956   4.83456534  0.0
 3.40578258   4.83456534  0.0
 3.27981353   4.83301380  0.0
 3.27943848   4.83300491  0.0
 3.27907041   4.83299201  0.0
 3.27869566   4.83297460  0.0
 3.14554986   4.82527155  0.0
 3.14518891   4.82524670  0.0
 3.14483482   4.82521841  0.0
 3.14447450   4.82518565  0.0
 3.00422030   4.81087999  0.0
 3.00386592   4.81083997  0.0
 3.00351846   4.81079692  0.0
 3.00316503   4.81074925  0.0
 2.86177500   4.79012086  0.0
 2.86177500   4.82043847  0.0
 2.99883397   4.84043497  0.0
 2.99915503   4.84048005  0.0
 2.99950846   4.84052771  0.0
 2.99982999   4.84056931  0.0
 3.00017746   4.84061236  0.0
 3.00049942   4.84065048  0.0
 3.00085380   4.84069050  0.0
 3.00117615   4.84072514  0.0
 3.14143035   4.85503080  0.0
 3.14175776   4.85506238  0.0
 3.14211808   4.85509515  0.0
 3.14244581   4.85512314  0.0
 3.14279989   4.85515142  0.0
 3.14312791   4.85517582  0.0
 3.14348887   4.85520067  0.0
 3.14381713   4.85522147  0.0
 3.27696293   4.86292452  0.0
 3.27730352   4.86294228  0.0
 3.27767826   4.86295969  0.0
 3.27801903   4.86297358  0.0
 3.27838711   4.86298649  0.0
 3.27872801   4.86299650  0.0
 3.27910306   4.86300539  0.0
 3.27944405   4.86301152  0.0
 3.35235156   4.86390952  0.0
 3.33054177   4.86948678  0.0
 3.20102158   4.90237234  0.0
 3.06437729   4.93692285  0.0
 2.92062914   4.97309901  0.0
 2.86177500   4.98783786  0.0
 2.86177500   5.01876428  0.0
 2.92793387   5.00219611  0.0
 3.07171512   4.96601162  0.0
 3.20839002   4.93145337  0.0
 3.33794945   4.89855785  0.0
 3.46029522   4.86727122  0.0
 3.57539288   4.83733627  0.0
 3.64507000   4.81863972  0.0
;;

