# exterior:
# ---------
 0.83600000   2.18397630  0.0
 0.93769844   2.16844126  0.0
 1.11160054   2.13531767  0.0
 1.28555943   2.09541867  0.0
 1.45950396   2.04848560  0.0
 1.63336983   1.99414110  0.0
 1.80729025   1.93198102  0.0
 1.98072153   1.86172831  0.0
 2.14855274   1.78481925  0.0
 2.30955613   1.70173733  0.0
 2.46366401   1.61249024  0.0
 2.58339700   1.53471411  0.0
 2.58339700   1.41312361  0.0
 2.55412045   1.43448585  0.0
 2.41133532   1.52723619  0.0
 2.26154189   1.61398470  0.0
 2.10477066   1.69488271  0.0
 1.94109982   1.76988527  0.0
 1.77167494   1.83851509  0.0
 1.60161255   1.89929629  0.0
 1.43155148   1.95245154  0.0
 1.26134792   1.99837523  0.0
 1.09106027   2.03743220  0.0
 0.92078711   2.06986458  0.0
 0.83600000   2.08281631  0.0
 0.83600000   2.18397630  0.0
;;

