# exterior:
# ---------
 2.58339700  -1.53059654  0.0
 2.47413010  -1.60114884  0.0
 2.31915719  -1.69119164  0.0
 2.15730518  -1.77582497  0.0
 1.98863976  -1.85504204  0.0
 1.81440563  -1.92824003  0.0
 1.63971240  -1.99357150  0.0
 1.46508417  -2.05137698  0.0
 1.29039008  -2.10210835  0.0
 1.11569585  -2.14606685  0.0
 0.94106716  -2.18340961  0.0
 0.83600000  -2.20198842  0.0
 0.83600000  -2.19691085  0.0
 0.94010876  -2.17850152  0.0
 1.11456264  -2.14119613  0.0
 1.28908239  -2.09728154  0.0
 1.46360083  -2.04660118  0.0
 1.63805045  -1.98885482  0.0
 1.81256089  -1.92359171  0.0
 1.98660780  -1.85047238  0.0
 2.15508293  -1.77134468  0.0
 2.31674160  -1.68681244  0.0
 2.47151661  -1.59688463  0.0
 2.58339700  -1.52464483  0.0
 2.58339700  -1.53059654  0.0
;;

