# exterior:
# ---------
 0.75000000  -2.21658845  0.0
 0.59167969  -2.23871293  0.0
 0.41705228  -2.25661453  0.0
 0.24236005  -2.26786112  0.0
 0.06766846  -2.27232830  0.0
-0.10695687  -2.26982617  0.0
-0.28164697  -2.26011243  0.0
-0.45633623  -2.24293825  0.0
-0.63095891  -2.21791730  0.0
-0.75000000  -2.19516693  0.0
-0.75000000  -2.19007643  0.0
-0.63013458  -2.21298435  0.0
-0.45573674  -2.23797308  0.0
-0.28126340  -2.25512603  0.0
-0.10678218  -2.26482816  0.0
 0.06764036  -2.26732738  0.0
 0.24213544  -2.26286523  0.0
 0.41663657  -2.25163094  0.0
 0.59107854  -2.23374835  0.0
 0.75000000  -2.21153987  0.0
 0.75000000  -2.21658845  0.0
;;

