# exterior:
# ---------
 3.58339700   0.00000000  0.0
 3.56112360  -0.24862355  0.0
 3.46777185  -0.55657951  0.0
 3.36760706  -0.75276886  0.0
 3.26056372  -0.91272463  0.0
 3.14664183  -1.05271295  0.0
 3.02590690  -1.17925861  0.0
 2.89829342  -1.29581400  0.0
 2.76386690  -1.40429856  0.0
 2.62256183  -1.50602249  0.0
 2.47444372  -1.60166054  0.0
 2.31944706  -1.69171714  0.0
 2.15757185  -1.77636261  0.0
 1.98888360  -1.85559040  0.0
 1.81462700  -1.92879783  0.0
 1.63991183  -1.99413750  0.0
 1.46526217  -2.05195008  0.0
 1.29054700  -2.10268757  0.0
 1.11583183  -2.14665133  0.0
 0.94118217  -2.18399858  0.0
 0.76646700  -2.21489310  0.0
 0.59175183  -2.23930868  0.0
 0.41710217  -2.25721256  0.0
 0.24238700  -2.26846063  0.0
 0.06767183  -2.27292841  0.0
-0.10697783  -2.27042593  0.0
-0.28169300  -2.26071079  0.0
-0.45640817  -2.24353407  0.0
-0.63105783  -2.21850925  0.0
-0.80577300  -2.18511881  0.0
-0.98048817  -2.14279279  0.0
-1.15513783  -2.09081061  0.0
-1.32985300  -2.02827476  0.0
-1.49880329  -1.95685576  0.0
-1.65858218  -1.87845994  0.0
-1.80912416  -1.79389309  0.0
-1.95049474  -1.70378408  0.0
-2.08269392  -1.60867666  0.0
-2.20565619  -1.50908836  0.0
-2.31951257  -1.40539913  0.0
-2.42406653  -1.29817892  0.0
-2.51951460  -1.18764389  0.0
-2.60572576  -1.07434435  0.0
-2.68276552  -0.95859473  0.0
-2.75063388  -0.84075534  0.0
-2.80926533  -0.72133061  0.0
-2.85872538  -0.60028778  0.0
-2.89901403  -0.47779719  0.0
-2.93013128  -0.35393088  0.0
-2.95201162  -0.22765380  0.0
-2.96472056  -0.09706617  0.0
-2.96642382  -0.06197901  0.0
-2.96760300   0.00000000  0.0
-2.96642382   0.07107835  0.0
-2.96472056   0.11764941  0.0
-2.95201162   0.24771951  0.0
-2.93013128   0.37247021  0.0
-2.89901403   0.49584519  0.0
-2.85872538   0.61764138  0.0
-2.80926533   0.73780638  0.0
-2.75063388   0.85613054  0.0
-2.68276552   0.97237803  0.0
-2.60572576   1.08611649  0.0
-2.51951460   1.19703147  0.0
-2.42406653   1.30485438  0.0
-2.31951257   1.40911355  0.0
-2.20565619   1.50961899  0.0
-2.08269392   1.60579422  0.0
-1.95049474   1.69731824  0.0
-1.80912416   1.78365387  0.0
-1.65858218   1.86434254  0.0
-1.49880329   1.93887982  0.0
-1.32985300   2.00685954  0.0
-1.15513783   2.06690601  0.0
-0.98048817   2.11757144  0.0
-0.80577300   2.15969437  0.0
-0.63105783   2.19381198  0.0
-0.45640817   2.22035663  0.0
-0.28169300   2.23970174  0.0
-0.10697783   2.25211588  0.0
 0.06767183   2.25778905  0.0
 0.24238700   2.25685881  0.0
 0.41710217   2.24946273  0.0
 0.59175183   2.23565977  0.0
 0.76646700   2.21543683  0.0
 0.94118217   2.18874806  0.0
 1.11583183   2.15548208  0.0
 1.29054700   2.11540961  0.0
 1.46526217   2.06826862  0.0
 1.63991183   2.01367914  0.0
 1.81462700   1.95123500  0.0
 1.98888360   1.88064798  0.0
 2.15757185   1.80334618  0.0
 2.31944706   1.71981438  0.0
 2.47444372   1.63005257  0.0
 2.62256183   1.53383804  0.0
 2.76386690   1.43073185  0.0
 2.89829342   1.32007236  0.0
 3.02590690   1.20064763  0.0
 3.14664183   1.07052511  0.0
 3.26056372   0.92622624  0.0
 3.36760706   0.76117379  0.0
 3.46777185   0.56216751  0.0
 3.56112360   0.25041198  0.0
 3.58339700   0.00000000  0.0
;;

# interior:
# ---------
 3.58279461   0.00000019  0.0
 3.56053135   0.25029818  0.0
 3.46721220   0.56194487  0.0
 3.36708584   0.76087479  0.0
 3.26007550   0.92587635  0.0
 3.14618573   1.07013455  0.0
 3.02548147   1.20022401  0.0
 2.89789737   1.31962124  0.0
 2.76349909   1.43025748  0.0
 2.62222133   1.53334375  0.0
 2.47412975   1.62954105  0.0
 2.31915897   1.71928786  0.0
 2.15730916   1.80280656  0.0
 1.98864587   1.88009692  0.0
 1.81441331   1.95067421  0.0
 1.63972129   2.01311007  0.0
 1.46509446   2.06769241  0.0
 1.29040173   2.11482735  0.0
 1.11570859   2.15489477  0.0
 0.94108070   2.18815660  0.0
 0.76638718   2.21484207  0.0
 0.59169368   2.23506249  0.0
 0.41706583   2.24886373  0.0
 0.24237271   2.25625887  0.0
 0.06767998   2.25718900  0.0
-0.10694682   2.25151657  0.0
-0.28163870   2.23910408  0.0
-0.45633004   2.21976162  0.0
-0.63095521   2.19322069  0.0
-0.80564513   2.15910801  0.0
-0.98033419   2.11699138  0.0
-1.15495663   2.06633384  0.0
-1.32964337   2.00629714  0.0
-1.49856430   1.93832923  0.0
-1.65831342   1.86380584  0.0
-1.80882584   1.78313302  0.0
-1.95016735   1.69681514  0.0
-2.08233803   1.60531085  0.0
-2.20527249   1.50915737  0.0
-2.31910182   1.40867581  0.0
-2.42362964   1.30444270  0.0
-2.51905263   1.19664813  0.0
-2.60523999   1.08576377  0.0
-2.68225749   0.97205818  0.0
-2.75010538   0.85584575  0.0
-2.80871844   0.73755869  0.0
-2.85816243   0.61743272  0.0
-2.89843756   0.49567739  0.0
-2.92954411   0.37234484  0.0
-2.95141669   0.24763840  0.0
-2.96412163   0.11760923  0.0
-2.96582400   0.07106241  0.0
-2.96700291   0.00000073  0.0
-2.96582410  -0.06195875  0.0
-2.96412197  -0.09702254  0.0
-2.95141661  -0.22757341  0.0
-2.92954391  -0.35380639  0.0
-2.89843735  -0.47763014  0.0
-2.85816200  -0.60008032  0.0
-2.80871768  -0.72108463  0.0
-2.75010404  -0.84047310  0.0
-2.68225528  -0.95827845  0.0
-2.60523679  -1.07399612  0.0
-2.51904835  -1.18726580  0.0
-2.42362428  -1.29777303  0.0
-2.31909542  -1.40496750  0.0
-2.20526505  -1.50863304  0.0
-2.08232961  -1.60819962  0.0
-1.95015803  -1.70328718  0.0
-1.80881574  -1.79337815  0.0
-1.65830289  -1.87792865  0.0
-1.49855414  -1.95630968  0.0
-1.32963492  -2.02771554  0.0
-1.15495101  -2.09024020  0.0
-0.98033185  -2.14221331  0.0
-0.80564598  -2.18453222  0.0
-0.63095891  -2.21791730  0.0
-0.45633623  -2.24293825  0.0
-0.28164697  -2.26011243  0.0
-0.10695687  -2.26982617  0.0
 0.06766846  -2.27232830  0.0
 0.24236005  -2.26786112  0.0
 0.41705228  -2.25661453  0.0
 0.59167969  -2.23871293  0.0
 0.76637321  -2.21430038  0.0
 0.94106716  -2.18340961  0.0
 1.11569585  -2.14606685  0.0
 1.29039008  -2.10210835  0.0
 1.46508417  -2.05137698  0.0
 1.63971240  -1.99357150  0.0
 1.81440563  -1.92824003  0.0
 1.98863976  -1.85504204  0.0
 2.15730518  -1.77582497  0.0
 2.31915719  -1.69119164  0.0
 2.47413010  -1.60114884  0.0
 2.62222361  -1.50552667  0.0
 2.76350294  -1.40382127  0.0
 2.89790233  -1.29535861  0.0
 3.02548703  -1.17882950  0.0
 3.14619139  -1.05231588  0.0
 3.26008066  -0.91236764  0.0
 3.36708875  -0.75246454  0.0
 3.46721316  -0.55635429  0.0
 3.56053150  -0.24850855  0.0
 3.58279461   0.00000019  0.0
;;

