# exterior:
# ---------
 3.58339700   0.00000000  0.0
 3.56112360  -0.24862355  0.0
 3.46777185  -0.55657951  0.0
 3.36760706  -0.75276886  0.0
 3.26056372  -0.91272463  0.0
 3.14664183  -1.05271295  0.0
 3.02590690  -1.17925861  0.0
 2.89829342  -1.29581400  0.0
 2.76386690  -1.40429856  0.0
 2.62256183  -1.50602249  0.0
 2.58339700  -1.53131074  0.0
 2.58339700  -1.53059654  0.0
 2.62222361  -1.50552667  0.0
 2.76350294  -1.40382127  0.0
 2.89790233  -1.29535861  0.0
 3.02548703  -1.17882950  0.0
 3.14619139  -1.05231588  0.0
 3.26008066  -0.91236764  0.0
 3.36708875  -0.75246454  0.0
 3.46721316  -0.55635429  0.0
 3.56053150  -0.24850855  0.0
 3.58279461   0.00000019  0.0
 3.56053135   0.25029818  0.0
 3.46721220   0.56194487  0.0
 3.36708584   0.76087479  0.0
 3.26007550   0.92587635  0.0
 3.14618573   1.07013455  0.0
 3.02548147   1.20022401  0.0
 2.89789737   1.31962124  0.0
 2.76349909   1.43025748  0.0
 2.62222133   1.53334375  0.0
 2.58339700   1.55856325  0.0
 2.58339700   1.55927872  0.0
 2.62256183   1.53383804  0.0
 2.76386690   1.43073185  0.0
 2.89829342   1.32007236  0.0
 3.02590690   1.20064763  0.0
 3.14664183   1.07052511  0.0
 3.26056372   0.92622624  0.0
 3.36760706   0.76117379  0.0
 3.46777185   0.56216751  0.0
 3.56112360   0.25041198  0.0
 3.58339700   0.00000000  0.0
;;

