# exterior:
# ---------
-0.75000000   2.16997415  0.0
-0.63095521   2.19322069  0.0
-0.45633004   2.21976162  0.0
-0.28163870   2.23910408  0.0
-0.10694682   2.25151657  0.0
 0.06767998   2.25718900  0.0
 0.24237271   2.25625887  0.0
 0.41706583   2.24886373  0.0
 0.59169368   2.23506249  0.0
 0.75000000   2.21673885  0.0
 0.75000000   2.21170547  0.0
 0.59120910   2.23008520  0.0
 0.41676303   2.24387207  0.0
 0.24225362   2.25125944  0.0
 0.06774785   2.25218856  0.0
-0.10668837   2.24652233  0.0
-0.28118621   2.23412363  0.0
-0.45567899   2.21480315  0.0
-0.63010004   2.18829324  0.0
-0.75000000   2.16487971  0.0
-0.75000000   2.16997415  0.0
;;

