# exterior:
# ---------
 0.75000000  -2.14489854  0.0
 0.58314337  -2.16821592  0.0
 0.41114918  -2.18584758  0.0
 0.23917060  -2.19691947  0.0
 0.06726941  -2.20131529  0.0
-0.10447625  -2.19885442  0.0
-0.27620021  -2.18930562  0.0
-0.44782348  -2.17243287  0.0
-0.61925343  -2.14786939  0.0
-0.75000000  -2.12288194  0.0
-0.74500000  -2.11874701  0.0
-0.61842910  -2.14293643  0.0
-0.44722399  -2.16746770  0.0
-0.27581663  -2.18431922  0.0
-0.10430156  -2.19385641  0.0
 0.06724131  -2.19631438  0.0
 0.23894599  -2.19192358  0.0
 0.41073346  -2.18086400  0.0
 0.58254222  -2.16325134  0.0
 0.74500000  -2.14054867  0.0
 0.75000000  -2.14489854  0.0
;;

