# exterior:
# ---------
 0.84100000   2.07699453  0.0
 0.91994155   2.06493574  0.0
 1.09003326   2.03253793  0.0
 1.26013735   1.99352305  0.0
 1.43015386   1.94764983  0.0
 1.60002468   1.89455405  0.0
 1.76989417   1.83384179  0.0
 1.93911874   1.76529312  0.0
 2.10258156   1.69038588  0.0
 2.25914118   1.60959706  0.0
 2.40871888   1.52297349  0.0
 2.55128291   1.43036677  0.0
 2.58044981   1.40908454  0.0
 2.58086799   1.40881036  0.0
 2.58131148   1.40857931  0.0
 2.58177582   1.40839373  0.0
 2.58225637   1.40825545  0.0
 2.58274834   1.40816586  0.0
 2.58324679   1.40812586  0.0
 2.58374674   1.40813585  0.0
 2.58424320   1.40819573  0.0
 2.58473119   1.40830490  0.0
 2.58476938   1.40831756  0.0
 2.58614114   1.40351366  0.0
 2.58582276   1.40342551  0.0
 2.58533476   1.40331634  0.0
 2.58484192   1.40323171  0.0
 2.58434546   1.40317183  0.0
 2.58384663   1.40313685  0.0
 2.58334668   1.40312686  0.0
 2.58284685   1.40314188  0.0
 2.58234840   1.40318188  0.0
 2.58185257   1.40324676  0.0
 2.58136060   1.40333634  0.0
 2.58087374   1.40345042  0.0
 2.58039318   1.40358870  0.0
 2.57992014   1.40375083  0.0
 2.57945580   1.40393642  0.0
 2.57900132   1.40414500  0.0
 2.57855784   1.40437604  0.0
 2.57812647   1.40462896  0.0
 2.57770828   1.40490315  0.0
 2.57750262   1.40504547  0.0
 2.54844538   1.42624769  0.0
 2.40610245   1.51871079  0.0
 2.25674046   1.60520943  0.0
 2.10039245   1.68588906  0.0
 1.93713765   1.76070096  0.0
 1.76811341   1.82916849  0.0
 1.59843682   1.88981181  0.0
 1.42875623   1.94284813  0.0
 1.25892677   1.98867088  0.0
 1.08900625   2.02764365  0.0
 0.91909598   2.06000691  0.0
 0.84600000   2.07117275  0.0
 0.84600000   2.07117275  0.0
 0.84100000   2.07699453  0.0
;;

