# exterior:
# ---------
-0.83600000  -2.09486467  0.0
-0.95948933  -2.06494848  0.0
-1.13004204  -2.01418570  0.0
-1.30055769  -1.95315299  0.0
-1.46533392  -1.88349846  0.0
-1.62106399  -1.80708920  0.0
-1.76769357  -1.72472013  0.0
-1.90526292  -1.63703401  0.0
-2.03375495  -1.54459361  0.0
-2.15311313  -1.44792430  0.0
-2.26347546  -1.34741711  0.0
-2.36465737  -1.24365493  0.0
-2.45688165  -1.13685326  0.0
-2.54004041  -1.02756522  0.0
-2.61422311  -0.91610824  0.0
-2.67945845  -0.80284053  0.0
-2.73569796  -0.68828788  0.0
-2.78304417  -0.57241823  0.0
-2.82154673  -0.45535793  0.0
-2.85122784  -0.33720837  0.0
-2.87208179  -0.21685484  0.0
-2.88431017  -0.09120511  0.0
-2.88586101  -0.05925782  0.0
-2.88699028   0.00009814  0.0
-2.88584826   0.06893674  0.0
-2.88426406   0.11225251  0.0
-2.87209251   0.23682266  0.0
-2.85125463   0.35562977  0.0
-2.82157528   0.47330370  0.0
-2.78310236   0.58961078  0.0
-2.73579980   0.70453407  0.0
-2.67963812   0.81787398  0.0
-2.61452001   0.92941075  0.0
-2.54047105   1.03873371  0.0
-2.45745730   1.14553506  0.0
-2.36537826   1.24955215  0.0
-2.26433556   1.35030995  0.0
-2.15411254   1.44760808  0.0
-2.03488578   1.54086158  0.0
-1.90651498   1.62973514  0.0
-1.76905017   1.71368550  0.0
-1.62247892   1.79224590  0.0
-1.46669932   1.86491750  0.0
-1.30169268   1.93131044  0.0
-1.13079699   1.99004422  0.0
-0.95980384   2.03964891  0.0
-0.83600000   2.06949738  0.0
-0.84100000   2.06314864  0.0
-0.95852069   2.03481500  0.0
-1.12928701   1.98527612  0.0
-1.29994576   1.92662377  0.0
-1.46470776   1.86032927  0.0
-1.62023926   1.78777341  0.0
-1.76656419   1.70934503  0.0
-1.90378671   1.62554264  0.0
-2.03192001   1.53683350  0.0
-2.15091505   1.44376125  0.0
-2.26091267   1.34666209  0.0
-2.36173754   1.24612149  0.0
-2.45360759   1.14234050  0.0
-2.53642299   1.03579433  0.0
-2.61028641   0.92674529  0.0
-2.67523392   0.81550074  0.0
-2.73124239   0.70247003  0.0
-2.77841110   0.58787191  0.0
-2.81677139   0.47190534  0.0
-2.84636153   0.35458508  0.0
-2.86713475   0.23614668  0.0
-2.87927296   0.11191771  0.0
-2.88084977   0.06880388  0.0
-2.88198949   0.00010423  0.0
-2.88086331  -0.05908901  0.0
-2.87932193  -0.09084152  0.0
-2.86712336  -0.21618493  0.0
-2.84633308  -0.33617099  0.0
-2.81674106  -0.45396591  0.0
-2.77834930  -0.57068935  0.0
-2.73113423  -0.68623808  0.0
-2.67504310  -0.80048850  0.0
-2.60997110  -0.91347260  0.0
-2.53596563  -1.02466329  0.0
-2.45299623  -1.13370248  0.0
-2.36097194  -1.24027255  0.0
-2.25999921  -1.34382021  0.0
-2.14985364  -1.44413000  0.0
-2.03071903  -1.54061824  0.0
-1.90245698  -1.63289319  0.0
-1.76512343  -1.72042901  0.0
-1.61873656  -1.80266174  0.0
-1.46325766  -1.87894776  0.0
-1.29874037  -1.94849283  0.0
-1.12848523  -2.00943230  0.0
-0.95818668  -2.06011943  0.0
-0.84100000  -2.08850875  0.0
-0.83600000  -2.09486467  0.0
;;

