# exterior:
# ---------
 2.58339700   1.43169224  0.0
 2.69913220   1.34724365  0.0
 2.82858799   1.24067605  0.0
 2.95103064   1.12609033  0.0
 3.06636756   1.00178556  0.0
 3.17463737   0.86464586  0.0
 3.27587244   0.70854932  0.0
 3.36927263   0.52298287  0.0
 3.45688812   0.23038404  0.0
 3.47737710   0.00003365  0.0
 3.45691395  -0.22838320  0.0
 3.36944238  -0.51694117  0.0
 3.27638509  -0.69920930  0.0
 3.17554508  -0.84989538  0.0
 3.06736395  -0.98282940  0.0
 2.95200972  -1.10373541  0.0
 2.82946183  -1.21566415  0.0
 2.69981081  -1.32029481  0.0
 2.58339700  -1.40409979  0.0
 2.58339700  -1.40409979  0.0
 2.58839700  -1.39430472  0.0
 2.58839700  -1.39433951  0.0
 2.69677785  -1.31631736  0.0
 2.82620276  -1.21186918  0.0
 2.94851080  -1.10015950  0.0
 3.06361026  -0.97952052  0.0
 3.17151958  -0.84692051  0.0
 3.27206587  -0.69667333  0.0
 3.36478663  -0.51506435  0.0
 3.45197978  -0.22742485  0.0
 3.47235722   0.00003524  0.0
 3.45195273   0.22943575  0.0
 3.36460884   0.52112753  0.0
 3.27152894   0.70605764  0.0
 3.17056889   0.86173012  0.0
 3.06256669   0.99853084  0.0
 2.94748537   1.12256016  0.0
 2.82528754   1.23691675  0.0
 2.69606711   1.34329061  0.0
 2.58839700   1.42185435  0.0
 2.58839700   1.42181537  0.0
 2.58339700   1.43169224  0.0
;;

