# exterior:
# ---------
 0.83600000  -2.08012677  0.0
 0.83600000   2.08281631  0.0
 0.92078711   2.06986458  0.0
 1.09106027   2.03743220  0.0
 1.26134792   1.99837523  0.0
 1.43155148   1.95245154  0.0
 1.60161255   1.89929629  0.0
 1.77167494   1.83851509  0.0
 1.94109982   1.76988527  0.0
 2.10477066   1.69488271  0.0
 2.26154189   1.61398470  0.0
 2.41133532   1.52723619  0.0
 2.55412045   1.43448585  0.0
 2.58339700   1.41312361  0.0
 2.58339700   1.43169225  0.0
 2.69913220   1.34724365  0.0
 2.82858799   1.24067605  0.0
 2.95103064   1.12609033  0.0
 3.06636756   1.00178556  0.0
 3.17463737   0.86464586  0.0
 3.27587244   0.70854932  0.0
 3.36927263   0.52298287  0.0
 3.45688812   0.23038404  0.0
 3.47737710   0.00003365  0.0
 3.45691395  -0.22838320  0.0
 3.36944238  -0.51694117  0.0
 3.27638509  -0.69920930  0.0
 3.17554508  -0.84989538  0.0
 3.06736395  -0.98282940  0.0
 2.95200972  -1.10373541  0.0
 2.82946183  -1.21566415  0.0
 2.69981081  -1.32029481  0.0
 2.58339700  -1.40409979  0.0
 2.58339700  -1.38561726  0.0
 2.55457924  -1.40636285  0.0
 2.41140635  -1.49880782  0.0
 2.26118295  -1.58609105  0.0
 2.10397117  -1.66829799  0.0
 1.93987267  -1.74537011  0.0
 1.77013175  -1.81668044  0.0
 1.59982574  -1.88037119  0.0
 1.42948412  -1.93675771  0.0
 1.25900561  -1.98626488  0.0
 1.08849887  -2.02916966  0.0
 0.91806547  -2.06561531  0.0
 0.83600000  -2.08012677  0.0
;;

# interior:
# ---------
 0.84100000  -2.07416506  0.0
 0.91710706  -2.06070721  0.0
 1.08736567  -2.02429895  0.0
 1.25769793  -1.98143806  0.0
 1.42800079  -1.93198191  0.0
 1.59816379  -1.87565451  0.0
 1.76828700  -1.81203213  0.0
 1.93784071  -1.74080045  0.0
 2.10174892  -1.66381769  0.0
 2.25876736  -1.58171186  0.0
 2.40879287  -1.49454361  0.0
 2.55176072  -1.40223102  0.0
 2.58047577  -1.38155938  0.0
 2.58089445  -1.38128861  0.0
 2.58133800  -1.38106089  0.0
 2.58180204  -1.38087848  0.0
 2.58228193  -1.38074319  0.0
 2.58277291  -1.38065636  0.0
 2.58327010  -1.38061887  0.0
 2.58376855  -1.38063109  0.0
 2.58426330  -1.38069288  0.0
 2.58474944  -1.38080365  0.0
 2.58522214  -1.38096228  0.0
 2.58567668  -1.38116720  0.0
 2.58610855  -1.38141637  0.0
 2.58651346  -1.38170732  0.0
 2.58688738  -1.38203714  0.0
 2.58722659  -1.38240257  0.0
 2.58752772  -1.38279997  0.0
 2.58778777  -1.38322538  0.0
 2.58800416  -1.38367457  0.0
 2.58817474  -1.38414308  0.0
 2.58829781  -1.38462626  0.0
 2.58837214  -1.38511928  0.0
 2.58839700  -1.38561726  0.0
 2.58839700  -1.39433951  0.0
 2.69677785  -1.31631736  0.0
 2.82620276  -1.21186918  0.0
 2.94851080  -1.10015950  0.0
 3.06361026  -0.97952052  0.0
 3.17151958  -0.84692051  0.0
 3.27206587  -0.69667333  0.0
 3.36478663  -0.51506435  0.0
 3.45197978  -0.22742485  0.0
 3.47235722   0.00003524  0.0
 3.45195273   0.22943575  0.0
 3.36460884   0.52112753  0.0
 3.27152894   0.70605764  0.0
 3.17056889   0.86173012  0.0
 3.06256669   0.99853084  0.0
 2.94748537   1.12256016  0.0
 2.82528754   1.23691675  0.0
 2.69606711   1.34329061  0.0
 2.58839700   1.42185435  0.0
 2.58839700   1.41312361  0.0
 2.58837199   1.41262418  0.0
 2.58829723   1.41212974  0.0
 2.58817345   1.41164525  0.0
 2.58800189   1.41117554  0.0
 2.58778428   1.41072532  0.0
 2.58752279   1.41029909  0.0
 2.58722002   1.40990111  0.0
 2.58687902   1.40953536  0.0
 2.58650319   1.40920550  0.0
 2.58609629   1.40891483  0.0
 2.58566240   1.40866626  0.0
 2.58520584   1.40846227  0.0
 2.58473119   1.40830490  0.0
 2.58424320   1.40819573  0.0
 2.58374674   1.40813585  0.0
 2.58324679   1.40812586  0.0
 2.58274834   1.40816586  0.0
 2.58225637   1.40825545  0.0
 2.58177582   1.40839373  0.0
 2.58131148   1.40857931  0.0
 2.58086799   1.40881036  0.0
 2.58044981   1.40908454  0.0
 2.55128291   1.43036677  0.0
 2.40871888   1.52297349  0.0
 2.25914118   1.60959706  0.0
 2.10258156   1.69038588  0.0
 1.93911874   1.76529312  0.0
 1.76989417   1.83384179  0.0
 1.60002468   1.89455405  0.0
 1.43015386   1.94764983  0.0
 1.26013735   1.99352305  0.0
 1.09003326   2.03253793  0.0
 0.91994155   2.06493574  0.0
 0.84100000   2.07699453  0.0
 0.84100000  -2.07416506  0.0
;;

