# exterior:
# ---------
 0.84100000  -2.07416506  0.0
 0.84100000   2.07699453  0.0
 0.91994155   2.06493574  0.0
 1.09003326   2.03253793  0.0
 1.26013735   1.99352305  0.0
 1.43015386   1.94764983  0.0
 1.60002468   1.89455405  0.0
 1.76989417   1.83384179  0.0
 1.93911874   1.76529312  0.0
 2.10258156   1.69038588  0.0
 2.25914118   1.60959706  0.0
 2.40871888   1.52297349  0.0
 2.55128291   1.43036677  0.0
 2.58044981   1.40908454  0.0
 2.58086799   1.40881036  0.0
 2.58131148   1.40857931  0.0
 2.58177582   1.40839373  0.0
 2.58225637   1.40825545  0.0
 2.58274834   1.40816586  0.0
 2.58324679   1.40812586  0.0
 2.58374674   1.40813585  0.0
 2.58424320   1.40819573  0.0
 2.58473119   1.40830490  0.0
 2.58520584   1.40846227  0.0
 2.58566240   1.40866626  0.0
 2.58609629   1.40891483  0.0
 2.58650319   1.40920550  0.0
 2.58687902   1.40953536  0.0
 2.58722002   1.40990111  0.0
 2.58752279   1.41029909  0.0
 2.58778428   1.41072532  0.0
 2.58800189   1.41117554  0.0
 2.58817345   1.41164525  0.0
 2.58829723   1.41212974  0.0
 2.58837199   1.41262418  0.0
 2.58839700   1.41312361  0.0
 2.58839700   1.42185435  0.0
 2.69606711   1.34329061  0.0
 2.82528754   1.23691675  0.0
 2.94748537   1.12256016  0.0
 3.06256669   0.99853084  0.0
 3.17056889   0.86173012  0.0
 3.27152894   0.70605764  0.0
 3.36460884   0.52112753  0.0
 3.45195273   0.22943575  0.0
 3.47235722   0.00003524  0.0
 3.45197978  -0.22742485  0.0
 3.36478663  -0.51506435  0.0
 3.27206587  -0.69667333  0.0
 3.17151958  -0.84692051  0.0
 3.06361026  -0.97952052  0.0
 2.94851080  -1.10015950  0.0
 2.82620276  -1.21186918  0.0
 2.69677785  -1.31631736  0.0
 2.58839700  -1.39433951  0.0
 2.58839700  -1.38561726  0.0
 2.58837214  -1.38511928  0.0
 2.58829781  -1.38462626  0.0
 2.58817474  -1.38414308  0.0
 2.58800416  -1.38367457  0.0
 2.58778777  -1.38322538  0.0
 2.58752772  -1.38279997  0.0
 2.58722659  -1.38240257  0.0
 2.58688738  -1.38203714  0.0
 2.58651346  -1.38170732  0.0
 2.58610855  -1.38141637  0.0
 2.58567668  -1.38116720  0.0
 2.58522214  -1.38096228  0.0
 2.58474944  -1.38080365  0.0
 2.58426330  -1.38069288  0.0
 2.58376855  -1.38063109  0.0
 2.58327010  -1.38061887  0.0
 2.58277291  -1.38065636  0.0
 2.58228193  -1.38074319  0.0
 2.58180204  -1.38087848  0.0
 2.58133800  -1.38106089  0.0
 2.58089445  -1.38128861  0.0
 2.58047577  -1.38155938  0.0
 2.55176072  -1.40223102  0.0
 2.40879287  -1.49454361  0.0
 2.25876736  -1.58171186  0.0
 2.10174892  -1.66381769  0.0
 1.93784071  -1.74080045  0.0
 1.76828700  -1.81203213  0.0
 1.59816379  -1.87565451  0.0
 1.42800079  -1.93198191  0.0
 1.25769793  -1.98143806  0.0
 1.08736567  -2.02429895  0.0
 0.91710706  -2.06070721  0.0
 0.84100000  -2.07416506  0.0
;;

# interior:
# ---------
 0.84600000  -2.06820336  0.0
 0.91614866  -2.05579912  0.0
 1.08623246  -2.01942823  0.0
 1.25639024  -1.97661125  0.0
 1.42651745  -1.92720611  0.0
 1.59650185  -1.87093783  0.0
 1.76644226  -1.80738381  0.0
 1.93580874  -1.73623078  0.0
 2.09952667  -1.65933740  0.0
 2.25635176  -1.57733267  0.0
 2.40617938  -1.49027940  0.0
 2.54894220  -1.39809919  0.0
 2.57755455  -1.37750149  0.0
 2.57776051  -1.37736089  0.0
 2.57817918  -1.37709012  0.0
 2.57861083  -1.37684057  0.0
 2.57905439  -1.37661284  0.0
 2.57950875  -1.37640752  0.0
 2.57997278  -1.37622511  0.0
 2.58044533  -1.37606606  0.0
 2.58092523  -1.37593077  0.0
 2.58141127  -1.37581957  0.0
 2.58190225  -1.37573275  0.0
 2.58239695  -1.37567052  0.0
 2.58289414  -1.37563303  0.0
 2.58339258  -1.37562037  0.0
 2.58389103  -1.37563259  0.0
 2.58438825  -1.37566964  0.0
 2.58488300  -1.37573143  0.0
 2.58537406  -1.37581782  0.0
 2.58586020  -1.37592859  0.0
 2.58634021  -1.37606345  0.0
 2.58681291  -1.37622208  0.0
 2.58727710  -1.37640409  0.0
 2.58773164  -1.37660901  0.0
 2.58817540  -1.37683633  0.0
 2.58860727  -1.37708551  0.0
 2.58902619  -1.37735590  0.0
 2.58943110  -1.37764685  0.0
 2.58982099  -1.37795762  0.0
 2.59019491  -1.37828745  0.0
 2.59055192  -1.37863551  0.0
 2.59089113  -1.37900094  0.0
 2.59121170  -1.37938282  0.0
 2.59151283  -1.37978022  0.0
 2.59179377  -1.38019213  0.0
 2.59205382  -1.38061754  0.0
 2.59229234  -1.38105539  0.0
 2.59250873  -1.38150458  0.0
 2.59270246  -1.38196401  0.0
 2.59287303  -1.38243252  0.0
 2.59302004  -1.38290896  0.0
 2.59314311  -1.38339213  0.0
 2.59324193  -1.38388084  0.0
 2.59331626  -1.38437386  0.0
 2.59334086  -1.38461963  0.0
 2.69374489  -1.31233991  0.0
 2.82294369  -1.20807421  0.0
 2.94501188  -1.09658359  0.0
 3.05985657  -0.97621164  0.0
 3.16749408  -0.84394564  0.0
 3.26774665  -0.69413737  0.0
 3.36013088  -0.51318754  0.0
 3.44704562  -0.22646650  0.0
 3.46733734   0.00003684  0.0
 3.44701733   0.22848745  0.0
 3.35994506   0.51927220  0.0
 3.26718545   0.70356595  0.0
 3.16650041   0.85881439  0.0
 3.05876583   0.99527613  0.0
 2.94394009   1.11902998  0.0
 2.82198709   1.23315746  0.0
 2.69300202   1.33933757  0.0
 2.59333441   1.41206211  0.0
 2.59331579   1.41187660  0.0
 2.59324102   1.41138216  0.0
 2.59314163   1.41089208  0.0
 2.59301785   1.41040759  0.0
 2.59287000   1.40992989  0.0
 2.59269844   1.40946019  0.0
 2.59250361   1.40899965  0.0
 2.59228600   1.40854943  0.0
 2.59204615   1.40811065  0.0
 2.59178465   1.40768442  0.0
 2.59150217   1.40727179  0.0
 2.59119940   1.40687381  0.0
 2.59087712   1.40649147  0.0
 2.59053612   1.40612572  0.0
 2.59017725   1.40577748  0.0
 2.58980142   1.40544762  0.0
 2.58940957   1.40513696  0.0
 2.58900267   1.40484630  0.0
 2.58858175   1.40457634  0.0
 2.58814785   1.40432776  0.0
 2.58770207   1.40410120  0.0
 2.58724551   1.40389721  0.0
 2.58677933   1.40371631  0.0
 2.58630468   1.40355894  0.0
 2.58582276   1.40342551  0.0
 2.58533476   1.40331634  0.0
 2.58484192   1.40323171  0.0
 2.58434546   1.40317183  0.0
 2.58384663   1.40313685  0.0
 2.58334668   1.40312686  0.0
 2.58284685   1.40314188  0.0
 2.58234840   1.40318188  0.0
 2.58185257   1.40324676  0.0
 2.58136060   1.40333634  0.0
 2.58087374   1.40345042  0.0
 2.58039318   1.40358870  0.0
 2.57992014   1.40375083  0.0
 2.57945580   1.40393642  0.0
 2.57900132   1.40414500  0.0
 2.57855784   1.40437604  0.0
 2.57812647   1.40462896  0.0
 2.57770828   1.40490315  0.0
 2.57750262   1.40504547  0.0
 2.54844538   1.42624769  0.0
 2.40610245   1.51871079  0.0
 2.25674046   1.60520943  0.0
 2.10039245   1.68588906  0.0
 1.93713765   1.76070096  0.0
 1.76811341   1.82916849  0.0
 1.59843682   1.88981181  0.0
 1.42875623   1.94284813  0.0
 1.25892677   1.98867088  0.0
 1.08900625   2.02764365  0.0
 0.91909598   2.06000691  0.0
 0.84600000   2.07117275  0.0
 0.84600000  -2.06820336  0.0
;;

