# exterior:
# ---------
 0.83600000   2.08281631  0.0
 0.92078711   2.06986458  0.0
 1.09106027   2.03743220  0.0
 1.26134792   1.99837523  0.0
 1.43155148   1.95245154  0.0
 1.60161255   1.89929629  0.0
 1.77167494   1.83851509  0.0
 1.94109982   1.76988527  0.0
 2.10477066   1.69488271  0.0
 2.26154189   1.61398470  0.0
 2.41133532   1.52723619  0.0
 2.55412045   1.43448585  0.0
 2.58339700   1.41312361  0.0
 2.58339700   1.41312361  0.0
 2.58476938   1.40831756  0.0
 2.58473119   1.40830490  0.0
 2.58424320   1.40819573  0.0
 2.58374674   1.40813585  0.0
 2.58324679   1.40812586  0.0
 2.58274834   1.40816586  0.0
 2.58225637   1.40825545  0.0
 2.58177582   1.40839373  0.0
 2.58131148   1.40857931  0.0
 2.58086799   1.40881036  0.0
 2.58044981   1.40908454  0.0
 2.55128291   1.43036677  0.0
 2.40871888   1.52297349  0.0
 2.25914118   1.60959706  0.0
 2.10258156   1.69038588  0.0
 1.93911874   1.76529312  0.0
 1.76989417   1.83384179  0.0
 1.60002468   1.89455405  0.0
 1.43015386   1.94764983  0.0
 1.26013735   1.99352305  0.0
 1.09003326   2.03253793  0.0
 0.91994155   2.06493574  0.0
 0.84100000   2.07699453  0.0
 0.83600000   2.08281631  0.0
;;

