# exterior:
# ---------
-0.83600000  -2.15660022  0.0
-0.97512122  -2.12289710  0.0
-1.14872377  -2.07122658  0.0
-1.32236561  -2.00907491  0.0
-1.49024908  -1.93810687  0.0
-1.64899316  -1.86021879  0.0
-1.79853520  -1.77621365  0.0
-1.93893425  -1.68672389  0.0
-2.07018594  -1.59229812  0.0
-2.19222707  -1.49345586  0.0
-2.30519043  -1.39057990  0.0
-2.40888255  -1.28424350  0.0
-2.50350668  -1.17466266  0.0
-2.58893769  -1.06238839  0.0
-2.66524724  -0.94773590  0.0
-2.73244264  -0.83106496  0.0
-2.79046275  -0.71288545  0.0
-2.83938254  -0.59316480  0.0
-2.87921469  -0.47206209  0.0
-2.90996489  -0.34965689  0.0
-2.93158290  -0.22489377  0.0
-2.94416902  -0.09556818  0.0
-2.94583332  -0.06128352  0.0
-2.94699975   0.00002508  0.0
-2.94583007   0.07053099  0.0
-2.94415723   0.11627005  0.0
-2.93158564   0.24493446  0.0
-2.90997174   0.36816608  0.0
-2.87922199   0.49008396  0.0
-2.83939741   0.61047723  0.0
-2.79048878   0.72930253  0.0
-2.73248856   0.84635281  0.0
-2.66532312   0.96139632  0.0
-2.58904776   1.07400625  0.0
-2.50365380   1.18386986  0.0
-2.40906680   1.29072007  0.0
-2.30541026   1.39408434  0.0
-2.19248250   1.49377005  0.0
-2.07047496   1.58919854  0.0
-1.93925426   1.68004514  0.0
-1.79888192   1.76577114  0.0
-1.64935480   1.84591586  0.0
-1.49059806   1.91997630  0.0
-1.32265570   1.98755047  0.0
-1.14891672   2.04726143  0.0
-0.97520160   2.09765576  0.0
-0.83600000   2.13121655  0.0
-0.83600000   2.06949738  0.0
-0.95980384   2.03964891  0.0
-1.13079699   1.99004422  0.0
-1.30169268   1.93131044  0.0
-1.46669932   1.86491750  0.0
-1.62247892   1.79224590  0.0
-1.76905017   1.71368550  0.0
-1.90651498   1.62973514  0.0
-2.03488578   1.54086158  0.0
-2.15411254   1.44760808  0.0
-2.26433556   1.35030995  0.0
-2.36537826   1.24955215  0.0
-2.45745730   1.14553506  0.0
-2.54047105   1.03873371  0.0
-2.61452001   0.92941075  0.0
-2.67963812   0.81787398  0.0
-2.73579980   0.70453407  0.0
-2.78310236   0.58961078  0.0
-2.82157528   0.47330370  0.0
-2.85125463   0.35562977  0.0
-2.87209251   0.23682266  0.0
-2.88426406   0.11225251  0.0
-2.88584826   0.06893674  0.0
-2.88699028   0.00009814  0.0
-2.88586101  -0.05925782  0.0
-2.88431017  -0.09120511  0.0
-2.87208179  -0.21685484  0.0
-2.85122784  -0.33720837  0.0
-2.82154673  -0.45535793  0.0
-2.78304417  -0.57241823  0.0
-2.73569796  -0.68828788  0.0
-2.67945845  -0.80284053  0.0
-2.61422311  -0.91610824  0.0
-2.54004041  -1.02756522  0.0
-2.45688165  -1.13685326  0.0
-2.36465737  -1.24365493  0.0
-2.26347546  -1.34741711  0.0
-2.15311313  -1.44792430  0.0
-2.03375495  -1.54459361  0.0
-1.90526292  -1.63703401  0.0
-1.76769357  -1.72472013  0.0
-1.62106399  -1.80708920  0.0
-1.46533392  -1.88349846  0.0
-1.30055769  -1.95315299  0.0
-1.13004204  -2.01418570  0.0
-0.95948933  -2.06494848  0.0
-0.83600000  -2.09486467  0.0
-0.83600000  -2.15660022  0.0
;;

