# exterior:
# ---------
 3.57777473   0.00000178  0.0
 3.55559733  -0.24755020  0.0
 3.46255741  -0.55447748  0.0
 3.36276953  -0.74992858  0.0
 3.25605516  -0.90939277  0.0
 3.14243770  -1.04900700  0.0
 3.02198811  -1.17525359  0.0
 2.89464326  -1.29156363  0.0
 2.76046999  -1.39984382  0.0
 2.61940509  -1.50139485  0.0
 2.47151661  -1.59688463  0.0
 2.31674160  -1.68681244  0.0
 2.15508293  -1.77134468  0.0
 1.98660780  -1.85047238  0.0
 1.81256089  -1.92359171  0.0
 1.63805045  -1.98885482  0.0
 1.46360083  -2.04660118  0.0
 1.28908239  -2.09728154  0.0
 1.11456264  -2.14119613  0.0
 0.94010876  -2.17850152  0.0
 0.76559164  -2.20936101  0.0
 0.59107854  -2.23374835  0.0
 0.41663657  -2.25163094  0.0
 0.24213544  -2.26286523  0.0
 0.06764036  -2.26732738  0.0
-0.10678218  -2.26482816  0.0
-0.28126340  -2.25512603  0.0
-0.45573674  -2.23797308  0.0
-0.63013458  -2.21298435  0.0
-0.80458744  -2.17964403  0.0
-0.97902919  -2.13738426  0.0
-1.15339420  -2.08548679  0.0
-1.32781759  -2.02305538  0.0
-1.49647787  -1.95175898  0.0
-1.65597546  -1.87350118  0.0
-1.80624561  -1.78908702  0.0
-1.94735208  -1.69914636  0.0
-2.07929369  -1.60422424  0.0
-2.20200556  -1.50483875  0.0
-2.31561917  -1.40137060  0.0
-2.41993885  -1.29439065  0.0
-2.51516293  -1.18411501  0.0
-2.60116201  -1.07109418  0.0
-2.67800327  -0.95564281  0.0
-2.74568869  -0.83812106  0.0
-2.80415395  -0.71903484  0.0
-2.85346713  -0.59835144  0.0
-2.89363169  -0.47623813  0.0
-2.92464915  -0.35276902  0.0
-2.94645818  -0.22690350  0.0
-2.95913373  -0.09665895  0.0
-2.96082640  -0.06178995  0.0
-2.96200212   0.00000682  0.0
-2.96082552   0.07092955  0.0
-2.95913053   0.11727444  0.0
-2.94645893   0.24696241  0.0
-2.92465102   0.37130015  0.0
-2.89363367   0.49427903  0.0
-2.85347118   0.61569385  0.0
-2.80416103   0.73549465  0.0
-2.74570117   0.85347251  0.0
-2.67802390   0.96939271  0.0
-2.60119193   1.08282439  0.0
-2.51520293   1.19345356  0.0
-2.41998893   1.30101205  0.0
-2.31567893   1.40502794  0.0
-2.20207499   1.50531054  0.0
-2.07937226   1.60128277  0.0
-1.94743907   1.69262264  0.0
-1.80633986   1.77879255  0.0
-1.65607376   1.85933334  0.0
-1.49657274   1.93374100  0.0
-1.32789645   2.00161047  0.0
-1.15344666   2.06156574  0.0
-0.97905105   2.11215747  0.0
-0.80457953   2.15422166  0.0
-0.63010004   2.18829324  0.0
-0.45567899   2.21480315  0.0
-0.28118621   2.23412363  0.0
-0.10668837   2.24652233  0.0
 0.06774785   2.25218856  0.0
 0.24225362   2.25125944  0.0
 0.41676303   2.24387207  0.0
 0.59120910   2.23008520  0.0
 0.76572200   2.20988568  0.0
 0.94023514   2.18322776  0.0
 1.11468158   2.15000049  0.0
 1.28919116   2.10997518  0.0
 1.46369683   2.06289071  0.0
 1.63813342   2.00836783  0.0
 1.81263254   1.94600091  0.0
 1.98666478   1.87550477  0.0
 2.15512005   1.79830973  0.0
 2.31675826   1.71490023  0.0
 2.47151331   1.62527835  0.0
 2.61938379   1.52922467  0.0
 2.76043400   1.42630444  0.0
 2.89459692   1.31586195  0.0
 3.02193619   1.19669383  0.0
 3.14238486   1.06687983  0.0
 3.25600702   0.92296061  0.0
 3.36274235   0.75838310  0.0
 3.46254841   0.56008954  0.0
 3.55559596   0.24934989  0.0
 3.57777473   0.00000178  0.0
;;

# interior:
# ---------
 3.56271509   0.00000656  0.0
 3.54078978   0.24650501  0.0
 3.44855704   0.55452354  0.0
 3.34971186   0.75090803  0.0
 3.24380157   0.91421340  0.0
 3.13098227   1.05711569  0.0
 3.01130036   1.18610331  0.0
 2.88469558   1.30458406  0.0
 2.75123873   1.41444532  0.0
 2.61087118   1.51686743  0.0
 2.46366401   1.61249024  0.0
 2.30955613   1.70173733  0.0
 2.14855274   1.78481925  0.0
 1.98072153   1.86172831  0.0
 1.80729025   1.93198102  0.0
 1.63336983   1.99414110  0.0
 1.45950396   2.04848560  0.0
 1.28555943   2.09541867  0.0
 1.11160054   2.13531767  0.0
 0.93769844   2.16844126  0.0
 0.76372645   2.19501651  0.0
 0.58975537   2.21515332  0.0
 0.41585462   2.22889709  0.0
 0.24189636   2.23626113  0.0
 0.06795149   2.23718727  0.0
-0.10591302   2.23153960  0.0
-0.27982874   2.21918226  0.0
-0.45372584   2.19992774  0.0
-0.62753452   2.17351091  0.0
-0.80138274   2.13956259  0.0
-0.97520160   2.09765576  0.0
-1.14891672   2.04726143  0.0
-1.32265570   1.98755047  0.0
-1.49059806   1.91997630  0.0
-1.64935480   1.84591586  0.0
-1.79888192   1.76577114  0.0
-1.93925426   1.68004514  0.0
-2.07047496   1.58919854  0.0
-2.19248250   1.49377005  0.0
-2.30541026   1.39408434  0.0
-2.40906680   1.29072007  0.0
-2.50365380   1.18386986  0.0
-2.58904776   1.07400625  0.0
-2.66532312   0.96139632  0.0
-2.73248856   0.84635281  0.0
-2.79048878   0.72930253  0.0
-2.83939741   0.61047723  0.0
-2.87922199   0.49008396  0.0
-2.90997174   0.36816608  0.0
-2.93158564   0.24493446  0.0
-2.94415723   0.11627005  0.0
-2.94583007   0.07053099  0.0
-2.94699975   0.00002508  0.0
-2.94583332  -0.06128352  0.0
-2.94416902  -0.09556818  0.0
-2.93158290  -0.22489377  0.0
-2.90996489  -0.34965689  0.0
-2.87921469  -0.47206209  0.0
-2.83938254  -0.59316480  0.0
-2.79046275  -0.71288545  0.0
-2.73244264  -0.83106496  0.0
-2.66524724  -0.94773590  0.0
-2.58893769  -1.06238839  0.0
-2.50350668  -1.17466266  0.0
-2.40888255  -1.28424350  0.0
-2.30519043  -1.39057990  0.0
-2.19222707  -1.49345586  0.0
-2.07018594  -1.59229812  0.0
-1.93893425  -1.68672389  0.0
-1.79853520  -1.77621365  0.0
-1.64899316  -1.86021879  0.0
-1.49024908  -1.93810687  0.0
-1.32236561  -2.00907491  0.0
-1.14872377  -2.07122658  0.0
-0.97512122  -2.12289710  0.0
-0.80141182  -2.16497946  0.0
-0.62766159  -2.19818549  0.0
-0.45393827  -2.22307758  0.0
-0.28011267  -2.24016685  0.0
-0.10625810  -2.24983413  0.0
 0.06755605  -2.25232464  0.0
 0.24146161  -2.24787756  0.0
 0.41538944  -2.23668018  0.0
 0.58927509  -2.21885462  0.0
 0.76324692  -2.19454292  0.0
 0.93723355  -2.16377723  0.0
 1.11116302  -2.12658398  0.0
 1.28515933  -2.08280111  0.0
 1.45915083  -2.03227377  0.0
 1.63306462  -1.97470478  0.0
 1.80702665  -1.90964677  0.0
 1.98051192  -1.83676339  0.0
 2.14841618  -1.75790381  0.0
 2.30949482  -1.67367487  0.0
 2.46367614  -1.58409200  0.0
 2.61094955  -1.48899937  0.0
 2.75137111  -1.38791147  0.0
 2.88486605  -1.28017871  0.0
 3.01149135  -1.16452587  0.0
 3.13117664  -1.03908036  0.0
 3.24397865  -0.90046816  0.0
 3.34981187  -0.74232069  0.0
 3.44859016  -0.54884703  0.0
 3.54079482  -0.24467515  0.0
 3.56271509   0.00000656  0.0
;;

