# exterior:
# ---------
 3.57777473   0.00000178  0.0
 3.55559733  -0.24755020  0.0
 3.46255741  -0.55447748  0.0
 3.36276953  -0.74992858  0.0
 3.25605516  -0.90939277  0.0
 3.14243770  -1.04900700  0.0
 3.02198811  -1.17525359  0.0
 2.89464326  -1.29156363  0.0
 2.76046999  -1.39984382  0.0
 2.61940509  -1.50139485  0.0
 2.58339700  -1.52464483  0.0
 2.58339700  -1.50678971  0.0
 2.61094955  -1.48899937  0.0
 2.75137111  -1.38791147  0.0
 2.88486605  -1.28017871  0.0
 3.01149135  -1.16452587  0.0
 3.13117664  -1.03908036  0.0
 3.24397865  -0.90046816  0.0
 3.34981187  -0.74232069  0.0
 3.44859016  -0.54884703  0.0
 3.54079482  -0.24467515  0.0
 3.56271509   0.00000656  0.0
 3.54078978   0.24650501  0.0
 3.44855704   0.55452354  0.0
 3.34971186   0.75090803  0.0
 3.24380157   0.91421340  0.0
 3.13098227   1.05711569  0.0
 3.01130036   1.18610331  0.0
 2.88469558   1.30458406  0.0
 2.75123873   1.41444532  0.0
 2.61087118   1.51686743  0.0
 2.58339700   1.53471411  0.0
 2.58339700   1.55260096  0.0
 2.61938379   1.52922467  0.0
 2.76043400   1.42630444  0.0
 2.89459692   1.31586195  0.0
 3.02193619   1.19669383  0.0
 3.14238486   1.06687983  0.0
 3.25600702   0.92296061  0.0
 3.36274235   0.75838310  0.0
 3.46254841   0.56008954  0.0
 3.55559596   0.24934989  0.0
 3.57777473   0.00000178  0.0
;;

