# exterior:
# ---------
 0.75000000  -2.19639411  0.0
 0.58927509  -2.21885462  0.0
 0.41538944  -2.23668018  0.0
 0.24146161  -2.24787756  0.0
 0.06755605  -2.25232464  0.0
-0.10625810  -2.24983413  0.0
-0.28011267  -2.24016685  0.0
-0.45393827  -2.22307758  0.0
-0.62766159  -2.19818549  0.0
-0.75000000  -2.17480496  0.0
-0.75000000  -2.12288194  0.0
-0.61925343  -2.14786939  0.0
-0.44782348  -2.17243287  0.0
-0.27620021  -2.18930562  0.0
-0.10447625  -2.19885442  0.0
 0.06726941  -2.20131529  0.0
 0.23917060  -2.19691947  0.0
 0.41114918  -2.18584758  0.0
 0.58314337  -2.16821592  0.0
 0.75000000  -2.14489854  0.0
 0.75000000  -2.19639411  0.0
;;

