# exterior:
# ---------
 2.86177500  -1.29328600  0.0
 2.85392579  -1.29811416  0.0
 2.69976569  -1.38404427  0.0
 2.53840613  -1.46591754  0.0
 2.36985501  -1.54384941  0.0
 2.19418564  -1.61781474  0.0
 2.01269963  -1.68719561  0.0
 1.83072659  -1.75011175  0.0
 1.64881438  -1.80678020  0.0
 1.46682997  -1.85750656  0.0
 1.28484515  -1.90247394  0.0
 1.10293170  -1.94174978  0.0
 0.92095742  -1.97540172  0.0
 0.83600000  -1.98843043  0.0
 0.83600000  -1.88726137  0.0
 0.90428212  -1.87678990  0.0
 1.08328310  -1.84368781  0.0
 1.26229416  -1.80503861  0.0
 1.44140521  -1.76078133  0.0
 1.62051181  -1.71085713  0.0
 1.79950998  -1.65509644  0.0
 1.97849804  -1.59321234  0.0
 2.15691814  -1.52500355  0.0
 2.32945648  -1.45235653  0.0
 2.49478373  -1.37591526  0.0
 2.65277978  -1.29574862  0.0
 2.80336203  -1.21181284  0.0
 2.86177500  -1.17588223  0.0
 2.86177500  -1.29328600  0.0
;;

