# exterior:
# ---------
 0.83600000   1.98636428  0.0
 0.92130121   1.97614221  0.0
 1.10326596   1.94861211  0.0
 1.28516076   1.91528293  0.0
 1.46711980   1.87597786  0.0
 1.64907216   1.83048636  0.0
 1.83095125   1.77852188  0.0
 2.01289587   1.71981796  0.0
 2.19434420   1.65427146  0.0
 2.36995943   1.58313877  0.0
 2.53845355   1.50683569  0.0
 2.69975607   1.42542086  0.0
 2.85386167   1.33868960  0.0
 2.86177500   1.33371378  0.0
 2.86177500   1.21558771  0.0
 2.80269300   1.25273788  0.0
 2.65267935   1.33716617  0.0
 2.49527852   1.41661168  0.0
 2.33054608   1.49121127  0.0
 2.15857249   1.56086893  0.0
 1.98054560   1.62517947  0.0
 1.80185412   1.68283377  0.0
 1.62320154   1.73387641  0.0
 1.44442923   1.77857284  0.0
 1.26558723   1.81720458  0.0
 1.08677079   1.84996971  0.0
 0.90786926   1.87703637  0.0
 0.83600000   1.88564882  0.0
 0.83600000   1.98636428  0.0
;;

