# exterior:
# ---------
 2.86177500  -1.30502638  0.0
 2.85898217  -1.30674429  0.0
 2.70446428  -1.39287383  0.0
 2.54276837  -1.47491777  0.0
 2.37389486  -1.55299870  0.0
 2.19791239  -1.62709586  0.0
 2.01611979  -1.69659394  0.0
 1.83384825  -1.75961328  0.0
 1.65164463  -1.81637251  0.0
 1.46937245  -1.86717909  0.0
 1.28710024  -1.91221748  0.0
 1.10489656  -1.95155598  0.0
 0.92262495  -1.98526290  0.0
 0.83600000  -1.99854734  0.0
 0.83600000  -1.99348889  0.0
 0.92179118  -1.98033231  0.0
 1.10391413  -1.94665288  0.0
 1.28597270  -1.90734571  0.0
 1.46810121  -1.86234283  0.0
 1.65022951  -1.81157636  0.0
 1.83228742  -1.75486252  0.0
 2.01440971  -1.69189478  0.0
 2.19604902  -1.62245530  0.0
 2.37187493  -1.54842405  0.0
 2.54058725  -1.47041765  0.0
 2.70211499  -1.38845905  0.0
 2.85645398  -1.30242923  0.0
 2.86177500  -1.29915619  0.0
 2.86177500  -1.30502638  0.0
;;

