# exterior:
# ---------
 0.83600000   1.99643583  0.0
 0.92264441   1.98605279  0.0
 1.10491548   1.95847635  0.0
 1.28711811   1.92509076  0.0
 1.46938886   1.88571836  0.0
 1.65165923   1.84014736  0.0
 1.83386097   1.78809069  0.0
 2.01613090   1.72928181  0.0
 2.19792137   1.66361171  0.0
 2.37390077   1.59233152  0.0
 2.54277105   1.51585809  0.0
 2.70446374   1.43424633  0.0
 2.85897854   1.34728477  0.0
 2.86177500   1.34552639  0.0
 2.86177500   1.33962008  0.0
 2.85642010   1.34298719  0.0
 2.70210990   1.42983360  0.0
 2.54061230   1.51134689  0.0
 2.37193010   1.58773514  0.0
 2.19613278   1.65894159  0.0
 2.01451338   1.72454989  0.0
 1.83240611   1.78330629  0.0
 1.65036569   1.83531686  0.0
 1.46825433   1.88084811  0.0
 1.28613943   1.92018684  0.0
 1.10409072   1.95354423  0.0
 0.92197281   1.98109750  0.0
 0.83600000   1.99140006  0.0
 0.83600000   1.99643583  0.0
;;

