# exterior:
# ---------
 3.86117159   0.00000038  0.0
 3.83794735  -0.21615579  0.0
 3.74059526  -0.48052308  0.0
 3.63614012  -0.64894247  0.0
 3.52449789  -0.78673932  0.0
 3.40567319  -0.90792138  0.0
 3.27973593  -1.01811478  0.0
 3.14661856  -1.12025571  0.0
 3.00638988  -1.21607180  0.0
 2.86177500  -1.30502638  0.0
 2.86177500  -1.29915619  0.0
 3.00366809  -1.21187583  0.0
 3.14368406  -1.11620507  0.0
 3.27656453  -1.01424591  0.0
 3.40223689  -0.90428430  0.0
 3.52076201  -0.78340776  0.0
 3.63205696  -0.64603956  0.0
 3.73607865  -0.47831904  0.0
 3.83304194  -0.21500756  0.0
 3.85614315   0.00000357  0.0
 3.83303870   0.21764075  0.0
 3.73605843   0.48651090  0.0
 3.63200087   0.65837260  0.0
 3.52066860   0.80318632  0.0
 3.40213967   0.93034421  0.0
 3.27647316   1.04548964  0.0
 3.14360557   1.15162683  0.0
 3.00360926   1.25043612  0.0
 2.86177500   1.33962008  0.0
 2.86177500   1.34552639  0.0
 3.00638358   1.25459796  0.0
 3.14661015   1.15562616  0.0
 3.27972614   1.04929053  0.0
 3.40566278   0.93389759  0.0
 3.52448789   0.80642196  0.0
 3.63613411   0.66119987  0.0
 3.74059309   0.48867518  0.0
 3.83794700   0.21876914  0.0
 3.86117159   0.00000038  0.0
;;

