# exterior:
# ---------
 3.86177500   0.00000000  0.0
 3.83853600  -0.21629357  0.0
 3.74113725  -0.48078757  0.0
 3.63663010  -0.64929083  0.0
 3.52494620  -0.78713911  0.0
 3.40608555  -0.90835783  0.0
 3.28011650  -1.01857904  0.0
 3.14697070  -1.12074179  0.0
 3.00671650  -1.21657532  0.0
 2.86177500  -1.30573081  0.0
 2.86177500  -1.30502638  0.0
 3.00638988  -1.21607180  0.0
 3.14661856  -1.12025571  0.0
 3.27973593  -1.01811478  0.0
 3.40567319  -0.90792138  0.0
 3.52449789  -0.78673932  0.0
 3.63614012  -0.64894247  0.0
 3.74059526  -0.48052308  0.0
 3.83794735  -0.21615579  0.0
 3.86117159   0.00000038  0.0
 3.83794700   0.21876914  0.0
 3.74059309   0.48867518  0.0
 3.63613411   0.66119987  0.0
 3.52448789   0.80642196  0.0
 3.40566278   0.93389759  0.0
 3.27972614   1.04929053  0.0
 3.14661015   1.15562616  0.0
 3.00638358   1.25459796  0.0
 2.86177500   1.34552639  0.0
 2.86177500   1.34623514  0.0
 3.00671650   1.25509738  0.0
 3.14697070   1.15610607  0.0
 3.28011650   1.04974664  0.0
 3.40608555   0.93432400  0.0
 3.52494620   0.80681023  0.0
 3.63663010   0.66153914  0.0
 3.74113725   0.48893489  0.0
 3.83853600   0.21890455  0.0
 3.86177500   0.00000000  0.0
;;

