# exterior:
# ---------
 3.86177500   0.00000000  0.0
 3.83853600  -0.21629357  0.0
 3.74113725  -0.48078757  0.0
 3.63663010  -0.64929083  0.0
 3.52494620  -0.78713911  0.0
 3.40608555  -0.90835783  0.0
 3.28011650  -1.01857904  0.0
 3.14697070  -1.12074179  0.0
 3.00671650  -1.21657532  0.0
 2.85928555  -1.30726210  0.0
 2.70474620  -1.39340360  0.0
 2.54303010  -1.47545778  0.0
 2.37413725  -1.55354766  0.0
 2.19813600  -1.62765273  0.0
 2.01632500  -1.69715784  0.0
 1.83403555  -1.76018337  0.0
 1.65181445  -1.81694805  0.0
 1.46952500  -1.86775944  0.0
 1.28723555  -1.91280209  0.0
 1.10501445  -1.95214435  0.0
 0.92272500  -1.98585457  0.0
 0.74043555  -2.01380972  0.0
 0.55821445  -2.03587994  0.0
 0.37592500  -2.05182599  0.0
 0.19363555  -2.06146334  0.0
 0.01141445  -2.06453909  0.0
-0.17087500  -2.06076617  0.0
-0.35316445  -2.04987801  0.0
-0.53538555  -2.03142352  0.0
-0.71767500  -2.00484220  0.0
-0.89996445  -1.96953943  0.0
-1.08218555  -1.92474967  0.0
-1.26447500  -1.86959122  0.0
-1.44074965  -1.80553360  0.0
-1.60745530  -1.73441543  0.0
-1.76452360  -1.65715942  0.0
-1.91202290  -1.57446959  0.0
-2.04995320  -1.48689957  0.0
-2.17824615  -1.39497565  0.0
-2.29703845  -1.29912845  0.0
-2.40612505  -1.19989792  0.0
-2.50571100  -1.09753696  0.0
-2.59565960  -0.99257870  0.0
-2.67603920  -0.88538540  0.0
-2.74684980  -0.77633980  0.0
-2.80802305  -0.66594772  0.0
-2.85962730  -0.55410662  0.0
-2.90166255  -0.44096686  0.0
-2.93412880  -0.32660364  0.0
-2.95695770  -0.20952693  0.0
-2.97021760  -0.08884817  0.0
-2.97199470  -0.05666898  0.0
-2.97322500   0.00000000  0.0
-2.97199470   0.06993572  0.0
-2.97021760   0.11884698  0.0
-2.95695770   0.23877389  0.0
-2.93412880   0.35362923  0.0
-2.90166255   0.46726110  0.0
-2.85962730   0.57939611  0.0
-2.80802305   0.68995907  0.0
-2.74684980   0.79874493  0.0
-2.67603920   0.90548030  0.0
-2.59565960   1.00973455  0.0
-2.50571100   1.11121380  0.0
-2.40612505   1.20963096  0.0
-2.29703845   1.30454177  0.0
-2.17824615   1.39575484  0.0
-2.04995320   1.48269604  0.0
-1.91202290   1.56504413  0.0
-1.76452360   1.64224545  0.0
-1.60745530   1.71384207  0.0
-1.44074965   1.77932821  0.0
-1.26447500   1.83837578  0.0
-1.08218555   1.88991851  0.0
-0.89996445   1.93278079  0.0
-0.71767500   1.96778967  0.0
-0.53538555   1.99543041  0.0
-0.35316445   2.01609261  0.0
-0.17087500   2.03015220  0.0
 0.01141445   2.03784842  0.0
 0.19363555   2.03939313  0.0
 0.37592500   2.03491620  0.0
 0.55821445   2.02458168  0.0
 0.74043555   2.00849209  0.0
 0.92272500   1.98664743  0.0
 1.10501445   1.95906821  0.0
 1.28723555   1.92567923  0.0
 1.46952500   1.88630279  0.0
 1.65181445   1.84072702  0.0
 1.83403555   1.78866482  0.0
 2.01632500   1.72984965  0.0
 2.19813600   1.66417213  0.0
 2.37413725   1.59288308  0.0
 2.54303010   1.51639943  0.0
 2.70474620   1.43477586  0.0
 2.85928555   1.34780049  0.0
 3.00671650   1.25509738  0.0
 3.14697070   1.15610607  0.0
 3.28011650   1.04974664  0.0
 3.40608555   0.93432400  0.0
 3.52494620   0.80681023  0.0
 3.63663010   0.66153914  0.0
 3.74113725   0.48893489  0.0
 3.83853600   0.21890455  0.0
 3.86177500   0.00000000  0.0
;;

# interior:
# ---------
 3.86117159   0.00000038  0.0
 3.83794700   0.21876914  0.0
 3.74059309   0.48867518  0.0
 3.63613411   0.66119987  0.0
 3.52448789   0.80642196  0.0
 3.40566278   0.93389759  0.0
 3.27972614   1.04929053  0.0
 3.14661015   1.15562616  0.0
 3.00638358   1.25459796  0.0
 2.85897854   1.34728477  0.0
 2.70446374   1.43424633  0.0
 2.54277105   1.51585809  0.0
 2.37390077   1.59233152  0.0
 2.19792137   1.66361171  0.0
 2.01613090   1.72928181  0.0
 1.83386097   1.78809069  0.0
 1.65165923   1.84014736  0.0
 1.46938886   1.88571836  0.0
 1.28711811   1.92509076  0.0
 1.10491548   1.95847635  0.0
 0.92264441   1.98605279  0.0
 0.74037345   2.00789524  0.0
 0.55817107   2.02398318  0.0
 0.37590065   2.03431662  0.0
 0.19363073   2.03879306  0.0
 0.01142965   2.03724852  0.0
-0.17083926   2.02955318  0.0
-0.35310756   2.01549522  0.0
-0.53530675   1.99483550  0.0
-0.71757340   1.96719821  0.0
-0.89983912   1.93219390  0.0
-1.08203516   1.88933751  0.0
-1.26429799   1.83780230  0.0
-1.44054454   1.77876415  0.0
-1.60722101   1.71328948  0.0
-1.76425986   1.64170628  0.0
-1.91172977   1.56452033  0.0
-2.04963085   1.48218970  0.0
-2.17789484   1.39526812  0.0
-2.29665847   1.30407706  0.0
-2.40571685   1.20919081  0.0
-2.50527515   1.11080097  0.0
-2.59519697   1.00935193  0.0
-2.67555101   0.90513083  0.0
-2.74633763   0.79843162  0.0
-2.80748895   0.68968476  0.0
-2.85907370   0.57916358  0.0
-2.90109226   0.46707308  0.0
-2.93354512   0.35348809  0.0
-2.95636417   0.23868227  0.0
-2.96961880   0.11880306  0.0
-2.97139489   0.06991955  0.0
-2.97262489   0.00000124  0.0
-2.97139506  -0.05664592  0.0
-2.96961941  -0.08879882  0.0
-2.95636402  -0.20943659  0.0
-2.93354472  -0.32646405  0.0
-2.90109184  -0.44078016  0.0
-2.85907287  -0.55387611  0.0
-2.80748752  -0.66567625  0.0
-2.74633516  -0.77603063  0.0
-2.67554702  -0.88504164  0.0
-2.59519129  -0.99220311  0.0
-2.50526774  -1.09713214  0.0
-2.40570777  -1.19946640  0.0
-2.29664786  -1.29867265  0.0
-2.17788274  -1.39449792  0.0
-2.04961741  -1.48640205  0.0
-1.91171517  -1.57395425  0.0
-1.76424429  -1.65662815  0.0
-1.60720499  -1.73386989  0.0
-1.44052930  -1.80497528  0.0
-1.26428551  -1.86902169  0.0
-1.08202695  -1.92417080  0.0
-0.89983572  -1.96895321  0.0
-0.71757462  -2.00425049  0.0
-0.53531200  -2.03082789  0.0
-0.35311631  -2.04927982  0.0
-0.17085090  -2.06016654  0.0
 0.01141560  -2.06393899  0.0
 0.19361464  -2.06086361  0.0
 0.37588301  -2.05122737  0.0
 0.55815222  -2.03528309  0.0
 0.74035398  -2.01321521  0.0
 0.92262495  -1.98526290  0.0
 1.10489656  -1.95155598  0.0
 1.28710024  -1.91221748  0.0
 1.46937245  -1.86717909  0.0
 1.65164463  -1.81637251  0.0
 1.83384825  -1.75961328  0.0
 2.01611979  -1.69659394  0.0
 2.19791239  -1.62709586  0.0
 2.37389486  -1.55299870  0.0
 2.54276837  -1.47491777  0.0
 2.70446428  -1.39287383  0.0
 2.85898217  -1.30674429  0.0
 3.00638988  -1.21607180  0.0
 3.14661856  -1.12025571  0.0
 3.27973593  -1.01811478  0.0
 3.40567319  -0.90792138  0.0
 3.52449789  -0.78673932  0.0
 3.63614012  -0.64894247  0.0
 3.74059526  -0.48052308  0.0
 3.83794735  -0.21615579  0.0
 3.86117159   0.00000038  0.0
;;

