# exterior:
# ---------
 2.86177500  -1.30573081  0.0
 2.85928555  -1.30726210  0.0
 2.70474620  -1.39340360  0.0
 2.54303010  -1.47545778  0.0
 2.37413725  -1.55354766  0.0
 2.19813600  -1.62765273  0.0
 2.01632500  -1.69715784  0.0
 1.83403555  -1.76018337  0.0
 1.65181445  -1.81694805  0.0
 1.46952500  -1.86775944  0.0
 1.28723555  -1.91280209  0.0
 1.10501445  -1.95214435  0.0
 0.92272500  -1.98585457  0.0
 0.83600000  -1.99915435  0.0
 0.83600000  -1.99854734  0.0
 0.92262495  -1.98526290  0.0
 1.10489656  -1.95155598  0.0
 1.28710024  -1.91221748  0.0
 1.46937245  -1.86717909  0.0
 1.65164463  -1.81637251  0.0
 1.83384825  -1.75961328  0.0
 2.01611979  -1.69659394  0.0
 2.19791239  -1.62709586  0.0
 2.37389486  -1.55299870  0.0
 2.54276837  -1.47491777  0.0
 2.70446428  -1.39287383  0.0
 2.85898217  -1.30674429  0.0
 2.86177500  -1.30502638  0.0
 2.86177500  -1.30573081  0.0
;;

