# exterior:
# ---------
-0.83600000  -1.98131584  0.0
-0.89983572  -1.96895321  0.0
-1.08202695  -1.92417080  0.0
-1.26428551  -1.86902169  0.0
-1.44052930  -1.80497528  0.0
-1.60720499  -1.73386989  0.0
-1.76424429  -1.65662815  0.0
-1.91171517  -1.57395425  0.0
-2.04961741  -1.48640205  0.0
-2.17788274  -1.39449792  0.0
-2.29664786  -1.29867265  0.0
-2.40570777  -1.19946640  0.0
-2.50526774  -1.09713214  0.0
-2.59519129  -0.99220311  0.0
-2.67554702  -0.88504164  0.0
-2.74633516  -0.77603063  0.0
-2.80748752  -0.66567625  0.0
-2.85907287  -0.55387611  0.0
-2.90109184  -0.44078016  0.0
-2.93354472  -0.32646405  0.0
-2.95636402  -0.20943659  0.0
-2.96961941  -0.08879882  0.0
-2.97139506  -0.05664592  0.0
-2.97262489   0.00000124  0.0
-2.97139489   0.06991955  0.0
-2.96961880   0.11880306  0.0
-2.95636417   0.23868227  0.0
-2.93354512   0.35348809  0.0
-2.90109226   0.46707308  0.0
-2.85907370   0.57916358  0.0
-2.80748895   0.68968476  0.0
-2.74633763   0.79843162  0.0
-2.67555101   0.90513083  0.0
-2.59519697   1.00935193  0.0
-2.50527515   1.11080097  0.0
-2.40571685   1.20919081  0.0
-2.29665847   1.30407706  0.0
-2.17789484   1.39526812  0.0
-2.04963085   1.48218970  0.0
-1.91172977   1.56452033  0.0
-1.76425986   1.64170628  0.0
-1.60722101   1.71328948  0.0
-1.44054454   1.77876415  0.0
-1.26429799   1.83780230  0.0
-1.08203516   1.88933751  0.0
-0.89983912   1.93219390  0.0
-0.83600000   1.94445427  0.0
-0.83600000   1.93936289  0.0
-0.89879474   1.92730310  0.0
-1.08078189   1.88449584  0.0
-1.26282287   1.83302337  0.0
-1.43883529   1.77406364  0.0
-1.60526863   1.70868448  0.0
-1.76206199   1.63721318  0.0
-1.90928700   1.56015542  0.0
-2.04694461   1.47797014  0.0
-2.17496725   1.39121212  0.0
-2.29349200   1.30020448  0.0
-2.40231515   1.20552288  0.0
-2.50164302   1.10736077  0.0
-2.59134173   1.00616345  0.0
-2.67148277   0.90221862  0.0
-2.74206953   0.79582066  0.0
-2.80303810   0.68739878  0.0
-2.85446036   0.57722575  0.0
-2.89633986   0.46550622  0.0
-2.92868108   0.35231194  0.0
-2.95141813   0.23791874  0.0
-2.96462880   0.11843705  0.0
-2.96639649   0.06978479  0.0
-2.96762393   0.00001153  0.0
-2.96639805  -0.05645376  0.0
-2.96463450  -0.08838761  0.0
-2.95141664  -0.20868377  0.0
-2.92867738  -0.32530079  0.0
-2.89633595  -0.43922430  0.0
-2.85445260  -0.55195521  0.0
-2.80302474  -0.66341403  0.0
-2.74204651  -0.77345420  0.0
-2.67144550  -0.88217703  0.0
-2.59128874  -0.98907316  0.0
-2.50157389  -1.09375866  0.0
-2.40223039  -1.19587041  0.0
-2.29339291  -1.29487433  0.0
-2.17485432  -1.39051683  0.0
-2.04681915  -1.48225604  0.0
-1.90915076  -1.56965978  0.0
-1.76191667  -1.65220093  0.0
-1.60511909  -1.72932378  0.0
-1.43869309  -1.80032265  0.0
-1.26270642  -1.86427562  0.0
-1.08070524  -1.91934684  0.0
-0.89876300  -1.96406805  0.0
-0.83600000  -1.97622294  0.0
-0.83600000  -1.98131584  0.0
;;

