# exterior:
# ---------
 0.83600000   1.99704012  0.0
 0.92272500   1.98664743  0.0
 1.10501445   1.95906821  0.0
 1.28723555   1.92567923  0.0
 1.46952500   1.88630279  0.0
 1.65181445   1.84072702  0.0
 1.83403555   1.78866482  0.0
 2.01632500   1.72984965  0.0
 2.19813600   1.66417213  0.0
 2.37413725   1.59288308  0.0
 2.54303010   1.51639943  0.0
 2.70474620   1.43477586  0.0
 2.85928555   1.34780049  0.0
 2.86177500   1.34623514  0.0
 2.86177500   1.34552639  0.0
 2.85897854   1.34728477  0.0
 2.70446374   1.43424633  0.0
 2.54277105   1.51585809  0.0
 2.37390077   1.59233152  0.0
 2.19792137   1.66361171  0.0
 2.01613090   1.72928181  0.0
 1.83386097   1.78809069  0.0
 1.65165923   1.84014736  0.0
 1.46938886   1.88571836  0.0
 1.28711811   1.92509076  0.0
 1.10491548   1.95847635  0.0
 0.92264441   1.98605279  0.0
 0.83600000   1.99643583  0.0
 0.83600000   1.99704012  0.0
;;

