# exterior:
# ---------
-0.74500000   1.87741410  0.0
-0.70351934   1.88538050  0.0
-0.52440557   1.91253971  0.0
-0.34523794   1.93285568  0.0
-0.16589588   1.94668795  0.0
 0.01353260   1.95426337  0.0
 0.19296342   1.95578442  0.0
 0.37253189   1.95137432  0.0
 0.55217048   1.94119009  0.0
 0.73178341   1.92533079  0.0
 0.74500000   1.92374698  0.0
 0.74500000   1.92374698  0.0
 0.74000000   1.91931038  0.0
 0.74000000   1.91931038  0.0
 0.73126594   1.92035703  0.0
 0.55180900   1.93620255  0.0
 0.37232895   1.94637780  0.0
 0.19292322   1.95078390  0.0
 0.01365928   1.94926426  0.0
-0.16559809   1.94169606  0.0
-0.34476386   1.92787739  0.0
-0.52374887   1.90758213  0.0
-0.70267271   1.88045172  0.0
-0.74000000   1.87328298  0.0
-0.74500000   1.87741410  0.0
;;

