# exterior:
# ---------
-0.83600000  -1.91001523  0.0
-0.88481758  -1.90056106  0.0
-1.06352309  -1.85663543  0.0
-1.24217825  -1.80257667  0.0
-1.41482226  -1.73983841  0.0
-1.57800232  -1.67022429  0.0
-1.73165766  -1.59464699  0.0
-1.87581341  -1.51383160  0.0
-2.01044177  -1.42835793  0.0
-2.13548491  -1.33876256  0.0
-2.25107860  -1.24549614  0.0
-2.35702456  -1.14912249  0.0
-2.45355387  -1.04990335  0.0
-2.54055551  -0.94838380  0.0
-2.61812573  -0.84493705  0.0
-2.68629400  -0.73996055  0.0
-2.74500868  -0.63400515  0.0
-2.79438918  -0.52698356  0.0
-2.83450940  -0.41899817  0.0
-2.86540193  -0.31017844  0.0
-2.88710077  -0.19889715  0.0
-2.89983067  -0.08304193  0.0
-2.90143697  -0.05395555  0.0
-2.90261152   0.00014535  0.0
-2.90141725   0.06803294  0.0
-2.89975879   0.11367887  0.0
-2.88711949   0.22799288  0.0
-2.86544864   0.33702192  0.0
-2.83455859   0.44513708  0.0
-2.79448691   0.55203399  0.0
-2.74517712   0.65768102  0.0
-2.68658422   0.76187820  0.0
-2.61859562   0.86435985  0.0
-2.54122363   0.96471317  0.0
-2.45442546   1.06263812  0.0
-2.35809313   1.15783986  0.0
-2.25232788   1.24986092  0.0
-2.13690854   1.33848411  0.0
-2.01202352   1.42311584  0.0
-1.87753101   1.50341147  0.0
-1.73348967   1.57880289  0.0
-1.57988759   1.64881951  0.0
-1.41661502   1.71295704  0.0
-1.24364630   1.77089720  0.0
-1.06448946   1.82155418  0.0
-0.88521772   1.86372272  0.0
-0.83600000   1.87317503  0.0
-0.84100000   1.86712340  0.0
-0.88417333   1.85883192  0.0
-1.06323620   1.81671252  0.0
-1.24217118   1.76611827  0.0
-1.41490577   1.70825653  0.0
-1.57793520   1.64421451  0.0
-1.73129180   1.57430979  0.0
-1.87508824   1.49904655  0.0
-2.00933728   1.41889628  0.0
-2.13398095   1.33442811  0.0
-2.24916141   1.24598834  0.0
-2.35469143   1.15417193  0.0
-2.45079334   1.05919792  0.0
-2.53736839   0.96152469  0.0
-2.61452738   0.86144764  0.0
-2.68231612   0.75926724  0.0
-2.74072628   0.65539504  0.0
-2.78987357   0.55009616  0.0
-2.82980619   0.44357022  0.0
-2.86058460   0.33584577  0.0
-2.88217344   0.22722936  0.0
-2.89476879   0.11331286  0.0
-2.89641885   0.06789818  0.0
-2.89761056   0.00015565  0.0
-2.89643997  -0.05376338  0.0
-2.89484576  -0.08263073  0.0
-2.88215340  -0.19814433  0.0
-2.86053459  -0.30901518  0.0
-2.82975351  -0.41744232  0.0
-2.78976891  -0.52506266  0.0
-2.74054591  -0.63174293  0.0
-2.68200534  -0.73738412  0.0
-2.61402421  -0.84207244  0.0
-2.53665295  -0.94525385  0.0
-2.44986002  -1.04652986  0.0
-2.35354719  -1.14552650  0.0
-2.24782365  -1.24169782  0.0
-2.13245650  -1.33478146  0.0
-2.00764351  -1.42421192  0.0
-1.87324900  -1.50953712  0.0
-1.72933005  -1.59021977  0.0
-1.57591642  -1.66567818  0.0
-1.41298605  -1.73518578  0.0
-1.24059916  -1.79783060  0.0
-1.06220139  -1.85181148  0.0
-0.88374485  -1.89567591  0.0
-0.84100000  -1.90395402  0.0
-0.83600000  -1.91001523  0.0
;;

