# exterior:
# ---------
 0.83600000  -1.88726137  0.0
 0.83600000   1.88564882  0.0
 0.90786926   1.87703637  0.0
 1.08677079   1.84996971  0.0
 1.26558723   1.81720458  0.0
 1.44442923   1.77857284  0.0
 1.62320154   1.73387641  0.0
 1.80185412   1.68283377  0.0
 1.98054560   1.62517947  0.0
 2.15857249   1.56086893  0.0
 2.33054608   1.49121127  0.0
 2.49527852   1.41661168  0.0
 2.65267935   1.33716617  0.0
 2.80269300   1.25273788  0.0
 2.86177500   1.21558771  0.0
 2.86177500   1.22385654  0.0
 2.94923251   1.16886413  0.0
 3.08471588   1.07324007  0.0
 3.21271474   0.97099211  0.0
 3.33308670   0.86069796  0.0
 3.44581052   0.73976778  0.0
 3.55098930   0.60295814  0.0
 3.64717899   0.44409101  0.0
 3.73683590   0.19552430  0.0
 3.75758584   0.00006601  0.0
 3.73689592  -0.19250234  0.0
 3.64755314  -0.43511974  0.0
 3.55202699  -0.58914237  0.0
 3.44753877  -0.71810923  0.0
 3.33488536  -0.83299757  0.0
 3.21440514  -0.93841613  0.0
 3.08616784  -1.03681258  0.0
 2.95032086  -1.12963473  0.0
 2.86177500  -1.18410049  0.0
 2.86177500  -1.17588223  0.0
 2.80336203  -1.21181284  0.0
 2.65277978  -1.29574862  0.0
 2.49478373  -1.37591526  0.0
 2.32945648  -1.45235653  0.0
 2.15691814  -1.52500355  0.0
 1.97849804  -1.59321234  0.0
 1.79950998  -1.65509644  0.0
 1.62051181  -1.71085713  0.0
 1.44140521  -1.76078133  0.0
 1.26229416  -1.80503861  0.0
 1.08328310  -1.84368781  0.0
 0.90428212  -1.87678990  0.0
 0.83600000  -1.88726137  0.0
;;

# interior:
# ---------
 0.84100000  -1.88143613  0.0
 0.90344836  -1.87185931  0.0
 1.08230067  -1.83878471  0.0
 1.26116662  -1.80016684  0.0
 1.44013397  -1.75594507  0.0
 1.61909668  -1.70606097  0.0
 1.79794915  -1.65034568  0.0
 1.97678796  -1.58851318  0.0
 2.15505477  -1.52036299  0.0
 2.32743655  -1.44778189  0.0
 2.49260261  -1.37141514  0.0
 2.65043048  -1.29133384  0.0
 2.80083384  -1.20749777  0.0
 2.85915535  -1.17162342  0.0
 2.85957772  -1.17139090  0.0
 2.86002053  -1.17120015  0.0
 2.86047965  -1.17105293  0.0
 2.86095081  -1.17095062  0.0
 2.86142964  -1.17089417  0.0
 2.86191167  -1.17088409  0.0
 2.86239244  -1.17092050  0.0
 2.86286747  -1.17100303  0.0
 2.86333234  -1.17113094  0.0
 2.86378272  -1.17130303  0.0
 2.86421444  -1.17151770  0.0
 2.86462348  -1.17177295  0.0
 2.86500603  -1.17206641  0.0
 2.86535853  -1.17239535  0.0
 2.86567771  -1.17275671  0.0
 2.86596061  -1.17314714  0.0
 2.86620458  -1.17356300  0.0
 2.86640737  -1.17400043  0.0
 2.86656708  -1.17445535  0.0
 2.86668223  -1.17492354  0.0
 2.86672078  -1.17518809  0.0
 2.94759906  -1.12543876  0.0
 3.08323334  -1.03276194  0.0
 3.21123374  -0.93454726  0.0
 3.33144906  -0.82936049  0.0
 3.44380289  -0.71477767  0.0
 3.54794383  -0.58623945  0.0
 3.64303653  -0.43291569  0.0
 3.73199052  -0.19135412  0.0
 3.75255741   0.00006919  0.0
 3.73192760   0.19439591  0.0
 3.64264433   0.44192673  0.0
 3.54685605   0.60013087  0.0
 3.44199124   0.73653214  0.0
 3.32956359   0.85714458  0.0
 3.20946176   0.96719122  0.0
 3.08171130   1.06924075  0.0
 2.94645818   1.16470229  0.0
 2.86671362   1.21484488  0.0
 2.86668137   1.21462462  0.0
 2.86656516   1.21415439  0.0
 2.86640399   1.21369761  0.0
 2.86619937   1.21325856  0.0
 2.86595324   1.21284138  0.0
 2.86566789   1.21244997  0.0
 2.86534600   1.21208800  0.0
 2.86499060   1.21175889  0.0
 2.86460503   1.21146570  0.0
 2.86419289   1.21121120  0.0
 2.86375806   1.21099778  0.0
 2.86330462   1.21082743  0.0
 2.86283683   1.21070176  0.0
 2.86235907   1.21062194  0.0
 2.86187582   1.21058873  0.0
 2.86139164   1.21060243  0.0
 2.86091105   1.21066292  0.0
 2.86043856   1.21076963  0.0
 2.85997862   1.21092155  0.0
 2.85953554   1.21111727  0.0
 2.85911348   1.21135494  0.0
 2.80013457   1.24844029  0.0
 2.65032551   1.33275344  0.0
 2.49311977   1.41210048  0.0
 2.32857541   1.48661490  0.0
 2.15678391   1.55619880  0.0
 1.97892809   1.62044754  0.0
 1.80039926   1.67804936  0.0
 1.62190801   1.72904591  0.0
 1.44329470   1.77370258  0.0
 1.26460855   1.81230067  0.0
 1.08594603   1.84503759  0.0
 0.90719766   1.87208107  0.0
 0.84100000   1.88001387  0.0
 0.84100000  -1.88143613  0.0
;;

