# exterior:
# ---------
 0.84100000   1.88001387  0.0
 0.90719766   1.87208107  0.0
 1.08594603   1.84503759  0.0
 1.26460855   1.81230067  0.0
 1.44329470   1.77370258  0.0
 1.62190801   1.72904591  0.0
 1.80039926   1.67804936  0.0
 1.97892809   1.62044754  0.0
 2.15678391   1.55619880  0.0
 2.32857541   1.48661490  0.0
 2.49311977   1.41210048  0.0
 2.65032551   1.33275344  0.0
 2.80013457   1.24844029  0.0
 2.85911348   1.21135494  0.0
 2.85953554   1.21111727  0.0
 2.85997862   1.21092155  0.0
 2.86043856   1.21076963  0.0
 2.86091105   1.21066292  0.0
 2.86139164   1.21060243  0.0
 2.86187582   1.21058873  0.0
 2.86222583   1.21061278  0.0
 2.86267720   1.20563201  0.0
 2.86221867   1.20560050  0.0
 2.86173439   1.20559073  0.0
 2.86125020   1.20560443  0.0
 2.86076724   1.20564157  0.0
 2.86028665   1.20570206  0.0
 2.85980956   1.20578575  0.0
 2.85933707   1.20589246  0.0
 2.85887032   1.20602193  0.0
 2.85841038   1.20617386  0.0
 2.85795833   1.20634788  0.0
 2.85751525   1.20654360  0.0
 2.85708217   1.20676055  0.0
 2.85666011   1.20699823  0.0
 2.85645196   1.20712218  0.0
 2.79757614   1.24414270  0.0
 2.64797168   1.32834070  0.0
 2.49096102   1.40758928  0.0
 2.32660475   1.48201853  0.0
 2.15499532   1.55152867  0.0
 1.97731057   1.61571562  0.0
 1.79894440   1.67326496  0.0
 1.62061448   1.72421541  0.0
 1.44216017   1.76883233  0.0
 1.26362987   1.80739675  0.0
 1.08512127   1.84010547  0.0
 0.90652607   1.86712578  0.0
 0.84600000   1.87437892  0.0
 0.84100000   1.88001387  0.0
;;

