# exterior:
# ---------
-0.75000000   1.88154522  0.0
-0.70436597   1.89030928  0.0
-0.52506227   1.91749729  0.0
-0.34571201   1.93783396  0.0
-0.16619368   1.95167983  0.0
 0.01340591   1.95926247  0.0
 0.19300362   1.96078494  0.0
 0.37273483   1.95637085  0.0
 0.55253196   1.94617762  0.0
 0.73230088   1.93030455  0.0
 0.75000000   1.92818358  0.0
 0.74500000   1.92374698  0.0
 0.74500000   1.92374698  0.0
 0.73178341   1.92533079  0.0
 0.55217048   1.94119009  0.0
 0.37253189   1.95137432  0.0
 0.19296342   1.95578442  0.0
 0.01353260   1.95426337  0.0
-0.16589588   1.94668795  0.0
-0.34523794   1.93285568  0.0
-0.52440557   1.91253971  0.0
-0.70351934   1.88538050  0.0
-0.74500000   1.87741410  0.0
-0.75000000   1.88154522  0.0
;;

