# exterior:
# ---------
-0.83600000  -1.97113004  0.0
-0.89769027  -1.95918290  0.0
-1.07938354  -1.91452289  0.0
-1.26112733  -1.85952955  0.0
-1.43685687  -1.79567002  0.0
-1.60303318  -1.72477766  0.0
-1.75958905  -1.64777370  0.0
-1.90658635  -1.56536530  0.0
-2.04402089  -1.47811003  0.0
-2.17182591  -1.38653573  0.0
-2.29013796  -1.29107601  0.0
-2.39875302  -1.19227441  0.0
-2.49788004  -1.09038517  0.0
-2.58738618  -0.98594321  0.0
-2.66734398  -0.87931241  0.0
-2.73775785  -0.77087776  0.0
-2.79856197  -0.66115181  0.0
-2.84983234  -0.55003431  0.0
-2.89158007  -0.43766845  0.0
-2.92381003  -0.32413753  0.0
-2.94646927  -0.20793095  0.0
-2.95964959  -0.08797641  0.0
-2.96140105  -0.05626159  0.0
-2.96262298   0.00002182  0.0
-2.96139809   0.06965003  0.0
-2.95963880   0.11807103  0.0
-2.94647208   0.23715521  0.0
-2.92381705   0.35113578  0.0
-2.89158745   0.46393937  0.0
-2.84984701   0.57528792  0.0
-2.79858726   0.68511280  0.0
-2.73780143   0.79320970  0.0
-2.66741453   0.89930640  0.0
-2.58748649   1.00297497  0.0
-2.49801090   1.10392056  0.0
-2.39891346   1.20185496  0.0
-2.29032553   1.29633190  0.0
-2.17203965   1.38715612  0.0
-2.04425838   1.47375058  0.0
-1.90684423   1.55579050  0.0
-1.75986412   1.63272008  0.0
-1.60331624   1.70407948  0.0
-1.43712604   1.76936313  0.0
-1.26134774   1.82824443  0.0
-1.07952863   1.87965418  0.0
-0.89775035   1.92241230  0.0
-0.83600000   1.93427152  0.0
-0.83600000   1.87317503  0.0
-0.88521772   1.86372272  0.0
-1.06448946   1.82155418  0.0
-1.24364630   1.77089720  0.0
-1.41661502   1.71295704  0.0
-1.57988759   1.64881951  0.0
-1.73348967   1.57880289  0.0
-1.87753101   1.50341147  0.0
-2.01202352   1.42311584  0.0
-2.13690854   1.33848411  0.0
-2.25232788   1.24986092  0.0
-2.35809313   1.15783986  0.0
-2.45442546   1.06263812  0.0
-2.54122363   0.96471317  0.0
-2.61859562   0.86435985  0.0
-2.68658422   0.76187820  0.0
-2.74517712   0.65768102  0.0
-2.79448691   0.55203399  0.0
-2.83455859   0.44513708  0.0
-2.86544864   0.33702192  0.0
-2.88711949   0.22799288  0.0
-2.89975879   0.11367887  0.0
-2.90141725   0.06803294  0.0
-2.90261152   0.00014535  0.0
-2.90143697  -0.05395555  0.0
-2.89983067  -0.08304193  0.0
-2.88710077  -0.19889715  0.0
-2.86540193  -0.31017844  0.0
-2.83450940  -0.41899817  0.0
-2.79438918  -0.52698356  0.0
-2.74500868  -0.63400515  0.0
-2.68629400  -0.73996055  0.0
-2.61812573  -0.84493705  0.0
-2.54055551  -0.94838380  0.0
-2.45355387  -1.04990335  0.0
-2.35702456  -1.14912249  0.0
-2.25107860  -1.24549614  0.0
-2.13548491  -1.33876256  0.0
-2.01044177  -1.42835793  0.0
-1.87581341  -1.51383160  0.0
-1.73165766  -1.59464699  0.0
-1.57800232  -1.67022429  0.0
-1.41482226  -1.73983841  0.0
-1.24217825  -1.80257667  0.0
-1.06352309  -1.85663543  0.0
-0.88481758  -1.90056106  0.0
-0.83600000  -1.91001523  0.0
-0.83600000  -1.97113004  0.0
;;

