# exterior:
# ---------
 2.86177500  -1.29915619  0.0
 2.85645398  -1.30242923  0.0
 2.70211499  -1.38845905  0.0
 2.54058725  -1.47041765  0.0
 2.37187493  -1.54842405  0.0
 2.19604902  -1.62245530  0.0
 2.01440971  -1.69189478  0.0
 1.83228742  -1.75486252  0.0
 1.65022951  -1.81157636  0.0
 1.46810121  -1.86234283  0.0
 1.28597270  -1.90734571  0.0
 1.10391413  -1.94665288  0.0
 0.92179118  -1.98033231  0.0
 0.83600000  -1.99348889  0.0
 0.83600000  -1.98843043  0.0
 0.92095742  -1.97540172  0.0
 1.10293170  -1.94174978  0.0
 1.28484515  -1.90247394  0.0
 1.46682997  -1.85750656  0.0
 1.64881438  -1.80678020  0.0
 1.83072659  -1.75011175  0.0
 2.01269963  -1.68719561  0.0
 2.19418564  -1.61781474  0.0
 2.36985501  -1.54384941  0.0
 2.53840613  -1.46591754  0.0
 2.69976569  -1.38404427  0.0
 2.85392579  -1.29811416  0.0
 2.86177500  -1.29328600  0.0
 2.86177500  -1.29915619  0.0
;;

