# exterior:
# ---------
-0.83600000  -1.97622294  0.0
-0.89876300  -1.96406805  0.0
-1.08070524  -1.91934684  0.0
-1.26270642  -1.86427562  0.0
-1.43869309  -1.80032265  0.0
-1.60511909  -1.72932378  0.0
-1.76191667  -1.65220093  0.0
-1.90915076  -1.56965978  0.0
-2.04681915  -1.48225604  0.0
-2.17485432  -1.39051683  0.0
-2.29339291  -1.29487433  0.0
-2.40223039  -1.19587041  0.0
-2.50157389  -1.09375866  0.0
-2.59128874  -0.98907316  0.0
-2.67144550  -0.88217703  0.0
-2.74204651  -0.77345420  0.0
-2.80302474  -0.66341403  0.0
-2.85445260  -0.55195521  0.0
-2.89633595  -0.43922430  0.0
-2.92867738  -0.32530079  0.0
-2.95141664  -0.20868377  0.0
-2.96463450  -0.08838761  0.0
-2.96639805  -0.05645376  0.0
-2.96762393   0.00001153  0.0
-2.96639649   0.06978479  0.0
-2.96462880   0.11843705  0.0
-2.95141813   0.23791874  0.0
-2.92868108   0.35231194  0.0
-2.89633986   0.46550622  0.0
-2.85446036   0.57722575  0.0
-2.80303810   0.68739878  0.0
-2.74206953   0.79582066  0.0
-2.67148277   0.90221862  0.0
-2.59134173   1.00616345  0.0
-2.50164302   1.10736077  0.0
-2.40231515   1.20552288  0.0
-2.29349200   1.30020448  0.0
-2.17496725   1.39121212  0.0
-2.04694461   1.47797014  0.0
-1.90928700   1.56015542  0.0
-1.76206199   1.63721318  0.0
-1.60526863   1.70868448  0.0
-1.43883529   1.77406364  0.0
-1.26282287   1.83302337  0.0
-1.08078189   1.88449584  0.0
-0.89879474   1.92730310  0.0
-0.83600000   1.93936289  0.0
-0.83600000   1.93427152  0.0
-0.89775035   1.92241230  0.0
-1.07952863   1.87965418  0.0
-1.26134774   1.82824443  0.0
-1.43712604   1.76936313  0.0
-1.60331624   1.70407948  0.0
-1.75986412   1.63272008  0.0
-1.90684423   1.55579050  0.0
-2.04425838   1.47375058  0.0
-2.17203965   1.38715612  0.0
-2.29032553   1.29633190  0.0
-2.39891346   1.20185496  0.0
-2.49801090   1.10392056  0.0
-2.58748649   1.00297497  0.0
-2.66741453   0.89930640  0.0
-2.73780143   0.79320970  0.0
-2.79858726   0.68511280  0.0
-2.84984701   0.57528792  0.0
-2.89158745   0.46393937  0.0
-2.92381705   0.35113578  0.0
-2.94647208   0.23715521  0.0
-2.95963880   0.11807103  0.0
-2.96139809   0.06965003  0.0
-2.96262298   0.00002182  0.0
-2.96140105  -0.05626159  0.0
-2.95964959  -0.08797641  0.0
-2.94646927  -0.20793095  0.0
-2.92381003  -0.32413753  0.0
-2.89158007  -0.43766845  0.0
-2.84983234  -0.55003431  0.0
-2.79856197  -0.66115181  0.0
-2.73775785  -0.77087776  0.0
-2.66734398  -0.87931241  0.0
-2.58738618  -0.98594321  0.0
-2.49788004  -1.09038517  0.0
-2.39875302  -1.19227441  0.0
-2.29013796  -1.29107601  0.0
-2.17182591  -1.38653573  0.0
-2.04402089  -1.47811003  0.0
-1.90658635  -1.56536530  0.0
-1.75958905  -1.64777370  0.0
-1.60303318  -1.72477766  0.0
-1.43685687  -1.79567002  0.0
-1.26112733  -1.85952955  0.0
-1.07938354  -1.91452289  0.0
-0.89769027  -1.95918290  0.0
-0.83600000  -1.97113004  0.0
-0.83600000  -1.97622294  0.0
;;

