# exterior:
# ---------
 2.84700000   0.00000000  0.0
 2.83616432  -0.24627119  0.0
 2.80374838  -0.49066906  0.0
 2.74999132  -0.73133167  0.0
 2.67530312  -0.96642554  0.0
 2.58025888  -1.19416846  0.0
 2.46557602  -1.41282375  0.0
 2.33212574  -1.62072308  0.0
 2.18092727  -1.81628920  0.0
 2.01313078  -1.99803599  0.0
 1.83001744  -2.16457410  0.0
 1.63297087  -2.31463378  0.0
 1.42350000  -2.44708191  0.0
 1.20319345  -2.56090497  0.0
 0.97373094  -2.65523747  0.0
 0.73686054  -2.72936765  0.0
 0.49437586  -2.78272043  0.0
 0.24813313  -2.81489723  0.0
 0.00000000  -2.82564750  0.0
-0.24813313  -2.81489723  0.0
-0.49437586  -2.78272043  0.0
-0.73686054  -2.72936765  0.0
-0.97373094  -2.65523747  0.0
-1.20319345  -2.56090497  0.0
-1.42350000  -2.44708191  0.0
-1.63297087  -2.31463378  0.0
-1.83001744  -2.16457410  0.0
-2.01313078  -1.99803599  0.0
-2.18092727  -1.81628920  0.0
-2.33212574  -1.62072308  0.0
-2.46557602  -1.41282375  0.0
-2.58025888  -1.19416846  0.0
-2.67530312  -0.96642554  0.0
-2.74999132  -0.73133167  0.0
-2.80374838  -0.49066906  0.0
-2.83616432  -0.24627119  0.0
-2.84700000   0.00000000  0.0
-2.83616432   0.24627119  0.0
-2.80374838   0.49066906  0.0
-2.74999132   0.73133167  0.0
-2.67530312   0.96642554  0.0
-2.58025888   1.19416846  0.0
-2.46557602   1.41282375  0.0
-2.33212574   1.62072308  0.0
-2.18092727   1.81628920  0.0
-2.01313078   1.99803599  0.0
-1.83001744   2.16457410  0.0
-1.63297087   2.31463378  0.0
-1.42350000   2.44708191  0.0
-1.20319345   2.56090497  0.0
-0.97373094   2.65523747  0.0
-0.73686054   2.72936765  0.0
-0.49437586   2.78272043  0.0
-0.24813313   2.81489723  0.0
 0.00000000   2.82564750  0.0
 0.24813313   2.81489723  0.0
 0.49437586   2.78272043  0.0
 0.73686054   2.72936765  0.0
 0.97373094   2.65523747  0.0
 1.20319345   2.56090497  0.0
 1.42350000   2.44708191  0.0
 1.63297087   2.31463378  0.0
 1.83001744   2.16457410  0.0
 2.01313078   1.99803599  0.0
 2.18092727   1.81628920  0.0
 2.33212574   1.62072308  0.0
 2.46557602   1.41282375  0.0
 2.58025888   1.19416846  0.0
 2.67530312   0.96642554  0.0
 2.74999132   0.73133167  0.0
 2.80374838   0.49066906  0.0
 2.83616432   0.24627119  0.0
 2.84700000   0.00000000  0.0
;;

# interior:
# ---------
 2.84639942   0.00000000  0.0
 2.83556606   0.24621846  0.0
 2.80315705   0.49056401  0.0
 2.74941150   0.73117513  0.0
 2.67473926   0.96621876  0.0
 2.57971530   1.19391308  0.0
 2.46505689   1.41252177  0.0
 2.33163500   1.62037687  0.0
 2.18046863   1.81590146  0.0
 2.01270771   1.99760973  0.0
 1.82963310   2.16411261  0.0
 1.63262814   2.31414061  0.0
 1.42320140   2.44656083  0.0
 1.20294120   2.56035995  0.0
 0.97352689   2.65467263  0.0
 0.73670618   2.72878726  0.0
 0.49427233   2.78212886  0.0
 0.24808118   2.81429892  0.0
 0.00000000   2.82504694  0.0
-0.24808118   2.81429892  0.0
-0.49427233   2.78212886  0.0
-0.73670618   2.72878726  0.0
-0.97352689   2.65467263  0.0
-1.20294120   2.56035995  0.0
-1.42320140   2.44656083  0.0
-1.63262814   2.31414061  0.0
-1.82963310   2.16411261  0.0
-2.01270771   1.99760973  0.0
-2.18046863   1.81590146  0.0
-2.33163500   1.62037687  0.0
-2.46505689   1.41252177  0.0
-2.57971530   1.19391308  0.0
-2.67473926   0.96621876  0.0
-2.74941150   0.73117513  0.0
-2.80315705   0.49056401  0.0
-2.83556606   0.24621846  0.0
-2.84639942   0.00000000  0.0
-2.83556606  -0.24621846  0.0
-2.80315705  -0.49056401  0.0
-2.74941150  -0.73117513  0.0
-2.67473926  -0.96621876  0.0
-2.57971530  -1.19391308  0.0
-2.46505689  -1.41252177  0.0
-2.33163500  -1.62037687  0.0
-2.18046863  -1.81590146  0.0
-2.01270771  -1.99760973  0.0
-1.82963310  -2.16411261  0.0
-1.63262814  -2.31414061  0.0
-1.42320140  -2.44656083  0.0
-1.20294120  -2.56035995  0.0
-0.97352689  -2.65467263  0.0
-0.73670618  -2.72878726  0.0
-0.49427233  -2.78212886  0.0
-0.24808118  -2.81429892  0.0
 0.00000000  -2.82504694  0.0
 0.24808118  -2.81429892  0.0
 0.49427233  -2.78212886  0.0
 0.73670618  -2.72878726  0.0
 0.97352689  -2.65467263  0.0
 1.20294120  -2.56035995  0.0
 1.42320140  -2.44656083  0.0
 1.63262814  -2.31414061  0.0
 1.82963310  -2.16411261  0.0
 2.01270771  -1.99760973  0.0
 2.18046863  -1.81590146  0.0
 2.33163500  -1.62037687  0.0
 2.46505689  -1.41252177  0.0
 2.57971530  -1.19391308  0.0
 2.67473926  -0.96621876  0.0
 2.74941150  -0.73117513  0.0
 2.80315705  -0.49056401  0.0
 2.83556606  -0.24621846  0.0
 2.84639942   0.00000000  0.0
;;

