# exterior:
# ---------
 2.84139458   0.00000000  0.0
 2.83058056  -0.24577901  0.0
 2.79822937  -0.48968862  0.0
 2.74457966  -0.72987066  0.0
 2.67004043  -0.96449565  0.0
 2.57518549  -1.19178494  0.0
 2.46073077  -1.41000528  0.0
 2.32754550  -1.61749176  0.0
 2.17664666  -1.81267032  0.0
 2.00918206  -1.99405762  0.0
 1.82643029  -2.16026690  0.0
 1.62977201  -2.31003087  0.0
 1.42071310  -2.44221852  0.0
 1.20083914  -2.55581808  0.0
 0.97182645  -2.64996566  0.0
 0.73541987  -2.72395069  0.0
 0.49340957  -2.77719909  0.0
 0.24764823  -2.80931298  0.0
 0.00000000  -2.82004225  0.0
-0.24764823  -2.80931298  0.0
-0.49340957  -2.77719909  0.0
-0.73541987  -2.72395069  0.0
-0.97182645  -2.64996566  0.0
-1.20083914  -2.55581808  0.0
-1.42071310  -2.44221852  0.0
-1.62977201  -2.31003087  0.0
-1.82643029  -2.16026690  0.0
-2.00918206  -1.99405762  0.0
-2.17664666  -1.81267032  0.0
-2.32754550  -1.61749176  0.0
-2.46073077  -1.41000528  0.0
-2.57518549  -1.19178494  0.0
-2.67004043  -0.96449565  0.0
-2.74457966  -0.72987066  0.0
-2.79822937  -0.48968862  0.0
-2.83058056  -0.24577901  0.0
-2.84139458   0.00000000  0.0
-2.83058056   0.24577901  0.0
-2.79822937   0.48968862  0.0
-2.74457966   0.72987066  0.0
-2.67004043   0.96449565  0.0
-2.57518549   1.19178494  0.0
-2.46073077   1.41000528  0.0
-2.32754550   1.61749176  0.0
-2.17664666   1.81267032  0.0
-2.00918206   1.99405762  0.0
-1.82643029   2.16026690  0.0
-1.62977201   2.31003087  0.0
-1.42071310   2.44221852  0.0
-1.20083914   2.55581808  0.0
-0.97182645   2.64996566  0.0
-0.73541987   2.72395069  0.0
-0.49340957   2.77719909  0.0
-0.24764823   2.80931298  0.0
 0.00000000   2.82004225  0.0
 0.24764823   2.80931298  0.0
 0.49340957   2.77719909  0.0
 0.73541987   2.72395069  0.0
 0.97182645   2.64996566  0.0
 1.20083914   2.55581808  0.0
 1.42071310   2.44221852  0.0
 1.62977201   2.31003087  0.0
 1.82643029   2.16026690  0.0
 2.00918206   1.99405762  0.0
 2.17664666   1.81267032  0.0
 2.32754550   1.61749176  0.0
 2.46073077   1.41000528  0.0
 2.57518549   1.19178494  0.0
 2.67004043   0.96449565  0.0
 2.74457966   0.72987066  0.0
 2.79822937   0.48968862  0.0
 2.83058056   0.24577901  0.0
 2.84139458   0.00000000  0.0
;;

# interior:
# ---------
 2.72127848   0.00000000  0.0
 2.71092851   0.23523220  0.0
 2.67996506   0.46867907  0.0
 2.62861555   0.69856342  0.0
 2.55726838   0.92314087  0.0
 2.46647010   1.14070969  0.0
 2.35690396   1.34960940  0.0
 2.22939731   1.54824928  0.0
 2.08491938   1.73512278  0.0
 1.92456670   1.90880690  0.0
 1.74956277   2.06796965  0.0
 1.56122496   2.21139722  0.0
 1.36099382   2.33800309  0.0
 1.15038971   2.44681331  0.0
 0.93101587   2.53699834  0.0
 0.70454841   2.60787285  0.0
 0.47270344   2.65888462  0.0
 0.23725753   2.68965059  0.0
 0.00000000   2.69992968  0.0
-0.23725753   2.68965059  0.0
-0.47270344   2.65888462  0.0
-0.70454841   2.60787285  0.0
-0.93101587   2.53699834  0.0
-1.15038971   2.44681331  0.0
-1.36099382   2.33800309  0.0
-1.56122496   2.21139722  0.0
-1.74956277   2.06796965  0.0
-1.92456670   1.90880690  0.0
-2.08491938   1.73512278  0.0
-2.22939731   1.54824928  0.0
-2.35690396   1.34960940  0.0
-2.46647010   1.14070969  0.0
-2.55726838   0.92314087  0.0
-2.62861555   0.69856342  0.0
-2.67996506   0.46867907  0.0
-2.71092851   0.23523220  0.0
-2.72127848   0.00000000  0.0
-2.71092851  -0.23523220  0.0
-2.67996506  -0.46867907  0.0
-2.62861555  -0.69856342  0.0
-2.55726838  -0.92314087  0.0
-2.46647010  -1.14070969  0.0
-2.35690396  -1.34960940  0.0
-2.22939731  -1.54824928  0.0
-2.08491938  -1.73512278  0.0
-1.92456670  -1.90880690  0.0
-1.74956277  -2.06796965  0.0
-1.56122496  -2.21139722  0.0
-1.36099382  -2.33800309  0.0
-1.15038971  -2.44681331  0.0
-0.93101587  -2.53699834  0.0
-0.70454841  -2.60787285  0.0
-0.47270344  -2.65888462  0.0
-0.23725753  -2.68965059  0.0
 0.00000000  -2.69992968  0.0
 0.23725753  -2.68965059  0.0
 0.47270344  -2.65888462  0.0
 0.70454841  -2.60787285  0.0
 0.93101587  -2.53699834  0.0
 1.15038971  -2.44681331  0.0
 1.36099382  -2.33800309  0.0
 1.56122496  -2.21139722  0.0
 1.74956277  -2.06796965  0.0
 1.92456670  -1.90880690  0.0
 2.08491938  -1.73512278  0.0
 2.22939731  -1.54824928  0.0
 2.35690396  -1.34960940  0.0
 2.46647010  -1.14070969  0.0
 2.55726838  -0.92314087  0.0
 2.62861555  -0.69856342  0.0
 2.67996506  -0.46867907  0.0
 2.71092851  -0.23523220  0.0
 2.72127848   0.00000000  0.0
;;

