1.000000000 -0.002187013
0.979370496 0.001453276
0.958664843 0.004631117
0.937864878 0.007109758
0.916977718 0.008686754
0.896038919 0.009255282
0.875096361 0.008836427
0.854193228 0.007482923
0.833366486 0.005240176
0.812648057 0.002153045
0.792062651 -0.001724178
0.771623855 -0.006313895
0.751332413 -0.011516573
0.731176349 -0.017222887
0.711135638 -0.023322402
0.691186508 -0.029715287
0.671303535 -0.036311513
0.651460232 -0.043026040
0.631629174 -0.049776938
0.611782693 -0.056482150
0.591897234 -0.063070834
0.571955053 -0.069485613
0.551943007 -0.075678788
0.531850077 -0.081605808
0.511666701 -0.087215828
0.491384825 -0.092455115
0.470998383 -0.097273664
0.450507077 -0.101624212
0.429914615 -0.105467500
0.409230173 -0.108779911
0.388466909 -0.111555937
0.367639101 -0.113797004
0.346759618 -0.115489588
0.325841258 -0.116600622
0.304899254 -0.117094845
0.283952060 -0.116945036
0.263020024 -0.116128077
0.242126074 -0.114630451
0.221293517 -0.112440065
0.200547730 -0.109539553
0.179920132 -0.105893351
0.159446881 -0.101462480
0.139165037 -0.096224645
0.119123052 -0.090134395
0.099381165 -0.083133304
0.080013760 -0.075155550
0.061147118 -0.066059447
0.043047703 -0.055526061
0.026236309 -0.043052882
0.011522677 -0.028180579
0.001437104 -0.009985949
0.000000000 0.000000000
0.001470547 0.010683356
0.012363254 0.028401921
0.027575031 0.042768989
0.044487275 0.055117091
0.062375528 0.066010487
0.080924149 0.075739542
0.099961890 0.084476807
0.119375071 0.092344680
0.139088125 0.099428940
0.159045494 0.105793465
0.179204652 0.111485036
0.199535584 0.116530760
0.220012498 0.120949632
0.240611959 0.124754153
0.261315035 0.127946997
0.282103506 0.130525870
0.302959624 0.132483954
0.323865654 0.133804969
0.344803009 0.134462670
0.365750616 0.134443444
0.386688769 0.133800508
0.407604060 0.132628655
0.428488095 0.130990384
0.449332791 0.128910110
0.470132913 0.126423249
0.490887160 0.123577932
0.511595199 0.120415356
0.532258416 0.116969733
0.552878265 0.113272528
0.573456211 0.109349849
0.593996120 0.105232413
0.614500005 0.100939189
0.634968983 0.096482492
0.655407073 0.091886097
0.675817721 0.087169328
0.696203483 0.082346135
0.716568066 0.077434202
0.736916366 0.072455259
0.757247918 0.067408372
0.777560753 0.062286674
0.797856015 0.057095770
0.818138603 0.051855527
0.838411019 0.046576081
0.858672017 0.041252990
0.878923187 0.035892611
0.899165391 0.030498444
0.919397563 0.025066827
0.939617656 0.019590419
0.959817007 0.014037998
0.979967184 0.008310151
1.000000000 0.002187013
