# exterior:
# ---------
-0.75000000   2.59258105  0.0
-0.74023501   2.59542910  0.0
-0.49281558   2.64616676  0.0
-0.24156131   2.67676161  0.0
 0.01162200   2.68698701  0.0
 0.26480531   2.67676161  0.0
 0.51605958   2.64616676  0.0
 0.75000000   2.59819320  0.0
 0.75000000   2.59308915  0.0
 0.51525385   2.64122794  0.0
 0.26440158   2.67177384  0.0
 0.01162200   2.68198293  0.0
-0.24115758   2.67177384  0.0
-0.49200985   2.64122794  0.0
-0.73903081   2.59057199  0.0
-0.75000000   2.58737273  0.0
-0.75000000   2.59258105  0.0
;;

