# exterior:
# ---------
-0.83600000  -2.56812341  0.0
-0.98211711  -2.52550709  0.0
-1.21629460  -2.43577944  0.0
-1.44112800  -2.32752051  0.0
-1.65490307  -2.20154384  0.0
-1.85599853  -2.05881406  0.0
-2.04287448  -1.90041201  0.0
-2.21411884  -1.72754638  0.0
-2.36842414  -1.54153627  0.0
-2.50461654  -1.34379375  0.0
-2.62165589  -1.13582387  0.0
-2.71865311  -0.91920722  0.0
-2.79487599  -0.69559994  0.0
-2.84973764  -0.46669303  0.0
-2.88281967  -0.23424141  0.0
-2.89387800   0.00000000  0.0
-2.88281967   0.23424141  0.0
-2.84973764   0.46669303  0.0
-2.79487599   0.69559994  0.0
-2.71865311   0.91920722  0.0
-2.62165589   1.13582387  0.0
-2.50461654   1.34379375  0.0
-2.36842414   1.54153627  0.0
-2.21411884   1.72754638  0.0
-2.04287448   1.90041201  0.0
-1.85599853   2.05881406  0.0
-1.65490307   2.20154384  0.0
-1.44112800   2.32752051  0.0
-1.21629460   2.43577944  0.0
-0.98211711   2.52550709  0.0
-0.83600000   2.56812341  0.0
-0.83600000   2.56749841  0.0
-0.98192545   2.52493799  0.0
-1.21605670   2.43522805  0.0
-1.44084504   2.32699082  0.0
-1.65457653   2.20103983  0.0
-1.85563024   2.05833969  0.0
-2.04246660   1.89997119  0.0
-2.21367395   1.72714293  0.0
-2.36794522   1.54117384  0.0
-2.50410699   1.34347580  0.0
-2.62111952   1.13555357  0.0
-2.71809415   0.91898736  0.0
-2.79429904   0.69543287  0.0
-2.84914760   0.46658059  0.0
-2.88222167   0.23418487  0.0
-2.89327733   0.00000000  0.0
-2.88222167  -0.23418487  0.0
-2.84914760  -0.46658059  0.0
-2.79429904  -0.69543287  0.0
-2.71809415  -0.91898736  0.0
-2.62111952  -1.13555357  0.0
-2.50410699  -1.34347580  0.0
-2.36794522  -1.54117384  0.0
-2.21367395  -1.72714293  0.0
-2.04246660  -1.89997119  0.0
-1.85563024  -2.05833969  0.0
-1.65457653  -2.20103983  0.0
-1.44084504  -2.32699082  0.0
-1.21605670  -2.43522805  0.0
-0.98192545  -2.52493799  0.0
-0.83600000  -2.56749841  0.0
-0.83600000  -2.56812341  0.0
;;

