# exterior:
# ---------
 2.91712200   0.00000000  0.0
 2.90606367  -0.23424141  0.0
 2.87298164  -0.46669303  0.0
 2.81811999  -0.69559994  0.0
 2.74189711  -0.91920722  0.0
 2.64489989  -1.13582387  0.0
 2.52786054  -1.34379375  0.0
 2.39166814  -1.54153627  0.0
 2.23736284  -1.72754638  0.0
 2.06611848  -1.90041201  0.0
 1.95751786  -1.99246538  0.0
 1.95711790  -1.99201785  0.0
 2.06571060  -1.89997119  0.0
 2.23691795  -1.72714293  0.0
 2.39118922  -1.54117384  0.0
 2.52735099  -1.34347580  0.0
 2.64436352  -1.13555357  0.0
 2.74133815  -0.91898736  0.0
 2.81754304  -0.69543287  0.0
 2.87239160  -0.46658059  0.0
 2.90546567  -0.23418487  0.0
 2.91652133   0.00000000  0.0
 2.90546567   0.23418487  0.0
 2.87239160   0.46658059  0.0
 2.81754304   0.69543287  0.0
 2.74133815   0.91898736  0.0
 2.64436352   1.13555357  0.0
 2.52735099   1.34347580  0.0
 2.39118922   1.54117384  0.0
 2.23691795   1.72714293  0.0
 2.06571060   1.89997119  0.0
 1.95711790   1.99201785  0.0
 1.95751786   1.99246538  0.0
 2.06611848   1.90041201  0.0
 2.23736284   1.72754638  0.0
 2.39166814   1.54153627  0.0
 2.52786054   1.34379375  0.0
 2.64489989   1.13582387  0.0
 2.74189711   0.91920722  0.0
 2.81811999   0.69559994  0.0
 2.87298164   0.46669303  0.0
 2.90606367   0.23424141  0.0
 2.91712200   0.00000000  0.0
;;

