# exterior:
# ---------
 2.91652133   0.00000000  0.0
 2.90546567  -0.23418487  0.0
 2.87239160  -0.46658059  0.0
 2.81754304  -0.69543287  0.0
 2.74133815  -0.91898736  0.0
 2.64436352  -1.13555357  0.0
 2.52735099  -1.34347580  0.0
 2.39118922  -1.54117384  0.0
 2.23691795  -1.72714293  0.0
 2.06571060  -1.89997119  0.0
 1.87887424  -2.05833969  0.0
 1.67782053  -2.20103983  0.0
 1.46408904  -2.32699082  0.0
 1.23930070  -2.43522805  0.0
 1.00516945  -2.52493799  0.0
 0.76347901  -2.59542910  0.0
 0.51605958  -2.64616676  0.0
 0.26480531  -2.67676161  0.0
 0.01162200  -2.68698701  0.0
-0.24156131  -2.67676161  0.0
-0.49281558  -2.64616676  0.0
-0.74023501  -2.59542910  0.0
-0.98192545  -2.52493799  0.0
-1.21605670  -2.43522805  0.0
-1.44084504  -2.32699082  0.0
-1.65457653  -2.20103983  0.0
-1.85563024  -2.05833969  0.0
-2.04246660  -1.89997119  0.0
-2.21367395  -1.72714293  0.0
-2.36794522  -1.54117384  0.0
-2.50410699  -1.34347580  0.0
-2.62111952  -1.13555357  0.0
-2.71809415  -0.91898736  0.0
-2.79429904  -0.69543287  0.0
-2.84914760  -0.46658059  0.0
-2.88222167  -0.23418487  0.0
-2.89327733   0.00000000  0.0
-2.88222167   0.23418487  0.0
-2.84914760   0.46658059  0.0
-2.79429904   0.69543287  0.0
-2.71809415   0.91898736  0.0
-2.62111952   1.13555357  0.0
-2.50410699   1.34347580  0.0
-2.36794522   1.54117384  0.0
-2.21367395   1.72714293  0.0
-2.04246660   1.89997119  0.0
-1.85563024   2.05833969  0.0
-1.65457653   2.20103983  0.0
-1.44084504   2.32699082  0.0
-1.21605670   2.43522805  0.0
-0.98192545   2.52493799  0.0
-0.74023501   2.59542910  0.0
-0.49281558   2.64616676  0.0
-0.24156131   2.67676161  0.0
 0.01162200   2.68698701  0.0
 0.26480531   2.67676161  0.0
 0.51605958   2.64616676  0.0
 0.76347901   2.59542910  0.0
 1.00516945   2.52493799  0.0
 1.23930070   2.43522805  0.0
 1.46408904   2.32699082  0.0
 1.67782053   2.20103983  0.0
 1.87887424   2.05833969  0.0
 2.06571060   1.89997119  0.0
 2.23691795   1.72714293  0.0
 2.39118922   1.54117384  0.0
 2.52735099   1.34347580  0.0
 2.64436352   1.13555357  0.0
 2.74133815   0.91898736  0.0
 2.81754304   0.69543287  0.0
 2.87239160   0.46658059  0.0
 2.90546567   0.23418487  0.0
 2.91652133   0.00000000  0.0
;;

# interior:
# ---------
 2.91151576   0.00000000  0.0
 2.90048234   0.23371369  0.0
 2.86747457   0.46564362  0.0
 2.81273514   0.69404055  0.0
 2.73668021   0.91715512  0.0
 2.63989378   1.13330104  0.0
 2.52310469   1.34082622  0.0
 2.38719821   1.53815360  0.0
 2.23321055   1.72378081  0.0
 2.06231160   1.89629776  0.0
 1.87580510   2.05438665  0.0
 1.67509943   2.19683977  0.0
 1.46173108   2.32257676  0.0
 1.23731823   2.43063319  0.0
 1.00357229   2.52019549  0.0
 0.76227481   2.59057199  0.0
 0.51525385   2.64122794  0.0
 0.26440158   2.67177384  0.0
 0.01162200   2.68198293  0.0
-0.24115758   2.67177384  0.0
-0.49200985   2.64122794  0.0
-0.73903081   2.59057199  0.0
-0.98032829   2.52019549  0.0
-1.21407423   2.43063319  0.0
-1.43848708   2.32257676  0.0
-1.65185543   2.19683977  0.0
-1.85256110   2.05438665  0.0
-2.03906760   1.89629776  0.0
-2.20996655   1.72378081  0.0
-2.36395421   1.53815360  0.0
-2.49986069   1.34082622  0.0
-2.61664978   1.13330104  0.0
-2.71343621   0.91715512  0.0
-2.78949114   0.69404055  0.0
-2.84423057   0.46564362  0.0
-2.87723834   0.23371369  0.0
-2.88827176   0.00000000  0.0
-2.87723834  -0.23371369  0.0
-2.84423057  -0.46564362  0.0
-2.78949114  -0.69404055  0.0
-2.71343621  -0.91715512  0.0
-2.61664978  -1.13330104  0.0
-2.49986069  -1.34082622  0.0
-2.36395421  -1.53815360  0.0
-2.20996655  -1.72378081  0.0
-2.03906760  -1.89629776  0.0
-1.85256110  -2.05438665  0.0
-1.65185543  -2.19683977  0.0
-1.43848708  -2.32257676  0.0
-1.21407423  -2.43063319  0.0
-0.98032829  -2.52019549  0.0
-0.73903081  -2.59057199  0.0
-0.49200985  -2.64122794  0.0
-0.24115758  -2.67177384  0.0
 0.01162200  -2.68198293  0.0
 0.26440158  -2.67177384  0.0
 0.51525385  -2.64122794  0.0
 0.76227481  -2.59057199  0.0
 1.00357229  -2.52019549  0.0
 1.23731823  -2.43063319  0.0
 1.46173108  -2.32257676  0.0
 1.67509943  -2.19683977  0.0
 1.87580510  -2.05438665  0.0
 2.06231160  -1.89629776  0.0
 2.23321055  -1.72378081  0.0
 2.38719821  -1.53815360  0.0
 2.52310469  -1.34082622  0.0
 2.63989378  -1.13330104  0.0
 2.73668021  -0.91715512  0.0
 2.81273514  -0.69404055  0.0
 2.86747457  -0.46564362  0.0
 2.90048234  -0.23371369  0.0
 2.91151576   0.00000000  0.0
;;

