# exterior:
# ---------
 2.91652133   0.00000000  0.0
 2.90546567  -0.23418487  0.0
 2.87239160  -0.46658059  0.0
 2.81754304  -0.69543287  0.0
 2.74133815  -0.91898736  0.0
 2.64436352  -1.13555357  0.0
 2.52735099  -1.34347580  0.0
 2.39118922  -1.54117384  0.0
 2.23691795  -1.72714293  0.0
 2.06571060  -1.89997119  0.0
 1.95711790  -1.99201785  0.0
 1.95378491  -1.98828846  0.0
 2.06231160  -1.89629776  0.0
 2.23321055  -1.72378081  0.0
 2.38719821  -1.53815360  0.0
 2.52310469  -1.34082622  0.0
 2.63989378  -1.13330104  0.0
 2.73668021  -0.91715512  0.0
 2.81273514  -0.69404055  0.0
 2.86747457  -0.46564362  0.0
 2.90048234  -0.23371369  0.0
 2.91151576   0.00000000  0.0
 2.90048234   0.23371369  0.0
 2.86747457   0.46564362  0.0
 2.81273514   0.69404055  0.0
 2.73668021   0.91715512  0.0
 2.63989378   1.13330104  0.0
 2.52310469   1.34082622  0.0
 2.38719821   1.53815360  0.0
 2.23321055   1.72378081  0.0
 2.06231160   1.89629776  0.0
 1.95378491   1.98828846  0.0
 1.95711790   1.99201785  0.0
 2.06571060   1.89997119  0.0
 2.23691795   1.72714293  0.0
 2.39118922   1.54117384  0.0
 2.52735099   1.34347580  0.0
 2.64436352   1.13555357  0.0
 2.74133815   0.91898736  0.0
 2.81754304   0.69543287  0.0
 2.87239160   0.46658059  0.0
 2.90546567   0.23418487  0.0
 2.91652133   0.00000000  0.0
;;

