# exterior:
# ---------
-0.74500000   2.51278952  0.0
-0.74500000   2.51278952  0.0
-0.72144950   2.51965823  0.0
-0.48024618   2.56912116  0.0
-0.23526306   2.59895239  0.0
 0.01162200   2.60892342  0.0
 0.25850706   2.59895239  0.0
 0.50349018   2.56912116  0.0
 0.74469350   2.51965823  0.0
 0.74500000   2.51956884  0.0
 0.74500000   2.51941776  0.0
 0.74000000   2.51551666  0.0
 0.74000000   2.51551666  0.0
 0.50268445   2.56418234  0.0
 0.25810333   2.59396462  0.0
 0.01162200   2.60391935  0.0
-0.23485933   2.59396462  0.0
-0.47944045   2.56418234  0.0
-0.72024530   2.51480112  0.0
-0.74000000   2.50903949  0.0
-0.74000000   2.50903949  0.0
-0.74500000   2.51278952  0.0
;;

