# exterior:
# ---------
 0.84100000   2.49156960  0.0
 0.98025372   2.45095505  0.0
 1.20837410   2.36354825  0.0
 1.42730477   2.25813153  0.0
 1.63537123   2.13551891  0.0
 1.83099576   1.99667219  0.0
 1.91388900   1.92640922  0.0
 1.91428127   1.92610873  0.0
 1.91470127   1.92584843  0.0
 1.91514492   1.92563086  0.0
 1.91560788   1.92545813  0.0
 1.91608563   1.92533195  0.0
 1.91657349   1.92525354  0.0
 1.91706672   1.92522367  0.0
 1.91712200   1.92522579  0.0
 1.91712200   1.92022886  0.0
 1.91676445   1.92023282  0.0
 1.91627123   1.92026269  0.0
 1.91578008   1.92031690  0.0
 1.91529221   1.92039530  0.0
 1.91480882   1.92049772  0.0
 1.91433107   1.92062391  0.0
 1.91386015   1.92077354  0.0
 1.91339719   1.92094626  0.0
 1.91294333   1.92114165  0.0
 1.91249968   1.92135922  0.0
 1.91206733   1.92159845  0.0
 1.91164732   1.92185875  0.0
 1.91124069   1.92213949  0.0
 1.91084843   1.92243998  0.0
 1.91065601   1.92259507  0.0
 1.82792662   1.99271915  0.0
 1.63265012   2.13131885  0.0
 1.42494680   2.25371747  0.0
 1.20639163   2.35895339  0.0
 0.97865655   2.44621256  0.0
 0.84600000   2.48490299  0.0
 0.84600000   2.48490299  0.0
 0.84100000   2.49156960  0.0
;;

