# exterior:
# ---------
-0.75000000   2.51653955  0.0
-0.75000000   2.51653955  0.0
-0.72265369   2.52451534  0.0
-0.48105191   2.57405998  0.0
-0.23566679   2.60394016  0.0
 0.01162200   2.61392750  0.0
 0.25891079   2.60394016  0.0
 0.50429591   2.57405998  0.0
 0.74589769   2.52451534  0.0
 0.75000000   2.52331886  0.0
 0.75000000   2.52331886  0.0
 0.74500000   2.51941776  0.0
 0.74500000   2.51956884  0.0
 0.74469350   2.51965823  0.0
 0.50349018   2.56912116  0.0
 0.25850706   2.59895239  0.0
 0.01162200   2.60892342  0.0
-0.23526306   2.59895239  0.0
-0.48024618   2.56912116  0.0
-0.72144950   2.51965823  0.0
-0.74500000   2.51278952  0.0
-0.74500000   2.51278952  0.0
-0.75000000   2.51653955  0.0
;;

