# exterior:
# ---------
 1.91712200   1.92522579  0.0
 1.91756048   1.92524263  0.0
 1.91804996   1.92531023  0.0
 1.91853038   1.92542582  0.0
 1.91899704   1.92558826  0.0
 1.91944540   1.92579597  0.0
 1.91987106   1.92604692  0.0
 1.92021007   1.92629492  0.0
 2.01540540   1.84560430  0.0
 2.18204837   1.67738362  0.0
 2.33212232   1.49647426  0.0
 2.46450579   1.30426208  0.0
 2.57821128   1.10221621  0.0
 2.67240059   0.89187024  0.0
 2.74638608   0.67482659  0.0
 2.79961950   0.45271334  0.0
 2.83171246   0.22721139  0.0
 2.84243892   0.00000000  0.0
 2.83171246  -0.22721139  0.0
 2.79961950  -0.45271334  0.0
 2.74638608  -0.67482659  0.0
 2.67240059  -0.89187024  0.0
 2.57821128  -1.10221621  0.0
 2.46450579  -1.30426208  0.0
 2.33212232  -1.49647426  0.0
 2.18204837  -1.67738362  0.0
 2.01540540  -1.84560430  0.0
 1.92021007  -1.92629492  0.0
 1.91987106  -1.92604692  0.0
 1.91944540  -1.92579597  0.0
 1.91899704  -1.92558826  0.0
 1.91853038  -1.92542582  0.0
 1.91804996  -1.92531023  0.0
 1.91756048  -1.92524263  0.0
 1.91712200  -1.92522579  0.0
 1.91712200  -1.92022886  0.0
 1.91725855  -1.92022735  0.0
 1.91775231  -1.92024631  0.0
 1.91824454  -1.92028964  0.0
 1.91873402  -1.92035725  0.0
 1.91921956  -1.92044895  0.0
 1.91933994  -1.92047792  0.0
 2.01200640  -1.84193086  0.0
 2.17834097  -1.67402151  0.0
 2.32813131  -1.49345402  0.0
 2.46025949  -1.30161250  0.0
 2.57374153  -1.09996368  0.0
 2.66774264  -0.89003800  0.0
 2.74157817  -0.67343427  0.0
 2.79470247  -0.45177636  0.0
 2.82672914  -0.22674020  0.0
 2.83743335   0.00000000  0.0
 2.82672914   0.22674020  0.0
 2.79470247   0.45177636  0.0
 2.74157817   0.67343427  0.0
 2.66774264   0.89003800  0.0
 2.57374153   1.09996368  0.0
 2.46025949   1.30161250  0.0
 2.32813131   1.49345402  0.0
 2.17834097   1.67402151  0.0
 2.01200640   1.84193086  0.0
 1.91933994   1.92047792  0.0
 1.91921956   1.92044895  0.0
 1.91873402   1.92035725  0.0
 1.91824454   1.92028964  0.0
 1.91775231   1.92024631  0.0
 1.91725855   1.92022735  0.0
 1.91712200   1.92022886  0.0
 1.91712200   1.92522579  0.0
;;

