# exterior:
# ---------
 0.83600000   2.49823622  0.0
 0.98185088   2.45569755  0.0
 1.21035658   2.36814311  0.0
 1.42966273   2.26254559  0.0
 1.63809234   2.13971897  0.0
 1.83406489   2.00062524  0.0
 1.91712200   1.93022337  0.0
 1.91712200   1.92522579  0.0
 1.91706672   1.92522367  0.0
 1.91657349   1.92525354  0.0
 1.91608563   1.92533195  0.0
 1.91560788   1.92545813  0.0
 1.91514492   1.92563086  0.0
 1.91470127   1.92584843  0.0
 1.91428127   1.92610873  0.0
 1.91388900   1.92640922  0.0
 1.83099576   1.99667219  0.0
 1.63537123   2.13551891  0.0
 1.42730477   2.25813153  0.0
 1.20837410   2.36354825  0.0
 0.98025372   2.45095505  0.0
 0.84100000   2.49156960  0.0
 0.83600000   2.49823622  0.0
;;

