# exterior:
# ---------
 2.91151576   0.00000000  0.0
 2.90048234  -0.23371369  0.0
 2.86747457  -0.46564362  0.0
 2.81273514  -0.69404055  0.0
 2.73668021  -0.91715512  0.0
 2.63989378  -1.13330104  0.0
 2.52310469  -1.34082622  0.0
 2.38719821  -1.53815360  0.0
 2.23321055  -1.72378081  0.0
 2.06231160  -1.89629776  0.0
 1.87580510  -2.05438665  0.0
 1.67509943  -2.19683977  0.0
 1.46173108  -2.32257676  0.0
 1.23731823  -2.43063319  0.0
 1.00357229  -2.52019549  0.0
 0.76227481  -2.59057199  0.0
 0.51525385  -2.64122794  0.0
 0.26440158  -2.67177384  0.0
 0.01162200  -2.68198293  0.0
-0.24115758  -2.67177384  0.0
-0.49200985  -2.64122794  0.0
-0.73903081  -2.59057199  0.0
-0.98032829  -2.52019549  0.0
-1.21407423  -2.43063319  0.0
-1.43848708  -2.32257676  0.0
-1.65185543  -2.19683977  0.0
-1.85256110  -2.05438665  0.0
-2.03906760  -1.89629776  0.0
-2.20996655  -1.72378081  0.0
-2.36395421  -1.53815360  0.0
-2.49986069  -1.34082622  0.0
-2.61664978  -1.13330104  0.0
-2.71343621  -0.91715512  0.0
-2.78949114  -0.69404055  0.0
-2.84423057  -0.46564362  0.0
-2.87723834  -0.23371369  0.0
-2.88827176   0.00000000  0.0
-2.87723834   0.23371369  0.0
-2.84423057   0.46564362  0.0
-2.78949114   0.69404055  0.0
-2.71343621   0.91715512  0.0
-2.61664978   1.13330104  0.0
-2.49986069   1.34082622  0.0
-2.36395421   1.53815360  0.0
-2.20996655   1.72378081  0.0
-2.03906760   1.89629776  0.0
-1.85256110   2.05438665  0.0
-1.65185543   2.19683977  0.0
-1.43848708   2.32257676  0.0
-1.21407423   2.43063319  0.0
-0.98032829   2.52019549  0.0
-0.73903081   2.59057199  0.0
-0.49200985   2.64122794  0.0
-0.24115758   2.67177384  0.0
 0.01162200   2.68198293  0.0
 0.26440158   2.67177384  0.0
 0.51525385   2.64122794  0.0
 0.76227481   2.59057199  0.0
 1.00357229   2.52019549  0.0
 1.23731823   2.43063319  0.0
 1.46173108   2.32257676  0.0
 1.67509943   2.19683977  0.0
 1.87580510   2.05438665  0.0
 2.06231160   1.89629776  0.0
 2.23321055   1.72378081  0.0
 2.38719821   1.53815360  0.0
 2.52310469   1.34082622  0.0
 2.63989378   1.13330104  0.0
 2.73668021   0.91715512  0.0
 2.81273514   0.69404055  0.0
 2.86747457   0.46564362  0.0
 2.90048234   0.23371369  0.0
 2.91151576   0.00000000  0.0
;;

# interior:
# ---------
 2.85645451   0.00000000  0.0
 2.84566577   0.22853069  0.0
 2.81338720   0.45533688  0.0
 2.75984821   0.67872507  0.0
 2.68544283   0.89700050  0.0
 2.59072657   1.10852328  0.0
 2.47639542   1.31168089  0.0
 2.34329714   1.50493094  0.0
 2.19242910   1.68679754  0.0
 2.02492260   1.85588993  0.0
 1.84204464   2.01090315  0.0
 1.64516723   2.15063912  0.0
 1.43579344   2.27402213  0.0
 1.21551101   2.38008974  0.0
 0.98600350   2.46802804  0.0
 0.74902861   2.53714381  0.0
 0.50639081   2.58690092  0.0
 0.25996050   2.61690836  0.0
 0.01162200   2.62693810  0.0
-0.23671650   2.61690836  0.0
-0.48314681   2.58690092  0.0
-0.72578461   2.53714381  0.0
-0.96275950   2.46802804  0.0
-1.19226701   2.38008974  0.0
-1.41254944   2.27402213  0.0
-1.62192323   2.15063912  0.0
-1.81880064   2.01090315  0.0
-2.00167860   1.85588993  0.0
-2.16918510   1.68679754  0.0
-2.32005314   1.50493094  0.0
-2.45315142   1.31168089  0.0
-2.56748257   1.10852328  0.0
-2.66219883   0.89700050  0.0
-2.73660421   0.67872507  0.0
-2.79014320   0.45533688  0.0
-2.82242177   0.22853069  0.0
-2.83321051   0.00000000  0.0
-2.82242177  -0.22853069  0.0
-2.79014320  -0.45533688  0.0
-2.73660421  -0.67872507  0.0
-2.66219883  -0.89700050  0.0
-2.56748257  -1.10852328  0.0
-2.45315142  -1.31168089  0.0
-2.32005314  -1.50493094  0.0
-2.16918510  -1.68679754  0.0
-2.00167860  -1.85588993  0.0
-1.81880064  -2.01090315  0.0
-1.62192323  -2.15063912  0.0
-1.41254944  -2.27402213  0.0
-1.19226701  -2.38008974  0.0
-0.96275950  -2.46802804  0.0
-0.72578461  -2.53714381  0.0
-0.48314681  -2.58690092  0.0
-0.23671650  -2.61690836  0.0
 0.01162200  -2.62693810  0.0
 0.25996050  -2.61690836  0.0
 0.50639081  -2.58690092  0.0
 0.74902861  -2.53714381  0.0
 0.98600350  -2.46802804  0.0
 1.21551101  -2.38008974  0.0
 1.43579344  -2.27402213  0.0
 1.64516723  -2.15063912  0.0
 1.84204464  -2.01090315  0.0
 2.02492260  -1.85588993  0.0
 2.19242910  -1.68679754  0.0
 2.34329714  -1.50493094  0.0
 2.47639542  -1.31168089  0.0
 2.59072657  -1.10852328  0.0
 2.68544283  -0.89700050  0.0
 2.75984821  -0.67872507  0.0
 2.81338720  -0.45533688  0.0
 2.84566577  -0.22853069  0.0
 2.85645451   0.00000000  0.0
;;

