# exterior:
# ---------
-0.75000000   2.53008119  0.0
-0.72578461   2.53714381  0.0
-0.48314681   2.58690092  0.0
-0.23671650   2.61690836  0.0
 0.01162200   2.62693810  0.0
 0.25996050   2.61690836  0.0
 0.50639081   2.58690092  0.0
 0.74902861   2.53714381  0.0
 0.75000000   2.53686050  0.0
 0.75000000   2.52331886  0.0
 0.74589769   2.52451534  0.0
 0.50429591   2.57405998  0.0
 0.25891079   2.60394016  0.0
 0.01162200   2.61392750  0.0
-0.23566679   2.60394016  0.0
-0.48105191   2.57405998  0.0
-0.72265369   2.52451534  0.0
-0.75000000   2.51653955  0.0
-0.75000000   2.53008119  0.0
;;

