# exterior:
# ---------
 2.85645451   0.00000000  0.0
 2.84566577  -0.22853069  0.0
 2.81338720  -0.45533688  0.0
 2.75984821  -0.67872507  0.0
 2.68544283  -0.89700050  0.0
 2.59072657  -1.10852328  0.0
 2.47639542  -1.31168089  0.0
 2.34329714  -1.50493094  0.0
 2.19242910  -1.68679754  0.0
 2.02492260  -1.85588993  0.0
 1.91712200  -1.94726517  0.0
 1.91712200  -1.93546700  0.0
 2.01880440  -1.84927774  0.0
 2.18575577  -1.68074574  0.0
 2.33611333  -1.49949450  0.0
 2.46875208  -1.30691165  0.0
 2.58268102  -1.10446873  0.0
 2.67705853  -0.89370248  0.0
 2.75119398  -0.67621890  0.0
 2.80453654  -0.45365032  0.0
 2.83669579  -0.22768257  0.0
 2.84744448   0.00000000  0.0
 2.83669579   0.22768257  0.0
 2.80453654   0.45365032  0.0
 2.75119398   0.67621890  0.0
 2.67705853   0.89370248  0.0
 2.58268102   1.10446873  0.0
 2.46875208   1.30691165  0.0
 2.33611333   1.49949450  0.0
 2.18575577   1.68074574  0.0
 2.01880440   1.84927774  0.0
 1.91712200   1.93546700  0.0
 1.91712200   1.94726517  0.0
 2.02492260   1.85588993  0.0
 2.19242910   1.68679754  0.0
 2.34329714   1.50493094  0.0
 2.47639542   1.31168089  0.0
 2.59072657   1.10852328  0.0
 2.68544283   0.89700050  0.0
 2.75984821   0.67872507  0.0
 2.81338720   0.45533688  0.0
 2.84566577   0.22853069  0.0
 2.85645451   0.00000000  0.0
;;

