# exterior:
# ---------
-0.02744284  -0.00351955  0.0
-0.02928083  -0.00318137  0.0
-0.02987151  -0.00306066  0.0
-0.03177026  -0.00261608  0.0
-0.03232921  -0.00246454  0.0
-0.03428198  -0.00183388  0.0
-0.03476347  -0.00164757  0.0
-0.03551897  -0.00129127  0.0
-0.03591946  -0.00104854  0.0
-0.03599351  -0.00099556  0.0
-0.03625750  -0.00078176  0.0
-0.03632899  -0.00071611  0.0
-0.03651439  -0.00052078  0.0
-0.03688441   0.00013099  0.0
-0.03685908   0.00039130  0.0
-0.02744284   0.00156438  0.0
-0.02744284  -0.00351955  0.0
;;

