# exterior:
# ---------
-0.01447193  -0.00494370  0.0
-0.01694191  -0.00478198  0.0
-0.01744642  -0.00474117  0.0
-0.02186247  -0.00430643  0.0
-0.02242345  -0.00424067  0.0
-0.02680332  -0.00362720  0.0
-0.02739626  -0.00352812  0.0
-0.02744284  -0.00351955  0.0
-0.02744284   0.00156438  0.0
-0.02653176   0.00139675  0.0
-0.02604436   0.00131530  0.0
-0.02178549   0.00071879  0.0
-0.02132640   0.00066496  0.0
-0.01699989   0.00023904  0.0
-0.01657699   0.00020483  0.0
-0.01447193   0.00006700  0.0
-0.01447193  -0.00494370  0.0
;;

