# exterior:
# ---------
-0.01447193   0.01079669  0.0
-0.01293960   0.01106620  0.0
-0.01250000   0.01113070  0.0
-0.00785530   0.01169840  0.0
-0.00750000   0.01173330  0.0
-0.00276550   0.01207470  0.0
-0.00250000   0.01208680  0.0
 0.00232690   0.01215500  0.0
 0.00250000   0.01215200  0.0
 0.00741730   0.01191300  0.0
 0.00750000   0.01190700  0.0
 0.01204224   0.01146504  0.0
 0.01204224   0.01086221  0.0
 0.00744923   0.01130911  0.0
 0.00738102   0.01131405  0.0
 0.00248023   0.01155225  0.0
 0.00232594   0.01155493  0.0
-0.00248210   0.01148699  0.0
-0.00273026   0.01147568  0.0
-0.00744909   0.01113541  0.0
-0.00778957   0.01110197  0.0
-0.01242004   0.01053601  0.0
-0.01284406   0.01047379  0.0
-0.01447193   0.01018748  0.0
-0.01447193   0.01079669  0.0
;;

