# exterior:
# ---------
-0.03685908   0.00039130  0.0
-0.03676587   0.00134884  0.0
-0.03663722   0.00157070  0.0
-0.03652198   0.00173386  0.0
-0.03629454   0.00201244  0.0
-0.03626178   0.00204877  0.0
-0.03584569   0.00246402  0.0
-0.03514802   0.00304275  0.0
-0.03466305   0.00339874  0.0
-0.03278103   0.00457456  0.0
-0.03222793   0.00487313  0.0
-0.03035651   0.00576786  0.0
-0.02977078   0.00602044  0.0
-0.02789230   0.00676374  0.0
-0.02744284   0.00692783  0.0
-0.02744284   0.00156438  0.0
-0.03685908   0.00039130  0.0
;;

