# exterior:
# ---------
 0.06250000   0.00000000  0.0
 0.05750000   0.00055090  0.0
 0.05744450   0.00055290  0.0
 0.05250000   0.00046580  0.0
 0.05238540   0.00045940  0.0
 0.04750000   0.00009190  0.0
 0.04733920   0.00007690  0.0
 0.04250000  -0.00046480  0.0
 0.04230950  -0.00048820  0.0
 0.03750000  -0.00114130  0.0
 0.03729770  -0.00117080  0.0
 0.03250000  -0.00188630  0.0
 0.03230450  -0.00191610  0.0
 0.02750000  -0.00265610  0.0
 0.02732930  -0.00268310  0.0
 0.02250000  -0.00342080  0.0
 0.02237120  -0.00343970  0.0
 0.01750000  -0.00414630  0.0
 0.01742870  -0.00415580  0.0
 0.01250000  -0.00480140  0.0
 0.00758270  -0.00534170  0.0
 0.00750000  -0.00535000  0.0
 0.00267310  -0.00572820  0.0
 0.00250000  -0.00573790  0.0
-0.00223450  -0.00589200  0.0
-0.00250000  -0.00589490  0.0
-0.00714470  -0.00586510  0.0
-0.00750000  -0.00585740  0.0
-0.01206040  -0.00569630  0.0
-0.01250000  -0.00567410  0.0
-0.01698570  -0.00538040  0.0
-0.01750000  -0.00533880  0.0
-0.02192680  -0.00490300  0.0
-0.02250000  -0.00483580  0.0
-0.02689440  -0.00422030  0.0
-0.02750000  -0.00411910  0.0
-0.02939520  -0.00377040  0.0
-0.03000000  -0.00364680  0.0
-0.03191720  -0.00319790  0.0
-0.03250000  -0.00303990  0.0
-0.03448260  -0.00239960  0.0
-0.03500000  -0.00219940  0.0
-0.03580320  -0.00182060  0.0
-0.03625000  -0.00154980  0.0
-0.03635720  -0.00147310  0.0
-0.03664960  -0.00123630  0.0
-0.03675000  -0.00114410  0.0
-0.03700000  -0.00088070  0.0
-0.03750000   0.00000000  0.0
-0.03735040   0.00153690  0.0
-0.03714280   0.00189490  0.0
-0.03700000   0.00209710  0.0
-0.03675000   0.00240330  0.0
-0.03669680   0.00246230  0.0
-0.03625000   0.00290820  0.0
-0.03551740   0.00351590  0.0
-0.03500000   0.00389570  0.0
-0.03308280   0.00509350  0.0
-0.03250000   0.00540810  0.0
-0.03060480   0.00631420  0.0
-0.03000000   0.00657500  0.0
-0.02810560   0.00732460  0.0
-0.02750000   0.00754570  0.0
-0.02307320   0.00893960  0.0
-0.02250000   0.00909590  0.0
-0.01801430   0.01015890  0.0
-0.01750000   0.01026410  0.0
-0.01293960   0.01106620  0.0
-0.01250000   0.01113070  0.0
-0.00785530   0.01169840  0.0
-0.00750000   0.01173330  0.0
-0.00276550   0.01207470  0.0
-0.00250000   0.01208680  0.0
 0.00232690   0.01215500  0.0
 0.00250000   0.01215200  0.0
 0.00741730   0.01191300  0.0
 0.00750000   0.01190700  0.0
 0.01250000   0.01142050  0.0
 0.01750000   0.01073770  0.0
 0.01757130   0.01072700  0.0
 0.02250000   0.00989010  0.0
 0.02262880   0.00986640  0.0
 0.02750000   0.00890200  0.0
 0.02767070   0.00886570  0.0
 0.03250000   0.00779490  0.0
 0.03269550   0.00774940  0.0
 0.03750000   0.00659060  0.0
 0.03770230   0.00654080  0.0
 0.04250000   0.00531610  0.0
 0.04269050   0.00526670  0.0
 0.04750000   0.00400210  0.0
 0.04766080   0.00395970  0.0
 0.05250000   0.00267560  0.0
 0.05261460   0.00264490  0.0
 0.05750000   0.00135820  0.0
 0.05755550   0.00134280  0.0
 0.06250000   0.00020000  0.0
 0.06250000   0.00000000  0.0
;;

# interior:
# ---------
 0.05601871   0.00112788  0.0
 0.05246179   0.00206469  0.0
 0.05245934   0.00206534  0.0
 0.05234543   0.00209585  0.0
 0.04750737   0.00337965  0.0
 0.04734722   0.00342188  0.0
 0.04253891   0.00468617  0.0
 0.04235049   0.00473502  0.0
 0.03755639   0.00595881  0.0
 0.03735795   0.00600766  0.0
 0.03255715   0.00716556  0.0
 0.03236705   0.00720981  0.0
 0.02754336   0.00827936  0.0
 0.02737933   0.00831424  0.0
 0.02251624   0.00927704  0.0
 0.02239548   0.00929926  0.0
 0.01747655   0.01013450  0.0
 0.01741488   0.01014375  0.0
 0.01243033   0.01082445  0.0
 0.00744923   0.01130911  0.0
 0.00738102   0.01131405  0.0
 0.00248023   0.01155225  0.0
 0.00232594   0.01155493  0.0
-0.00248210   0.01148699  0.0
-0.00273026   0.01147568  0.0
-0.00744909   0.01113541  0.0
-0.00778957   0.01110197  0.0
-0.01242004   0.01053601  0.0
-0.01284406   0.01047379  0.0
-0.01738789   0.00967461  0.0
-0.01788497   0.00957293  0.0
-0.02235186   0.00851439  0.0
-0.02290411   0.00836380  0.0
-0.02730691   0.00697746  0.0
-0.02789230   0.00676374  0.0
-0.02977078   0.00602044  0.0
-0.03035651   0.00576786  0.0
-0.03222793   0.00487313  0.0
-0.03278103   0.00457456  0.0
-0.03466305   0.00339874  0.0
-0.03514802   0.00304275  0.0
-0.03584569   0.00246402  0.0
-0.03626178   0.00204877  0.0
-0.03629454   0.00201244  0.0
-0.03652198   0.00173386  0.0
-0.03663722   0.00157070  0.0
-0.03676587   0.00134884  0.0
-0.03688441   0.00013099  0.0
-0.03651439  -0.00052078  0.0
-0.03632899  -0.00071611  0.0
-0.03625750  -0.00078176  0.0
-0.03599351  -0.00099556  0.0
-0.03591946  -0.00104854  0.0
-0.03551897  -0.00129127  0.0
-0.03476347  -0.00164757  0.0
-0.03428198  -0.00183388  0.0
-0.03232921  -0.00246454  0.0
-0.03177026  -0.00261608  0.0
-0.02987151  -0.00306066  0.0
-0.02928083  -0.00318137  0.0
-0.02739626  -0.00352812  0.0
-0.02680332  -0.00362720  0.0
-0.02242345  -0.00424067  0.0
-0.02186247  -0.00430643  0.0
-0.01744642  -0.00474117  0.0
-0.01694191  -0.00478198  0.0
-0.01246527  -0.00507509  0.0
-0.01203468  -0.00509683  0.0
-0.00748291  -0.00525763  0.0
-0.00713627  -0.00526514  0.0
-0.00250135  -0.00529488  0.0
-0.00224754  -0.00529211  0.0
 0.00247345  -0.00513845  0.0
 0.00263288  -0.00512951  0.0
 0.00744660  -0.00475235  0.0
 0.00751997  -0.00474498  0.0
 0.01242826  -0.00420567  0.0
 0.01735011  -0.00356097  0.0
 0.01741731  -0.00355202  0.0
 0.02228458  -0.00284599  0.0
 0.02241114  -0.00282741  0.0
 0.02723713  -0.00209022  0.0
 0.02740626  -0.00206347  0.0
 0.02740866  -0.00206309  0.0
 0.03221316  -0.00132309  0.0
 0.03221409  -0.00132295  0.0
 0.03240959  -0.00129315  0.0
 0.03241150  -0.00129286  0.0
 0.03720920  -0.00057736  0.0
 0.03721112  -0.00057708  0.0
 0.03741342  -0.00054758  0.0
 0.03741926  -0.00054676  0.0
 0.04222876   0.00010634  0.0
 0.04223635   0.00010732  0.0
 0.04242685   0.00013072  0.0
 0.04243325   0.00013148  0.0
 0.04727245   0.00067318  0.0
 0.04728347   0.00067431  0.0
 0.04744427   0.00068931  0.0
 0.04745499   0.00069021  0.0
 0.05234039   0.00105771  0.0
 0.05235194   0.00105847  0.0
 0.05246654   0.00106487  0.0
 0.05248943   0.00106571  0.0
 0.05601871   0.00112788  0.0
;;

