# exterior:
# ---------
 0.02791944  -0.00198442  0.0
 0.02740866  -0.00206309  0.0
 0.02740626  -0.00206347  0.0
 0.02723713  -0.00209022  0.0
 0.02241114  -0.00282741  0.0
 0.02228458  -0.00284599  0.0
 0.01741731  -0.00355202  0.0
 0.01735011  -0.00356097  0.0
 0.01242826  -0.00420567  0.0
 0.01204224  -0.00424809  0.0
 0.01204224   0.00078648  0.0
 0.01669524   0.00139596  0.0
 0.01672822   0.00140036  0.0
 0.02156273   0.00210164  0.0
 0.02167067   0.00211747  0.0
 0.02646904   0.00285045  0.0
 0.02662511   0.00287514  0.0
 0.02663512   0.00287671  0.0
 0.02663752   0.00287708  0.0
 0.02664753   0.00287863  0.0
 0.02791944   0.00307454  0.0
 0.02791944  -0.00198442  0.0
;;

