# exterior:
# ---------
-0.02744284   0.00692783  0.0
-0.02730691   0.00697746  0.0
-0.02290411   0.00836380  0.0
-0.02235186   0.00851439  0.0
-0.01788497   0.00957293  0.0
-0.01738789   0.00967461  0.0
-0.01447193   0.01018748  0.0
-0.01447193   0.00511073  0.0
-0.01645365   0.00476218  0.0
-0.01680724   0.00468985  0.0
-0.02111735   0.00366846  0.0
-0.02149504   0.00356547  0.0
-0.02569787   0.00224210  0.0
-0.02611476   0.00208989  0.0
-0.02744284   0.00156438  0.0
-0.02744284   0.00692783  0.0
;;

