# exterior:
# ---------
 0.02791944  -0.00259150  0.0
 0.02750000  -0.00265610  0.0
 0.02732930  -0.00268310  0.0
 0.02250000  -0.00342080  0.0
 0.02237120  -0.00343970  0.0
 0.01750000  -0.00414630  0.0
 0.01742870  -0.00415580  0.0
 0.01250000  -0.00480140  0.0
 0.01204224  -0.00485170  0.0
 0.01204224  -0.00424809  0.0
 0.01242826  -0.00420567  0.0
 0.01735011  -0.00356097  0.0
 0.01741731  -0.00355202  0.0
 0.02228458  -0.00284599  0.0
 0.02241114  -0.00282741  0.0
 0.02723713  -0.00209022  0.0
 0.02740626  -0.00206347  0.0
 0.02740866  -0.00206309  0.0
 0.02791944  -0.00198442  0.0
 0.02791944  -0.00259150  0.0
;;

