# exterior:
# ---------
-0.02744284  -0.00412865  0.0
-0.02750000  -0.00411910  0.0
-0.02939520  -0.00377040  0.0
-0.03000000  -0.00364680  0.0
-0.03191720  -0.00319790  0.0
-0.03250000  -0.00303990  0.0
-0.03448260  -0.00239960  0.0
-0.03500000  -0.00219940  0.0
-0.03580320  -0.00182060  0.0
-0.03625000  -0.00154980  0.0
-0.03635720  -0.00147310  0.0
-0.03664960  -0.00123630  0.0
-0.03675000  -0.00114410  0.0
-0.03700000  -0.00088070  0.0
-0.03750000   0.00000000  0.0
-0.03746931   0.00031528  0.0
-0.03685908   0.00039130  0.0
-0.03688441   0.00013099  0.0
-0.03651439  -0.00052078  0.0
-0.03632899  -0.00071611  0.0
-0.03625750  -0.00078176  0.0
-0.03599351  -0.00099556  0.0
-0.03591946  -0.00104854  0.0
-0.03551897  -0.00129127  0.0
-0.03476347  -0.00164757  0.0
-0.03428198  -0.00183388  0.0
-0.03232921  -0.00246454  0.0
-0.03177026  -0.00261608  0.0
-0.02987151  -0.00306066  0.0
-0.02928083  -0.00318137  0.0
-0.02744284  -0.00351955  0.0
-0.02744284  -0.00412865  0.0
;;

