# exterior:
# ---------
 0.05601871   0.00112788  0.0
 0.05248943   0.00106571  0.0
 0.05246654   0.00106487  0.0
 0.05235194   0.00105847  0.0
 0.05234039   0.00105771  0.0
 0.04745499   0.00069021  0.0
 0.04744427   0.00068931  0.0
 0.04728347   0.00067431  0.0
 0.04727245   0.00067318  0.0
 0.04243325   0.00013148  0.0
 0.04242685   0.00013072  0.0
 0.04223635   0.00010732  0.0
 0.04222876   0.00010634  0.0
 0.03741926  -0.00054676  0.0
 0.03741342  -0.00054758  0.0
 0.03721112  -0.00057708  0.0
 0.03720920  -0.00057736  0.0
 0.03241150  -0.00129286  0.0
 0.03240959  -0.00129315  0.0
 0.03221409  -0.00132295  0.0
 0.03221316  -0.00132309  0.0
 0.02740866  -0.00206309  0.0
 0.02740626  -0.00206347  0.0
 0.02723713  -0.00209022  0.0
 0.02241114  -0.00282741  0.0
 0.02228458  -0.00284599  0.0
 0.01741731  -0.00355202  0.0
 0.01735011  -0.00356097  0.0
 0.01242826  -0.00420567  0.0
 0.00751997  -0.00474498  0.0
 0.00744660  -0.00475235  0.0
 0.00263288  -0.00512951  0.0
 0.00247345  -0.00513845  0.0
-0.00224754  -0.00529211  0.0
-0.00250135  -0.00529488  0.0
-0.00713627  -0.00526514  0.0
-0.00748291  -0.00525763  0.0
-0.01203468  -0.00509683  0.0
-0.01246527  -0.00507509  0.0
-0.01694191  -0.00478198  0.0
-0.01744642  -0.00474117  0.0
-0.02186247  -0.00430643  0.0
-0.02242345  -0.00424067  0.0
-0.02680332  -0.00362720  0.0
-0.02739626  -0.00352812  0.0
-0.02928083  -0.00318137  0.0
-0.02987151  -0.00306066  0.0
-0.03177026  -0.00261608  0.0
-0.03232921  -0.00246454  0.0
-0.03428198  -0.00183388  0.0
-0.03476347  -0.00164757  0.0
-0.03551897  -0.00129127  0.0
-0.03591946  -0.00104854  0.0
-0.03599351  -0.00099556  0.0
-0.03625750  -0.00078176  0.0
-0.03632899  -0.00071611  0.0
-0.03651439  -0.00052078  0.0
-0.03688441   0.00013099  0.0
-0.03676587   0.00134884  0.0
-0.03663722   0.00157070  0.0
-0.03652198   0.00173386  0.0
-0.03629454   0.00201244  0.0
-0.03626178   0.00204877  0.0
-0.03584569   0.00246402  0.0
-0.03514802   0.00304275  0.0
-0.03466305   0.00339874  0.0
-0.03278103   0.00457456  0.0
-0.03222793   0.00487313  0.0
-0.03035651   0.00576786  0.0
-0.02977078   0.00602044  0.0
-0.02789230   0.00676374  0.0
-0.02730691   0.00697746  0.0
-0.02290411   0.00836380  0.0
-0.02235186   0.00851439  0.0
-0.01788497   0.00957293  0.0
-0.01738789   0.00967461  0.0
-0.01284406   0.01047379  0.0
-0.01242004   0.01053601  0.0
-0.00778957   0.01110197  0.0
-0.00744909   0.01113541  0.0
-0.00273026   0.01147568  0.0
-0.00248210   0.01148699  0.0
 0.00232594   0.01155493  0.0
 0.00248023   0.01155225  0.0
 0.00738102   0.01131405  0.0
 0.00744923   0.01130911  0.0
 0.01243033   0.01082445  0.0
 0.01741488   0.01014375  0.0
 0.01747655   0.01013450  0.0
 0.02239548   0.00929926  0.0
 0.02251624   0.00927704  0.0
 0.02737933   0.00831424  0.0
 0.02754336   0.00827936  0.0
 0.03236705   0.00720981  0.0
 0.03255715   0.00716556  0.0
 0.03735795   0.00600766  0.0
 0.03755639   0.00595881  0.0
 0.04235049   0.00473502  0.0
 0.04253891   0.00468617  0.0
 0.04734722   0.00342188  0.0
 0.04750737   0.00337965  0.0
 0.05234543   0.00209585  0.0
 0.05245934   0.00206534  0.0
 0.05246179   0.00206469  0.0
 0.05601871   0.00112788  0.0
;;

# interior:
# ---------
-0.02744284   0.00156438  0.0
-0.02653176   0.00139675  0.0
-0.02604436   0.00131530  0.0
-0.02178549   0.00071879  0.0
-0.02132640   0.00066496  0.0
-0.01699989   0.00023904  0.0
-0.01657699   0.00020483  0.0
-0.01217582  -0.00008333  0.0
-0.01182031  -0.00010129  0.0
-0.00734047  -0.00025954  0.0
-0.00706606  -0.00026549  0.0
-0.00251262  -0.00029470  0.0
-0.00235618  -0.00029300  0.0
 0.00225222  -0.00014300  0.0
 0.00229768  -0.00014045  0.0
 0.00700030   0.00022801  0.0
 0.01183045   0.00075873  0.0
 0.01669524   0.00139596  0.0
 0.01672822   0.00140036  0.0
 0.02156273   0.00210164  0.0
 0.02167067   0.00211747  0.0
 0.02646904   0.00285045  0.0
 0.02662511   0.00287514  0.0
 0.02663512   0.00287671  0.0
 0.02663752   0.00287708  0.0
 0.02664753   0.00287863  0.0
 0.02791944   0.00307454  0.0
 0.02648215   0.00339323  0.0
 0.02637375   0.00341628  0.0
 0.02157825   0.00436569  0.0
 0.02152451   0.00437558  0.0
 0.01669451   0.00519572  0.0
 0.01184975   0.00585732  0.0
 0.00705200   0.00632414  0.0
 0.00231672   0.00655430  0.0
-0.00233293   0.00648860  0.0
-0.00243658   0.00648388  0.0
-0.00702482   0.00615302  0.0
-0.00724179   0.00613171  0.0
-0.01175371   0.00558024  0.0
-0.01204791   0.00553707  0.0
-0.01645365   0.00476218  0.0
-0.01680724   0.00468985  0.0
-0.02111735   0.00366846  0.0
-0.02149504   0.00356547  0.0
-0.02569787   0.00224210  0.0
-0.02611476   0.00208989  0.0
-0.02744284   0.00156438  0.0
;;

