# exterior:
# ---------
 0.01204224  -0.00485170  0.0
 0.00758270  -0.00534170  0.0
 0.00750000  -0.00535000  0.0
 0.00267310  -0.00572820  0.0
 0.00250000  -0.00573790  0.0
-0.00223450  -0.00589200  0.0
-0.00250000  -0.00589490  0.0
-0.00714470  -0.00586510  0.0
-0.00750000  -0.00585740  0.0
-0.01206040  -0.00569630  0.0
-0.01250000  -0.00567410  0.0
-0.01447193  -0.00554499  0.0
-0.01447193  -0.00494370  0.0
-0.01246527  -0.00507509  0.0
-0.01203468  -0.00509683  0.0
-0.00748291  -0.00525763  0.0
-0.00713627  -0.00526514  0.0
-0.00250135  -0.00529488  0.0
-0.00224754  -0.00529211  0.0
 0.00247345  -0.00513845  0.0
 0.00263288  -0.00512951  0.0
 0.00744660  -0.00475235  0.0
 0.00751997  -0.00474498  0.0
 0.01204224  -0.00424809  0.0
 0.01204224  -0.00485170  0.0
;;

