# exterior:
# ---------
 0.01204224   0.01086221  0.0
 0.01243033   0.01082445  0.0
 0.01741488   0.01014375  0.0
 0.01747655   0.01013450  0.0
 0.02239548   0.00929926  0.0
 0.02251624   0.00927704  0.0
 0.02737933   0.00831424  0.0
 0.02754336   0.00827936  0.0
 0.02791944   0.00819597  0.0
 0.02791944   0.00307454  0.0
 0.02648215   0.00339323  0.0
 0.02637375   0.00341628  0.0
 0.02157825   0.00436569  0.0
 0.02152451   0.00437558  0.0
 0.01669451   0.00519572  0.0
 0.01204224   0.00583104  0.0
 0.01204224   0.01086221  0.0
;;

