# exterior:
# ---------
 0.02791944   0.00307454  0.0
 0.02664753   0.00287863  0.0
 0.02663752   0.00287708  0.0
 0.02663512   0.00287671  0.0
 0.02662511   0.00287514  0.0
 0.02646904   0.00285045  0.0
 0.02167067   0.00211747  0.0
 0.02156273   0.00210164  0.0
 0.01672822   0.00140036  0.0
 0.01669524   0.00139596  0.0
 0.01204224   0.00078648  0.0
 0.01204224   0.00204716  0.0
 0.01653152   0.00263520  0.0
 0.01655595   0.00263845  0.0
 0.02072579   0.00324331  0.0
 0.02791944   0.00307454  0.0
;;

