# exterior:
# ---------
 0.01204224   0.00078648  0.0
 0.01183045   0.00075873  0.0
 0.00700030   0.00022801  0.0
 0.00229768  -0.00014045  0.0
 0.00225222  -0.00014300  0.0
-0.00235618  -0.00029300  0.0
-0.00251262  -0.00029470  0.0
-0.00706606  -0.00026549  0.0
-0.00734047  -0.00025954  0.0
-0.01182031  -0.00010129  0.0
-0.01217582  -0.00008333  0.0
-0.01447193   0.00006700  0.0
-0.01447193   0.00131968  0.0
-0.01210346   0.00116460  0.0
-0.01176672   0.00114760  0.0
-0.00730487   0.00098998  0.0
-0.00704851   0.00098442  0.0
-0.00251544   0.00095534  0.0
-0.00238334   0.00095678  0.0
 0.00219691   0.00110586  0.0
 0.00221388   0.00110681  0.0
 0.00688319   0.00147267  0.0
 0.01168100   0.00199984  0.0
 0.01204224   0.00204716  0.0
 0.01204224   0.00078648  0.0
;;

