# exterior:
# ---------
 2.76375000   0.00000000  0.0
 2.54265000   0.02436080  0.0
 2.54019579   0.02444924  0.0
 2.32155000   0.02059768  0.0
 2.31648239   0.02031467  0.0
 2.10045000   0.00406382  0.0
 2.09333942   0.00340052  0.0
 1.87935000  -0.02055346  0.0
 1.87092609  -0.02158820  0.0
 1.65825000  -0.05046829  0.0
 1.64930429  -0.05177278  0.0
 1.43715000  -0.08341219  0.0
 1.42850499  -0.08472994  0.0
 1.21605000  -0.11745274  0.0
 1.20850165  -0.11864668  0.0
 0.99495000  -0.15126778  0.0
 0.98925446  -0.15210353  0.0
 0.77385000  -0.18334939  0.0
 0.77069711  -0.18376948  0.0
 0.55275000  -0.21231791  0.0
 0.33530699  -0.23620997  0.0
 0.33165000  -0.23657700  0.0
 0.11820448  -0.25330100  0.0
 0.11055000  -0.25372994  0.0
-0.09880959  -0.26054424  0.0
-0.11055000  -0.26067248  0.0
-0.31593863  -0.25935472  0.0
-0.33165000  -0.25901423  0.0
-0.53331089  -0.25189039  0.0
-0.55275000  -0.25090870  0.0
-0.75110765  -0.23792129  0.0
-0.77385000  -0.23608174  0.0
-0.96960310  -0.21681066  0.0
-0.99495000  -0.21383908  0.0
-1.18927037  -0.18662167  0.0
-1.21605000  -0.18214660  0.0
-1.29985574  -0.16672709  0.0
-1.32660000  -0.16126150  0.0
-1.41137858  -0.14141114  0.0
-1.43715000  -0.13442438  0.0
-1.52482057  -0.10611031  0.0
-1.54770000  -0.09725747  0.0
-1.58321750  -0.08050693  0.0
-1.60297500  -0.06853216  0.0
-1.60771538  -0.06514048  0.0
-1.62064531  -0.05466919  0.0
-1.62508500  -0.05059210  0.0
-1.63614000  -0.03894455  0.0
-1.65825000   0.00000000  0.0
-1.65163469   0.06796172  0.0
-1.64245462   0.08379248  0.0
-1.63614000   0.09273376  0.0
-1.62508500   0.10627393  0.0
-1.62273250   0.10888291  0.0
-1.60297500   0.12860060  0.0
-1.57057943   0.15547310  0.0
-1.54770000   0.17226785  0.0
-1.46292142   0.22523457  0.0
-1.43715000   0.23914618  0.0
-1.35334426   0.27921392  0.0
-1.32660000   0.29074650  0.0
-1.24282963   0.32389381  0.0
-1.21605000   0.33367085  0.0
-1.02029690   0.39530911  0.0
-0.99495000   0.40222070  0.0
-0.79659235   0.44922656  0.0
-0.77385000   0.45387850  0.0
-0.57218911   0.48934736  0.0
-0.55275000   0.49219955  0.0
-0.34736137   0.51730325  0.0
-0.33165000   0.51884653  0.0
-0.12229041   0.53394323  0.0
-0.11055000   0.53447830  0.0
 0.10289552   0.53749410  0.0
 0.11055000   0.53736144  0.0
 0.32799301   0.52679286  0.0
 0.33165000   0.52652754  0.0
 0.55275000   0.50501451  0.0
 0.77385000   0.47482109  0.0
 0.77700289   0.47434794  0.0
 0.99495000   0.43734022  0.0
 1.00064554   0.43629221  0.0
 1.21605000   0.39364644  0.0
 1.22359835   0.39204125  0.0
 1.43715000   0.34469048  0.0
 1.44579501   0.34267847  0.0
 1.65825000   0.29143633  0.0
 1.66719571   0.28923418  0.0
 1.87935000   0.23507794  0.0
 1.88777391   0.23289347  0.0
 2.10045000   0.17697286  0.0
 2.10756058   0.17509793  0.0
 2.32155000   0.11831503  0.0
 2.32661761   0.11695748  0.0
 2.54265000   0.06005960  0.0
 2.54510421   0.05937862  0.0
 2.76375000   0.00884400  0.0
 2.76375000   0.00000000  0.0
;;

# interior:
# ---------
 2.76315000   0.00066974  0.0
 2.76315000   0.00836686  0.0
 2.54496910   0.05879403  0.0
 2.54494378   0.05880046  0.0
 2.54249337   0.05948039  0.0
 2.32646480   0.11637726  0.0
 2.32646235   0.11637791  0.0
 2.32139543   0.11773528  0.0
 2.10740714   0.17451788  0.0
 2.10029722   0.17639264  0.0
 1.88762232   0.23231294  0.0
 1.87920049   0.23449687  0.0
 1.66704979   0.28865218  0.0
 1.65810795   0.29085339  0.0
 1.44565666   0.34209463  0.0
 1.43701705   0.34410538  0.0
 1.22347101   0.39145492  0.0
 1.21592933   0.39305868  0.0
 1.00053298   0.43570285  0.0
 0.99484548   0.43674938  0.0
 0.77690813   0.47375544  0.0
 0.77376488   0.47422715  0.0
 0.55268033   0.50441846  0.0
 0.33159923   0.52592965  0.0
 0.32795673   0.52619391  0.0
 0.11053023   0.53676169  0.0
 0.10289456   0.53689403  0.0
-0.11053210   0.53387849  0.0
-0.12225517   0.53334422  0.0
-0.33159909   0.51824864  0.0
-0.34729563   0.51670682  0.0
-0.55267004   0.49160486  0.0
-0.57209357   0.48875496  0.0
-0.77373789   0.45328901  0.0
-0.79646302   0.44864059  0.0
-0.99480186   0.40163919  0.0
-1.02012782   0.39473331  0.0
-1.21585691   0.33310261  0.0
-1.24261633   0.32333295  0.0
-1.32637078   0.29019194  0.0
-1.35309597   0.27866758  0.0
-1.43687793   0.23861121  0.0
-1.46261965   0.22471563  0.0
-1.54736305   0.17177089  0.0
-1.57021005   0.15499994  0.0
-1.60257069   0.12815642  0.0
-1.62229748   0.10846938  0.0
-1.62462954   0.10588306  0.0
-1.63566198   0.09237053  0.0
-1.64194903   0.08346827  0.0
-1.65105016   0.06777366  0.0
-1.65763441   0.00013099  0.0
-1.63565439  -0.03858463  0.0
-1.62466399  -0.05016411  0.0
-1.62025321  -0.05421465  0.0
-1.60735169  -0.06466294  0.0
-1.60264446  -0.06803089  0.0
-1.58293327  -0.07997760  0.0
-1.54746347  -0.09670564  0.0
-1.52461995  -0.10554459  0.0
-1.43697921  -0.13384902  0.0
-1.41123165  -0.14082931  0.0
-1.32647151  -0.16067535  0.0
-1.29974138  -0.16613806  0.0
-1.21594626  -0.18155562  0.0
-1.18917929  -0.18602857  0.0
-0.99487345  -0.21324394  0.0
-0.96953877  -0.21621409  0.0
-0.77379642  -0.23548411  0.0
-0.75106386  -0.23732287  0.0
-0.55271527  -0.25030969  0.0
-0.53328516  -0.25129092  0.0
-0.33163291  -0.25841446  0.0
-0.31593021  -0.25875476  0.0
-0.11055135  -0.26007246  0.0
-0.09882263  -0.25994435  0.0
 0.11052345  -0.25313048  0.0
 0.11816426  -0.25270232  0.0
 0.33159660  -0.23597935  0.0
 0.33524427  -0.23561326  0.0
 0.55267826  -0.21172218  0.0
 0.77061853  -0.18317464  0.0
 0.77376731  -0.18275510  0.0
 0.98916784  -0.15150982  0.0
 0.99486114  -0.15067439  0.0
 1.20840948  -0.11805380  0.0
 1.21595626  -0.11686011  0.0
 1.21595866  -0.11685973  0.0
 1.42841365  -0.08413693  0.0
 1.42841458  -0.08413679  0.0
 1.43705959  -0.08281904  0.0
 1.43706150  -0.08281875  0.0
 1.64921579  -0.05117934  0.0
 1.64921772  -0.05117906  0.0
 1.65816342  -0.04987457  0.0
 1.65816926  -0.04987374  0.0
 1.87084535  -0.02099366  0.0
 1.87085294  -0.02099268  0.0
 1.87927685  -0.01995793  0.0
 1.87928325  -0.01995718  0.0
 2.09327268   0.00399679  0.0
 2.09328370   0.00399792  0.0
 2.10039427   0.00466122  0.0
 2.10040499   0.00466213  0.0
 2.31643738   0.02091298  0.0
 2.31644893   0.02091373  0.0
 2.32151654   0.02119674  0.0
 2.32153943   0.02119758  0.0
 2.54018522   0.02504914  0.0
 2.54021740   0.02504885  0.0
 2.54267161   0.02496041  0.0
 2.54271571   0.02495719  0.0
 2.76315000   0.00066974  0.0
;;

