# exterior:
# ---------
 0.84100000  -0.13258391  0.0
 0.84100000   0.42230000  0.0
 0.98787769   0.39735997  0.0
 0.99302907   0.39641208  0.0
 1.20788467   0.35387498  0.0
 1.21498135   0.35236584  0.0
 1.42815379   0.30509915  0.0
 1.43643361   0.30317213  0.0
 1.64863789   0.25199046  0.0
 1.65732222   0.24985265  0.0
 1.76251332   0.22300072  0.0
 1.76298253   0.22290461  0.0
 1.76345879   0.22285385  0.0
 1.76393772   0.22284889  0.0
 1.76441493   0.22288977  0.0
 1.76488603   0.22297613  0.0
 1.76534671   0.22310717  0.0
 1.76579274   0.22328168  0.0
 1.76622003   0.22349807  0.0
 1.76662465   0.22375435  0.0
 1.76700290   0.22404817  0.0
 1.76735129   0.22437683  0.0
 1.76766664   0.22473732  0.0
 1.76794605   0.22512633  0.0
 1.76818696   0.22554029  0.0
 1.76838716   0.22597540  0.0
 1.76854480   0.22642766  0.0
 1.76865845   0.22689294  0.0
 1.76872706   0.22736696  0.0
 1.76875000   0.22784536  0.0
 1.76875000   0.23792176  0.0
 1.87322025   0.21125383  0.0
 1.88155859   0.20909155  0.0
 2.09418609   0.15318372  0.0
 2.10126980   0.15131587  0.0
 2.31521252   0.09454536  0.0
 2.32025456   0.09319466  0.0
 2.32026728   0.09319126  0.0
 2.32027797   0.09318841  0.0
 2.32029070   0.09318502  0.0
 2.32031605   0.09317829  0.0
 2.32032878   0.09317491  0.0
 2.32033948   0.09317209  0.0
 2.32035221   0.09316873  0.0
 2.49113398   0.04818880  0.0
 2.32111673   0.04519386  0.0
 2.32109287   0.04519338  0.0
 2.32099746   0.04519125  0.0
 2.32097361   0.04519066  0.0
 2.32089729   0.04518858  0.0
 2.32087344   0.04518788  0.0
 2.32077805   0.04518483  0.0
 2.32075420   0.04518401  0.0
 2.32054058   0.04517617  0.0
 2.32051674   0.04517524  0.0
 2.32042139   0.04517128  0.0
 2.32039755   0.04517023  0.0
 2.32032128   0.04516670  0.0
 2.32029745   0.04516554  0.0
 2.32020214   0.04516068  0.0
 2.32017832   0.04515940  0.0
 2.31511070   0.04487640  0.0
 2.31509866   0.04487571  0.0
 2.31505051   0.04487290  0.0
 2.31503847   0.04487219  0.0
 2.31499995   0.04486985  0.0
 2.31498792   0.04486910  0.0
 2.31493978   0.04486607  0.0
 2.31492775   0.04486529  0.0
 2.31481993   0.04485823  0.0
 2.31480790   0.04485742  0.0
 2.31475977   0.04485415  0.0
 2.31474774   0.04485332  0.0
 2.31470925   0.04485061  0.0
 2.31469722   0.04484975  0.0
 2.31464911   0.04484625  0.0
 2.31463709   0.04484536  0.0
 2.09860470   0.02859451  0.0
 2.09859353   0.02859366  0.0
 2.09854883   0.02859019  0.0
 2.09853766   0.02858932  0.0
 2.09850191   0.02858647  0.0
 2.09849074   0.02858556  0.0
 2.09844606   0.02858190  0.0
 2.09843489   0.02858097  0.0
 2.09833483   0.02857254  0.0
 2.09832366   0.02857159  0.0
 2.09827900   0.02856772  0.0
 2.09826783   0.02856675  0.0
 2.09823211   0.02856357  0.0
 2.09822095   0.02856257  0.0
 2.09817630   0.02855851  0.0
 2.09816514   0.02855748  0.0
 2.09105457   0.02789418  0.0
 2.09104308   0.02789309  0.0
 2.09099714   0.02788870  0.0
 2.09098565   0.02788759  0.0
 2.09094890   0.02788399  0.0
 2.09093742   0.02788285  0.0
 2.09089150   0.02787825  0.0
 2.09088002   0.02787708  0.0
 2.09077718   0.02786653  0.0
 2.09076570   0.02786534  0.0
 2.09071980   0.02786052  0.0
 2.09070832   0.02785931  0.0
 2.09067161   0.02785537  0.0
 2.09066014   0.02785412  0.0
 2.09061426   0.02784910  0.0
 2.09060279   0.02784783  0.0
 1.87661337   0.00389385  0.0
 1.87660669   0.00389310  0.0
 1.87658000   0.00389008  0.0
 1.87657333   0.00388931  0.0
 1.87655197   0.00388687  0.0
 1.87654530   0.00388610  0.0
 1.87651861   0.00388300  0.0
 1.87651194   0.00388222  0.0
 1.87645217   0.00387521  0.0
 1.87644550   0.00387442  0.0
 1.87641882   0.00387125  0.0
 1.87641215   0.00387045  0.0
 1.87639081   0.00386789  0.0
 1.87638415   0.00386709  0.0
 1.87635748   0.00386385  0.0
 1.87635081   0.00386303  0.0
 1.86792690   0.00282828  0.0
 1.86791899   0.00282731  0.0
 1.86788737   0.00282337  0.0
 1.86787947   0.00282238  0.0
 1.86785418   0.00281919  0.0
 1.86784627   0.00281819  0.0
 1.86781467   0.00281415  0.0
 1.86780677   0.00281314  0.0
 1.86773598   0.00280398  0.0
 1.86772808   0.00280296  0.0
 1.86769648   0.00279882  0.0
 1.86768859   0.00279778  0.0
 1.86766332   0.00279443  0.0
 1.86765542   0.00279338  0.0
 1.86762384   0.00278914  0.0
 1.86761594   0.00278807  0.0
 1.76875000  -0.01063730  0.0
 1.76875000  -0.00021531  0.0
 1.76872485   0.00028554  0.0
 1.76864966   0.00078136  0.0
 1.76852518   0.00126714  0.0
 1.76835266   0.00173802  0.0
 1.76813384   0.00218925  0.0
 1.76787093   0.00261629  0.0
 1.76756655   0.00301484  0.0
 1.76722379   0.00338090  0.0
 1.76684608   0.00371079  0.0
 1.76643723   0.00400118  0.0
 1.76600134   0.00424915  0.0
 1.76554281   0.00445221  0.0
 1.76506624   0.00460833  0.0
 1.76457644   0.00471591  0.0
 1.76407831   0.00477389  0.0
 1.76357689   0.00478169  0.0
 1.76307721   0.00473921  0.0
 1.65278691  -0.01023752  0.0
 1.65277473  -0.01023919  0.0
 1.65262861  -0.01025940  0.0
 1.65261644  -0.01026109  0.0
 1.65256190  -0.01026877  0.0
 1.65254973  -0.01027050  0.0
 1.65240371  -0.01029143  0.0
 1.65239155  -0.01029319  0.0
 1.64344183  -0.01159826  0.0
 1.64338973  -0.01160591  0.0
 1.64336777  -0.01160915  0.0
 1.64331569  -0.01161687  0.0
 1.43115741  -0.04325688  0.0
 1.43110562  -0.04326465  0.0
 1.43108380  -0.04326794  0.0
 1.43103202  -0.04327579  0.0
 1.42238457  -0.04459392  0.0
 1.42235288  -0.04459876  0.0
 1.42234764  -0.04459957  0.0
 1.20986958  -0.07732591  0.0
 1.20986457  -0.07732669  0.0
 1.20980452  -0.07733600  0.0
 1.20979952  -0.07733678  0.0
 1.20977710  -0.07734028  0.0
 1.20977210  -0.07734106  0.0
 1.20971206  -0.07735049  0.0
 1.20970706  -0.07735128  0.0
 1.20226476  -0.07852845  0.0
 0.98893734  -0.11111529  0.0
 0.98339307  -0.11192885  0.0
 0.84100000  -0.13258391  0.0
;;

# interior:
# ---------
 0.84600000  -0.12680630  0.0
 0.98267122  -0.10698123  0.0
 0.98819686  -0.10617040  0.0
 1.20149667  -0.07358778  0.0
 1.20892841  -0.07241228  0.0
 1.20893592  -0.07241110  0.0
 1.20899845  -0.07240128  0.0
 1.20900596  -0.07240010  0.0
 1.20903087  -0.07239621  0.0
 1.20903838  -0.07239504  0.0
 1.20910093  -0.07238535  0.0
 1.20910844  -0.07238419  0.0
 1.42158912  -0.03965744  0.0
 1.42159699  -0.03965623  0.0
 1.42163112  -0.03965101  0.0
 1.43028241  -0.03833230  0.0
 1.43033795  -0.03832388  0.0
 1.43036397  -0.03831996  0.0
 1.43041989  -0.03831157  0.0
 1.64258202  -0.00667099  0.0
 1.64263791  -0.00666270  0.0
 1.64266408  -0.00665884  0.0
 1.64272035  -0.00665059  0.0
 1.65167006  -0.00534552  0.0
 1.65167614  -0.00534463  0.0
 1.65168831  -0.00534287  0.0
 1.65169439  -0.00534200  0.0
 1.65184041  -0.00532107  0.0
 1.65184650  -0.00532020  0.0
 1.65185867  -0.00531847  0.0
 1.65186476  -0.00531761  0.0
 1.65191929  -0.00530993  0.0
 1.65192538  -0.00530908  0.0
 1.65193755  -0.00530738  0.0
 1.65194364  -0.00530654  0.0
 1.65208976  -0.00528633  0.0
 1.65209585  -0.00528549  0.0
 1.65210803  -0.00528382  0.0
 1.65211412  -0.00528299  0.0
 1.76240441   0.00969374  0.0
 1.76265372   0.00972125  0.0
 1.76315340   0.00976372  0.0
 1.76365459   0.00978108  0.0
 1.76415601   0.00977329  0.0
 1.76465642   0.00974036  0.0
 1.76515454   0.00968238  0.0
 1.76564912   0.00959949  0.0
 1.76613893   0.00949190  0.0
 1.76662273   0.00935989  0.0
 1.76709930   0.00920378  0.0
 1.76756744   0.00902396  0.0
 1.76802597   0.00882090  0.0
 1.76847374   0.00859510  0.0
 1.76890963   0.00834712  0.0
 1.76933253   0.00807760  0.0
 1.76974138   0.00778721  0.0
 1.77013516   0.00747668  0.0
 1.77051287   0.00714680  0.0
 1.77087356   0.00679839  0.0
 1.77121632   0.00643233  0.0
 1.77154029   0.00604954  0.0
 1.77184467   0.00565099  0.0
 1.77212867   0.00523767  0.0
 1.77239158   0.00481063  0.0
 1.77263275   0.00437094  0.0
 1.77285157   0.00391972  0.0
 1.77304749   0.00345808  0.0
 1.77322000   0.00298721  0.0
 1.77336869   0.00250827  0.0
 1.77349317   0.00202248  0.0
 1.77359313   0.00153106  0.0
 1.77366833   0.00103524  0.0
 1.77371856   0.00053628  0.0
 1.77374371   0.00003543  0.0
 1.77375000  -0.00021531  0.0
 1.77375000  -0.00491244  0.0
 1.86694710   0.00774314  0.0
 1.86695894   0.00774473  0.0
 1.86699447   0.00774950  0.0
 1.86700631   0.00775108  0.0
 1.86703553   0.00775495  0.0
 1.86704738   0.00775651  0.0
 1.86708292   0.00776116  0.0
 1.86709477   0.00776270  0.0
 1.86716951   0.00777236  0.0
 1.86718136   0.00777388  0.0
 1.86721692   0.00777842  0.0
 1.86722878   0.00777993  0.0
 1.86725802   0.00778361  0.0
 1.86726988   0.00778509  0.0
 1.86730545   0.00778952  0.0
 1.86731731   0.00779098  0.0
 1.87574455   0.00882614  0.0
 1.87575455   0.00882736  0.0
 1.87578456   0.00883100  0.0
 1.87579456   0.00883221  0.0
 1.87581923   0.00883517  0.0
 1.87582924   0.00883637  0.0
 1.87585925   0.00883993  0.0
 1.87586926   0.00884111  0.0
 1.87593236   0.00884852  0.0
 1.87594237   0.00884968  0.0
 1.87597239   0.00885317  0.0
 1.87598240   0.00885432  0.0
 1.87600709   0.00885715  0.0
 1.87601710   0.00885829  0.0
 1.87604713   0.00886169  0.0
 1.87605714   0.00886282  0.0
 2.09004657   0.03281679  0.0
 2.09005230   0.03281743  0.0
 2.09006377   0.03281870  0.0
 2.09006950   0.03281933  0.0
 2.09011538   0.03282436  0.0
 2.09012112   0.03282499  0.0
 2.09013259   0.03282623  0.0
 2.09013832   0.03282685  0.0
 2.09017504   0.03283079  0.0
 2.09018077   0.03283140  0.0
 2.09019225   0.03283262  0.0
 2.09019799   0.03283322  0.0
 2.09024389   0.03283804  0.0
 2.09024962   0.03283864  0.0
 2.09026110   0.03283983  0.0
 2.09026684   0.03284042  0.0
 2.09036968   0.03285097  0.0
 2.09037542   0.03285156  0.0
 2.09038690   0.03285272  0.0
 2.09039264   0.03285330  0.0
 2.09043857   0.03285790  0.0
 2.09044431   0.03285848  0.0
 2.09045579   0.03285962  0.0
 2.09046153   0.03286018  0.0
 2.09049828   0.03286378  0.0
 2.09050402   0.03286434  0.0
 2.09051550   0.03286545  0.0
 2.09052125   0.03286600  0.0
 2.09056719   0.03287040  0.0
 2.09057293   0.03287094  0.0
 2.09058442   0.03287203  0.0
 2.09059017   0.03287257  0.0
 2.09770074   0.03353587  0.0
 2.09770632   0.03353638  0.0
 2.09771748   0.03353741  0.0
 2.09772306   0.03353792  0.0
 2.09776771   0.03354199  0.0
 2.09777329   0.03354249  0.0
 2.09778445   0.03354349  0.0
 2.09779003   0.03354399  0.0
 2.09782575   0.03354716  0.0
 2.09783134   0.03354766  0.0
 2.09784250   0.03354863  0.0
 2.09784808   0.03354912  0.0
 2.09789275   0.03355298  0.0
 2.09789833   0.03355346  0.0
 2.09790949   0.03355442  0.0
 2.09791508   0.03355489  0.0
 2.09801514   0.03356332  0.0
 2.09802072   0.03356379  0.0
 2.09803189   0.03356472  0.0
 2.09803748   0.03356518  0.0
 2.09808216   0.03356884  0.0
 2.09808774   0.03356930  0.0
 2.09809891   0.03357020  0.0
 2.09810450   0.03357065  0.0
 2.09814025   0.03357350  0.0
 2.09814583   0.03357394  0.0
 2.09815701   0.03357482  0.0
 2.09816259   0.03357525  0.0
 2.09820729   0.03357872  0.0
 2.09821288   0.03357915  0.0
 2.09822405   0.03358000  0.0
 2.09822964   0.03358042  0.0
 2.31426203   0.04983127  0.0
 2.31426804   0.04983172  0.0
 2.31428007   0.04983261  0.0
 2.31428608   0.04983305  0.0
 2.31433419   0.04983656  0.0
 2.31434020   0.04983699  0.0
 2.31435223   0.04983785  0.0
 2.31435824   0.04983828  0.0
 2.31439674   0.04984099  0.0
 2.31440275   0.04984141  0.0
 2.31441478   0.04984224  0.0
 2.31442080   0.04984265  0.0
 2.31446892   0.04984592  0.0
 2.31447494   0.04984633  0.0
 2.31448697   0.04984713  0.0
 2.31449299   0.04984753  0.0
 2.31460080   0.04985459  0.0
 2.31460682   0.04985498  0.0
 2.31461885   0.04985576  0.0
 2.31462487   0.04985614  0.0
 2.31467301   0.04985918  0.0
 2.31467903   0.04985955  0.0
 2.31469106   0.04986030  0.0
 2.31469708   0.04986067  0.0
 2.31473560   0.04986301  0.0
 2.31474162   0.04986337  0.0
 2.31475365   0.04986408  0.0
 2.31475967   0.04986444  0.0
 2.31480783   0.04986724  0.0
 2.31481385   0.04986759  0.0
 2.31482589   0.04986828  0.0
 2.31483191   0.04986862  0.0
 2.31989952   0.05015163  0.0
 2.31991143   0.05015228  0.0
 2.31993525   0.05015355  0.0
 2.31994717   0.05015417  0.0
 2.32004248   0.05015904  0.0
 2.32005440   0.05015963  0.0
 2.32007823   0.05016079  0.0
 2.32009014   0.05016136  0.0
 2.32016641   0.05016489  0.0
 2.32017833   0.05016543  0.0
 2.32020216   0.05016647  0.0
 2.32021408   0.05016698  0.0
 2.32030944   0.05017094  0.0
 2.32032136   0.05017142  0.0
 2.32034520   0.05017235  0.0
 2.32035712   0.05017280  0.0
 2.32057074   0.05018065  0.0
 2.32058266   0.05018107  0.0
 2.32060651   0.05018189  0.0
 2.32061843   0.05018228  0.0
 2.32071382   0.05018533  0.0
 2.32072574   0.05018570  0.0
 2.32074959   0.05018640  0.0
 2.32076152   0.05018674  0.0
 2.32083784   0.05018881  0.0
 2.32084976   0.05018912  0.0
 2.32087361   0.05018971  0.0
 2.32088554   0.05018999  0.0
 2.32098095   0.05019213  0.0
 2.32099288   0.05019238  0.0
 2.32101673   0.05019286  0.0
 2.32102866   0.05019308  0.0
 2.45493622   0.05255194  0.0
 2.31907646   0.08833422  0.0
 2.31906123   0.08833824  0.0
 2.31904794   0.08834175  0.0
 2.31903254   0.08834584  0.0
 2.31900476   0.08835321  0.0
 2.31898954   0.08835727  0.0
 2.31897626   0.08836081  0.0
 2.31896074   0.08836496  0.0
 2.31392441   0.08971413  0.0
 2.09999119   0.14648212  0.0
 2.09291293   0.14834852  0.0
 1.88029531   0.20425376  0.0
 1.87197437   0.20641153  0.0
 1.77375000   0.23148508  0.0
 1.77375000   0.22784536  0.0
 1.77374426   0.22760589  0.0
 1.77372132   0.22712748  0.0
 1.77367549   0.22665072  0.0
 1.77360689   0.22617671  0.0
 1.77351565   0.22570652  0.0
 1.77340200   0.22524124  0.0
 1.77326620   0.22478194  0.0
 1.77310856   0.22432968  0.0
 1.77292943   0.22388548  0.0
 1.77272923   0.22345037  0.0
 1.77250843   0.22302535  0.0
 1.77226752   0.22261139  0.0
 1.77200706   0.22220944  0.0
 1.77172765   0.22182044  0.0
 1.77142993   0.22144526  0.0
 1.77111458   0.22108477  0.0
 1.77078232   0.22073980  0.0
 1.77043393   0.22041113  0.0
 1.77007019   0.22009954  0.0
 1.76969194   0.21980572  0.0
 1.76930006   0.21953035  0.0
 1.76889544   0.21927407  0.0
 1.76847901   0.21903746  0.0
 1.76805172   0.21882107  0.0
 1.76761456   0.21862540  0.0
 1.76716853   0.21845088  0.0
 1.76671466   0.21829793  0.0
 1.76625397   0.21816690  0.0
 1.76578754   0.21805807  0.0
 1.76531644   0.21797172  0.0
 1.76484174   0.21790802  0.0
 1.76436453   0.21786714  0.0
 1.76388591   0.21784916  0.0
 1.76340698   0.21785412  0.0
 1.76292884   0.21788201  0.0
 1.76245258   0.21793278  0.0
 1.76197930   0.21800630  0.0
 1.76151009   0.21810240  0.0
 1.76127663   0.21815607  0.0
 1.65610627   0.24500271  0.0
 1.64745414   0.24713260  0.0
 1.43528072   0.29830682  0.0
 1.42704589   0.30022337  0.0
 1.21392014   0.34747971  0.0
 1.20687909   0.34897702  0.0
 0.99209108   0.39150074  0.0
 0.98700671   0.39243629  0.0
 0.84600000   0.41637943  0.0
 0.84600000  -0.12680630  0.0
;;

