# exterior:
# ---------
 1.26187500  -0.05548442  0.0
 1.17617500  -0.06826520  0.0
 1.16909986  -0.06934366  0.0
 0.99522500  -0.09612426  0.0
 0.98904737  -0.09710139  0.0
 0.83600000  -0.12048015  0.0
 0.83600000  -0.11987319  0.0
 0.98895520  -0.09650851  0.0
 0.99513126  -0.09553163  0.0
 0.99513366  -0.09553125  0.0
 1.16900852  -0.06875065  0.0
 1.16900944  -0.06875051  0.0
 1.17608459  -0.06767205  0.0
 1.17608650  -0.06767176  0.0
 1.26187500  -0.05487778  0.0
 1.26187500  -0.05548442  0.0
;;

