# exterior:
# ---------
 2.26127500   0.00066974  0.0
 2.08099071   0.02053346  0.0
 2.08094661   0.02053668  0.0
 2.07893806   0.02060906  0.0
 2.07890589   0.02060936  0.0
 2.04262137   0.01997019  0.0
 2.04262137   0.02497096  0.0
 2.07881782   0.02560858  0.0
 2.07895190   0.02560915  0.0
 2.07898408   0.02560885  0.0
 2.07911813   0.02560582  0.0
 2.08112667   0.02553344  0.0
 2.08131068   0.02552341  0.0
 2.08135478   0.02552019  0.0
 2.08153830   0.02550339  0.0
 2.22761564   0.00940859  0.0
 2.26127500   0.00380000  0.0
 2.26127500   0.00066974  0.0
;;

