# exterior:
# ---------
-0.75000000   0.34441221  0.0
-0.65193752   0.36765059  0.0
-0.63332500   0.37145778  0.0
-0.46828412   0.40048578  0.0
-0.45237500   0.40282003  0.0
-0.28428331   0.42336510  0.0
-0.27142500   0.42462813  0.0
-0.10008344   0.43698339  0.0
-0.09047500   0.43742129  0.0
 0.08421051   0.43988945  0.0
 0.09047500   0.43978088  0.0
 0.26843209   0.43113147  0.0
 0.27142500   0.43091433  0.0
 0.45237500   0.41330789  0.0
 0.63332500   0.38859736  0.0
 0.63590535   0.38821013  0.0
 0.75000000   0.36883670  0.0
 0.75000000   0.36822811  0.0
 0.63581059   0.38761763  0.0
 0.63323988   0.38800342  0.0
 0.45230533   0.41271184  0.0
 0.27137423   0.43031644  0.0
 0.26839581   0.43053252  0.0
 0.09045523   0.43918113  0.0
 0.08420955   0.43928938  0.0
-0.09045710   0.43682149  0.0
-0.10004820   0.43638438  0.0
-0.27137409   0.42403024  0.0
-0.28421757   0.42276867  0.0
-0.45229504   0.40222534  0.0
-0.46818859   0.39989337  0.0
-0.63321289   0.37086829  0.0
-0.65180819   0.36706462  0.0
-0.75000000   0.34379559  0.0
-0.75000000   0.34441221  0.0
;;

