# exterior:
# ---------
 1.26187500   0.26148721  0.0
 1.35712500   0.23851381  0.0
 1.36444624   0.23671155  0.0
 1.53807500   0.19238966  0.0
 1.54496919   0.19060187  0.0
 1.71902500   0.14483600  0.0
 1.72484435   0.14330154  0.0
 1.89997500   0.09682996  0.0
 1.90412237   0.09571893  0.0
 1.97022585   0.07830882  0.0
 1.97022585   0.07768836  0.0
 1.90396956   0.09513872  0.0
 1.90396712   0.09513937  0.0
 1.89982043   0.09625022  0.0
 1.72469092   0.14272149  0.0
 1.71887222   0.14425578  0.0
 1.54481760   0.19002134  0.0
 1.53792549   0.19180858  0.0
 1.36430032   0.23612956  0.0
 1.35698295   0.23793087  0.0
 1.26187500   0.26087001  0.0
 1.26187500   0.26148721  0.0
;;

