# exterior:
# ---------
 1.97022585   0.01809481  0.0
 1.89997500   0.01685730  0.0
 1.89582763   0.01662569  0.0
 1.71902500   0.00332586  0.0
 1.71320565   0.00278301  0.0
 1.53807500  -0.01682111  0.0
 1.53118080  -0.01766796  0.0
 1.35712500  -0.04130365  0.0
 1.34980376  -0.04237125  0.0
 1.26187500  -0.05548442  0.0
 1.26187500  -0.05487778  0.0
 1.34971526  -0.04177782  0.0
 1.34971718  -0.04177753  0.0
 1.35703842  -0.04070993  0.0
 1.35704426  -0.04070910  0.0
 1.53110007  -0.01707341  0.0
 1.53110765  -0.01707243  0.0
 1.53800185  -0.01622559  0.0
 1.53800825  -0.01622484  0.0
 1.71313890   0.00337929  0.0
 1.71314992   0.00338042  0.0
 1.71896927   0.00392327  0.0
 1.71897999   0.00392417  0.0
 1.89578262   0.01722400  0.0
 1.89579417   0.01722475  0.0
 1.89994154   0.01745637  0.0
 1.89996443   0.01745721  0.0
 1.97022585   0.01869490  0.0
 1.97022585   0.01809481  0.0
;;

