# exterior:
# ---------
-0.75000000   0.34379559  0.0
-0.65180819   0.36706462  0.0
-0.63321289   0.37086829  0.0
-0.46818859   0.39989337  0.0
-0.45229504   0.40222534  0.0
-0.28421757   0.42276867  0.0
-0.27137409   0.42403024  0.0
-0.10004820   0.43638438  0.0
-0.09045710   0.43682149  0.0
 0.08420955   0.43928938  0.0
 0.09045523   0.43918113  0.0
 0.26839581   0.43053252  0.0
 0.27137423   0.43031644  0.0
 0.45230533   0.41271184  0.0
 0.63323988   0.38800342  0.0
 0.63581059   0.38761763  0.0
 0.75000000   0.36822811  0.0
 0.75000000   0.36315654  0.0
 0.63502099   0.38268014  0.0
 0.63253057   0.38305388  0.0
 0.45172475   0.40774472  0.0
 0.27095116   0.42533399  0.0
 0.26809350   0.42554132  0.0
 0.09029050   0.43418324  0.0
 0.08420155   0.43428876  0.0
-0.09030793   0.43182309  0.0
-0.09975453   0.43139257  0.0
-0.27094982   0.41904785  0.0
-0.28366980   0.41779841  0.0
-0.45162871   0.39726957  0.0
-0.46739244   0.39495665  0.0
-0.63227865   0.36595586  0.0
-0.65073046   0.36218154  0.0
-0.75000000   0.33865711  0.0
-0.75000000   0.34379559  0.0
;;

