# exterior:
# ---------
 1.26187500   0.26087001  0.0
 1.35698295   0.23793087  0.0
 1.36430032   0.23612956  0.0
 1.53792549   0.19180858  0.0
 1.54481760   0.19002134  0.0
 1.71887222   0.14425578  0.0
 1.72469092   0.14272149  0.0
 1.89982043   0.09625022  0.0
 1.90396712   0.09513937  0.0
 1.90396956   0.09513872  0.0
 1.97022585   0.07768836  0.0
 1.97022585   0.07251785  0.0
 1.90269610   0.09030361  0.0
 1.90268592   0.09030630  0.0
 1.90268347   0.09030695  0.0
 1.90267329   0.09030966  0.0
 1.89853232   0.09141898  0.0
 1.72341231   0.13788774  0.0
 1.71759907   0.13942058  0.0
 1.54355432   0.18518355  0.0
 1.53667961   0.18696628  0.0
 1.36308438   0.23127962  0.0
 1.35579919   0.23307300  0.0
 1.26187500   0.25572663  0.0
 1.26187500   0.26087001  0.0
;;

