# exterior:
# ---------
 1.26187500  -0.05487778  0.0
 1.17608650  -0.06767176  0.0
 1.17608459  -0.06767205  0.0
 1.16900944  -0.06875051  0.0
 1.16900852  -0.06875065  0.0
 0.99513366  -0.09553125  0.0
 0.99513126  -0.09553163  0.0
 0.98895520  -0.09650851  0.0
 0.83600000  -0.11987319  0.0
 0.83600000  -0.11481519  0.0
 0.98818711  -0.09156784  0.0
 0.99435011  -0.09059302  0.0
 0.99436012  -0.09059145  0.0
 0.99436252  -0.09059108  0.0
 0.99437253  -0.09058952  0.0
 1.16825123  -0.06380833  0.0
 1.16825600  -0.06380760  0.0
 1.17533114  -0.06272914  0.0
 1.17533911  -0.06272793  0.0
 1.17534102  -0.06272765  0.0
 1.17534898  -0.06272645  0.0
 1.26187500  -0.04982248  0.0
 1.26187500  -0.05487778  0.0
;;

