# exterior:
# ---------
 0.75000000  -0.13313011  0.0
 0.63332500  -0.15005460  0.0
 0.63074465  -0.15039840  0.0
 0.45237500  -0.17376267  0.0
 0.27441791  -0.19331612  0.0
 0.27142500  -0.19361650  0.0
 0.09673949  -0.20730356  0.0
 0.09047500  -0.20765460  0.0
-0.08086656  -0.21323148  0.0
-0.09047500  -0.21333643  0.0
-0.25856669  -0.21225797  0.0
-0.27142500  -0.21197931  0.0
-0.43646588  -0.20614910  0.0
-0.45237500  -0.20534568  0.0
-0.61471248  -0.19471668  0.0
-0.63332500  -0.19321117  0.0
-0.75000000  -0.18172500  0.0
-0.75000000  -0.18112210  0.0
-0.63327142  -0.19261355  0.0
-0.61466869  -0.19411826  0.0
-0.45234027  -0.20474667  0.0
-0.43644015  -0.20554963  0.0
-0.27140791  -0.21137954  0.0
-0.25855827  -0.21165801  0.0
-0.09047635  -0.21273641  0.0
-0.08087959  -0.21263159  0.0
 0.09044845  -0.20705515  0.0
 0.09669927  -0.20670487  0.0
 0.27137160  -0.19301885  0.0
 0.27435519  -0.19271940  0.0
 0.45230326  -0.17316694  0.0
 0.63066607  -0.14980357  0.0
 0.63324231  -0.14946031  0.0
 0.75000000  -0.13252383  0.0
 0.75000000  -0.13313011  0.0
;;

