# exterior:
# ---------
-0.84100000  -0.15046329  0.0
-0.97018141  -0.13236954  0.0
-0.99166328  -0.12877977  0.0
-1.05988575  -0.11622744  0.0
-1.08128861  -0.11185345  0.0
-1.15003868  -0.09575606  0.0
-1.17031108  -0.09026011  0.0
-1.24103736  -0.06741837  0.0
-1.25852922  -0.06065016  0.0
-1.28595913  -0.04771384  0.0
-1.30053897  -0.03887719  0.0
-1.30328023  -0.03691585  0.0
-1.31288692  -0.02913588  0.0
-1.31552792  -0.02671057  0.0
-1.32235729  -0.01951515  0.0
-1.33598988   0.00449729  0.0
-1.33164210   0.04916376  0.0
-1.32683964   0.05744546  0.0
-1.32261814   0.06342295  0.0
-1.31434513   0.07355574  0.0
-1.31312151   0.07491276  0.0
-1.29800635   0.08999747  0.0
-1.27269263   0.11099549  0.0
-1.25508138   0.12392312  0.0
-1.18690591   0.16651678  0.0
-1.16683391   0.17735180  0.0
-1.09906320   0.20975315  0.0
-1.07782996   0.21890929  0.0
-1.00981823   0.24582103  0.0
-0.98859574   0.25356919  0.0
-0.84100000   0.30004378  0.0
-0.84600000   0.29322738  0.0
-0.98698670   0.24883383  0.0
-1.00804070   0.24114718  0.0
-1.07591975   0.21428794  0.0
-1.09699415   0.20520030  0.0
-1.16456666   0.17289371  0.0
-1.18439120   0.16219227  0.0
-1.25227346   0.11978179  0.0
-1.26961446   0.10705254  0.0
-1.29463714   0.08629595  0.0
-1.30949634   0.07146668  0.0
-1.31054965   0.07029854  0.0
-1.31863468   0.06039599  0.0
-1.32262646   0.05474377  0.0
-1.32677101   0.04759661  0.0
-1.33086000   0.00558886  0.0
-1.31831052  -0.01651579  0.0
-1.31201953  -0.02314397  0.0
-1.30961941  -0.02534806  0.0
-1.30024945  -0.03293633  0.0
-1.29778447  -0.03469998  0.0
-1.28359052  -0.04330276  0.0
-1.25655815  -0.05605159  0.0
-1.23936553  -0.06270401  0.0
-1.16888780  -0.08546548  0.0
-1.14881422  -0.09090753  0.0
-1.08021788  -0.10696892  0.0
-1.05893271  -0.11131887  0.0
-0.99079878  -0.12385491  0.0
-0.96942245  -0.12742704  0.0
-0.84600000  -0.14471416  0.0
-0.84100000  -0.15046329  0.0
;;

