# exterior:
# ---------
 1.25885589  -0.03168430  0.0
 1.25882457  -0.03170598  0.0
 1.25843839  -0.03203589  0.0
 1.25808768  -0.03240327  0.0
 1.25777605  -0.03280434  0.0
 1.25750671  -0.03323495  0.0
 1.25728245  -0.03369067  0.0
 1.25710558  -0.03416678  0.0
 1.25697792  -0.03465839  0.0
 1.25690080  -0.03516040  0.0
 1.25688860  -0.03540024  0.0
 1.17313246  -0.04789112  0.0
 1.17311254  -0.04789411  0.0
 1.17309072  -0.04789740  0.0
 1.17307080  -0.04790042  0.0
 1.16599272  -0.04897934  0.0
 1.16597166  -0.04898256  0.0
 0.99208912  -0.07576434  0.0
 0.99208411  -0.07576511  0.0
 0.99206410  -0.07576822  0.0
 0.99205909  -0.07576900  0.0
 0.99203668  -0.07577250  0.0
 0.99203168  -0.07577328  0.0
 0.99201166  -0.07577642  0.0
 0.99200666  -0.07577721  0.0
 0.98588284  -0.07674583  0.0
 0.84100000  -0.09887742  0.0
 0.84600000  -0.09305564  0.0
 0.98511475  -0.07180516  0.0
 0.99122801  -0.07083821  0.0
 0.99123552  -0.07083703  0.0
 0.99125803  -0.07083349  0.0
 0.99126553  -0.07083232  0.0
 0.99129045  -0.07082843  0.0
 0.99129796  -0.07082726  0.0
 0.99132048  -0.07082377  0.0
 0.99132798  -0.07082261  0.0
 1.16521474  -0.04404018  0.0
 1.16523927  -0.04403643  0.0
 1.17232094  -0.04295697  0.0
 1.17234487  -0.04295334  0.0
 1.17237065  -0.04294946  0.0
 1.17239495  -0.04294581  0.0
 1.25308455  -0.03091225  0.0
 1.25326762  -0.03058352  0.0
 1.25353696  -0.03015290  0.0
 1.25382782  -0.02973652  0.0
 1.25413945  -0.02933546  0.0
 1.25447105  -0.02895074  0.0
 1.25482177  -0.02858335  0.0
 1.25519069  -0.02823426  0.0
 1.25557686  -0.02790435  0.0
 1.25583835  -0.02770301  0.0
 1.25885589  -0.03168430  0.0
;;

