# exterior:
# ---------
 0.75000000  -0.11837731  0.0
 0.63131286  -0.13559367  0.0
 0.62883241  -0.13592416  0.0
 0.45062939  -0.15926660  0.0
 0.27289159  -0.17879596  0.0
 0.27012563  -0.17907356  0.0
 0.09576071  -0.19273550  0.0
 0.08982901  -0.19306790  0.0
-0.08118380  -0.19863407  0.0
-0.09050790  -0.19873592  0.0
-0.25836168  -0.19765898  0.0
-0.27100910  -0.19738489  0.0
-0.43583994  -0.19156210  0.0
-0.45152982  -0.19076976  0.0
-0.61364693  -0.18015518  0.0
-0.63202115  -0.17866895  0.0
-0.75000000  -0.16705443  0.0
-0.74500000  -0.16252249  0.0
-0.63157463  -0.17368874  0.0
-0.61328201  -0.17516837  0.0
-0.45124038  -0.18577800  0.0
-0.43562558  -0.18656656  0.0
-0.27086666  -0.19238680  0.0
-0.25829147  -0.19265933  0.0
-0.09051917  -0.19373574  0.0
-0.08129245  -0.19363496  0.0
 0.08960777  -0.18807245  0.0
 0.09542552  -0.18774644  0.0
 0.26968064  -0.17409310  0.0
 0.27236887  -0.17382331  0.0
 0.45003158  -0.15430219  0.0
 0.62817753  -0.13096723  0.0
 0.63062377  -0.13064130  0.0
 0.74500000  -0.11405026  0.0
 0.75000000  -0.11837731  0.0
;;

