# exterior:
# ---------
 1.97022585   0.03769785  0.0
 1.89962979   0.03645426  0.0
 1.89953438   0.03645213  0.0
 1.89945806   0.03645005  0.0
 1.89936267   0.03644701  0.0
 1.89914905   0.03643916  0.0
 1.89905369   0.03643521  0.0
 1.89897743   0.03643168  0.0
 1.89888211   0.03642681  0.0
 1.89473474   0.03619519  0.0
 1.89468659   0.03619239  0.0
 1.89464807   0.03619005  0.0
 1.89459993   0.03618701  0.0
 1.89449211   0.03617995  0.0
 1.89444399   0.03617668  0.0
 1.89440550   0.03617397  0.0
 1.89435739   0.03617047  0.0
 1.71755476   0.02287064  0.0
 1.71751007   0.02286718  0.0
 1.71747432   0.02286433  0.0
 1.71742964   0.02286066  0.0
 1.71732958   0.02285223  0.0
 1.71728491   0.02284837  0.0
 1.71724919   0.02284520  0.0
 1.71720455   0.02284114  0.0
 1.71138519   0.02229829  0.0
 1.71133925   0.02229389  0.0
 1.71130250   0.02229029  0.0
 1.71125658   0.02228569  0.0
 1.71115374   0.02227514  0.0
 1.71110783   0.02227032  0.0
 1.71107112   0.02226638  0.0
 1.71102524   0.02226135  0.0
 1.53589459   0.00265723  0.0
 1.53586790   0.00265421  0.0
 1.53584655   0.00265176  0.0
 1.53581986   0.00264866  0.0
 1.53576009   0.00264165  0.0
 1.53573341   0.00263848  0.0
 1.53571207   0.00263591  0.0
 1.53568540   0.00263267  0.0
 1.52879121   0.00178583  0.0
 1.52875959   0.00178189  0.0
 1.52873429   0.00177870  0.0
 1.52870269   0.00177467  0.0
 1.52863190   0.00176552  0.0
 1.52860030   0.00176138  0.0
 1.52857503   0.00175803  0.0
 1.52854345   0.00175379  0.0
 1.35448765  -0.02188190  0.0
 1.35446329  -0.02188524  0.0
 1.35444381  -0.02188793  0.0
 1.35441946  -0.02189133  0.0
 1.35436492  -0.02189901  0.0
 1.35434058  -0.02190246  0.0
 1.35432111  -0.02190525  0.0
 1.35429678  -0.02190877  0.0
 1.34697554  -0.02297638  0.0
 1.34696112  -0.02297849  0.0
 1.34693515  -0.02298232  0.0
 1.34692072  -0.02298445  0.0
 1.26187500  -0.03566766  0.0
 1.25885589  -0.03168430  0.0
 1.25924222  -0.03141695  0.0
 1.25968704  -0.03117179  0.0
 1.26015444  -0.03097301  0.0
 1.26063959  -0.03082268  0.0
 1.26113749  -0.03072235  0.0
 1.34618321  -0.01803914  0.0
 1.34618833  -0.01803838  0.0
 1.34620275  -0.01803625  0.0
 1.34623223  -0.01803190  0.0
 1.34625116  -0.01802913  0.0
 1.35357530  -0.01696110  0.0
 1.35358138  -0.01696022  0.0
 1.35360571  -0.01695670  0.0
 1.35361179  -0.01695582  0.0
 1.35363126  -0.01695303  0.0
 1.35363735  -0.01695216  0.0
 1.35366169  -0.01694871  0.0
 1.35366778  -0.01694785  0.0
 1.35372231  -0.01694017  0.0
 1.35372840  -0.01693931  0.0
 1.35375275  -0.01693592  0.0
 1.35375883  -0.01693507  0.0
 1.35377832  -0.01693238  0.0
 1.35378441  -0.01693154  0.0
 1.35380876  -0.01692820  0.0
 1.35381485  -0.01692737  0.0
 1.52787066   0.00670832  0.0
 1.52787855   0.00670939  0.0
 1.52791013   0.00671362  0.0
 1.52791803   0.00671468  0.0
 1.52794330   0.00671803  0.0
 1.52795120   0.00671907  0.0
 1.52798279   0.00672320  0.0
 1.52799069   0.00672423  0.0
 1.52806148   0.00673338  0.0
 1.52806938   0.00673440  0.0
 1.52810099   0.00673844  0.0
 1.52810889   0.00673944  0.0
 1.52813418   0.00674263  0.0
 1.52814209   0.00674362  0.0
 1.52817371   0.00674755  0.0
 1.52818161   0.00674853  0.0
 1.53507581   0.00759538  0.0
 1.53508248   0.00759619  0.0
 1.53510915   0.00759943  0.0
 1.53511581   0.00760023  0.0
 1.53513715   0.00760280  0.0
 1.53514382   0.00760359  0.0
 1.53517050   0.00760676  0.0
 1.53517717   0.00760755  0.0
 1.53523694   0.00761457  0.0
 1.53524361   0.00761534  0.0
 1.53527030   0.00761844  0.0
 1.53527697   0.00761921  0.0
 1.53529833   0.00762166  0.0
 1.53530500   0.00762242  0.0
 1.53533169   0.00762544  0.0
 1.53533837   0.00762620  0.0
 1.71046902   0.02723032  0.0
 1.71048048   0.02723159  0.0
 1.71052636   0.02723662  0.0
 1.71053784   0.02723786  0.0
 1.71057455   0.02724180  0.0
 1.71058602   0.02724302  0.0
 1.71063192   0.02724783  0.0
 1.71064340   0.02724902  0.0
 1.71074624   0.02725958  0.0
 1.71075772   0.02726074  0.0
 1.71080365   0.02726535  0.0
 1.71081513   0.02726648  0.0
 1.71085188   0.02727008  0.0
 1.71086336   0.02727119  0.0
 1.71090930   0.02727559  0.0
 1.71092079   0.02727667  0.0
 1.71674014   0.02781952  0.0
 1.71675130   0.02782055  0.0
 1.71679595   0.02782461  0.0
 1.71680711   0.02782562  0.0
 1.71684283   0.02782879  0.0
 1.71685400   0.02782977  0.0
 1.71689866   0.02783363  0.0
 1.71690983   0.02783458  0.0
 1.71700989   0.02784301  0.0
 1.71702106   0.02784394  0.0
 1.71706574   0.02784761  0.0
 1.71707691   0.02784851  0.0
 1.71711266   0.02785136  0.0
 1.71712383   0.02785224  0.0
 1.71716853   0.02785570  0.0
 1.71717970   0.02785655  0.0
 1.89398233   0.04115638  0.0
 1.89399435   0.04115727  0.0
 1.89404246   0.04116077  0.0
 1.89405449   0.04116163  0.0
 1.89409298   0.04116434  0.0
 1.89410501   0.04116517  0.0
 1.89415314   0.04116844  0.0
 1.89416517   0.04116925  0.0
 1.89427298   0.04117631  0.0
 1.89428502   0.04117708  0.0
 1.89433316   0.04118012  0.0
 1.89434519   0.04118087  0.0
 1.89438371   0.04118321  0.0
 1.89439575   0.04118392  0.0
 1.89444390   0.04118673  0.0
 1.89445594   0.04118741  0.0
 1.89860332   0.04141903  0.0
 1.89862714   0.04142030  0.0
 1.89872245   0.04142517  0.0
 1.89874628   0.04142633  0.0
 1.89882255   0.04142986  0.0
 1.89884639   0.04143091  0.0
 1.89894174   0.04143486  0.0
 1.89896558   0.04143579  0.0
 1.89917920   0.04144364  0.0
 1.89920305   0.04144446  0.0
 1.89929844   0.04144750  0.0
 1.89932229   0.04144821  0.0
 1.89939861   0.04145028  0.0
 1.89942246   0.04145087  0.0
 1.89951787   0.04145301  0.0
 1.89954173   0.04145349  0.0
 1.97022585   0.04269862  0.0
 1.97022585   0.03769785  0.0
;;

