# exterior:
# ---------
-0.74500000   0.32545426  0.0
-0.64771281   0.34850892  0.0
-0.62966277   0.35220105  0.0
-0.46516323   0.38113384  0.0
-0.44976300   0.38339343  0.0
-0.28213603   0.40388169  0.0
-0.26976187   0.40509716  0.0
-0.09893224   0.41741551  0.0
-0.08989024   0.41782760  0.0
 0.08417914   0.42028705  0.0
 0.08982927   0.42018913  0.0
 0.26724702   0.41156593  0.0
 0.26976655   0.41138314  0.0
 0.45009911   0.39383678  0.0
 0.63054450   0.36919516  0.0
 0.63281009   0.36885516  0.0
 0.74500000   0.34980516  0.0
 0.74500000   0.34980516  0.0
 0.74000000   0.34558260  0.0
 0.63202048   0.36391767  0.0
 0.62983518   0.36424561  0.0
 0.44951852   0.38886966  0.0
 0.26934348   0.40640069  0.0
 0.26694471   0.40657472  0.0
 0.08966454   0.41519123  0.0
 0.08417113   0.41528644  0.0
-0.08974106   0.41282921  0.0
-0.09863857   0.41242371  0.0
-0.26933760   0.40011477  0.0
-0.28158826   0.39891143  0.0
-0.44909667   0.37843766  0.0
-0.46436708   0.37619712  0.0
-0.62872853   0.34728862  0.0
-0.64663508   0.34362584  0.0
-0.74000000   0.32150066  0.0
-0.74500000   0.32545426  0.0
;;

