# exterior:
# ---------
 0.74500000  -0.11405026  0.0
 0.63062377  -0.13064130  0.0
 0.62817753  -0.13096723  0.0
 0.45003158  -0.15430219  0.0
 0.27236887  -0.17382331  0.0
 0.26968064  -0.17409310  0.0
 0.09542552  -0.18774644  0.0
 0.08960777  -0.18807245  0.0
-0.08129245  -0.19363496  0.0
-0.09051917  -0.19373574  0.0
-0.25829147  -0.19265933  0.0
-0.27086666  -0.19238680  0.0
-0.43562558  -0.18656656  0.0
-0.45124038  -0.18577800  0.0
-0.61328201  -0.17516837  0.0
-0.63157463  -0.17368874  0.0
-0.74500000  -0.16252249  0.0
-0.74000000  -0.15799054  0.0
-0.63112811  -0.16870853  0.0
-0.61291709  -0.17018156  0.0
-0.45095094  -0.18078625  0.0
-0.43541121  -0.18157101  0.0
-0.27072423  -0.18738872  0.0
-0.25822126  -0.18765968  0.0
-0.09053043  -0.18873557  0.0
-0.08140109  -0.18863585  0.0
 0.08938654  -0.18307700  0.0
 0.09509032  -0.18275738  0.0
 0.26923566  -0.16911265  0.0
 0.27184616  -0.16885065  0.0
 0.44943377  -0.14933779  0.0
 0.62752265  -0.12601030  0.0
 0.62993468  -0.12568892  0.0
 0.74000000  -0.10972322  0.0
 0.74500000  -0.11405026  0.0
;;

