# exterior:
# ---------
 1.25944388   0.23695936  0.0
 1.25980311   0.23677465  0.0
 1.26024549   0.23659816  0.0
 1.26070266   0.23646456  0.0
 1.35130092   0.21461312  0.0
 1.35846378   0.21284984  0.0
 1.53194525   0.16856555  0.0
 1.53875387   0.16679995  0.0
 1.71276109   0.12104685  0.0
 1.71855358   0.11951948  0.0
 1.89363752   0.07306030  0.0
 1.89775932   0.07195611  0.0
 1.89777204   0.07195271  0.0
 1.89778273   0.07194986  0.0
 1.89779546   0.07194647  0.0
 1.89782081   0.07193974  0.0
 1.89783354   0.07193637  0.0
 1.89784424   0.07193354  0.0
 1.89785697   0.07193018  0.0
 1.97022585   0.05286991  0.0
 1.97022585   0.04769940  0.0
 1.89658123   0.06709567  0.0
 1.89656599   0.06709969  0.0
 1.89655270   0.06710321  0.0
 1.89653730   0.06710729  0.0
 1.89650953   0.06711467  0.0
 1.89649430   0.06711872  0.0
 1.89648102   0.06712226  0.0
 1.89646550   0.06712641  0.0
 1.89234941   0.06822906  0.0
 1.71727497   0.11468573  0.0
 1.71148793   0.11621166  0.0
 1.53749059   0.16196216  0.0
 1.53069937   0.16372325  0.0
 1.35724783   0.20799990  0.0
 1.35011716   0.20975525  0.0
 1.25953033   0.23160394  0.0
 1.25930015   0.23166529  0.0
 1.25884298   0.23179889  0.0
 1.25839269   0.23195412  0.0
 1.25795030   0.23213061  0.0
 1.25751683   0.23232798  0.0
 1.25709324   0.23254577  0.0
 1.25701216   0.23259247  0.0
 1.25944388   0.23695936  0.0
;;

