# exterior:
# ---------
-0.83600000  -0.16631003  0.0
-0.97245830  -0.14719705  0.0
-0.99425676  -0.14355438  0.0
-1.06274488  -0.13095317  0.0
-1.08450079  -0.12650702  0.0
-1.15371207  -0.11030165  0.0
-1.17458093  -0.10464400  0.0
-1.24605285  -0.08156144  0.0
-1.26444241  -0.07444588  0.0
-1.29306496  -0.06094710  0.0
-1.30880246  -0.05140879  0.0
-1.31237259  -0.04885442  0.0
-1.32268942  -0.04049934  0.0
-1.32605310  -0.03741038  0.0
-1.33449761  -0.02851324  0.0
-1.35137953   0.00122256  0.0
-1.34625536   0.05386520  0.0
-1.33947917   0.06555054  0.0
-1.33456852   0.07250385  0.0
-1.32573156   0.08332736  0.0
-1.32399701   0.08525102  0.0
-1.30811398   0.10110205  0.0
-1.28192715   0.12282432  0.0
-1.26350513   0.13634710  0.0
-1.19445005   0.17949031  0.0
-1.17363568   0.19072608  0.0
-1.10527037   0.22341171  0.0
-1.08356057   0.23277334  0.0
-1.01515083   0.25984257  0.0
-0.99342287   0.26777528  0.0
-0.83600000   0.31734421  0.0
-0.83600000   0.30686018  0.0
-0.99020479   0.25830456  0.0
-1.01159576   0.25049487  0.0
-1.07974016   0.22353064  0.0
-1.10113226   0.21430600  0.0
-1.16910117   0.18180990  0.0
-1.18942062   0.17084129  0.0
-1.25788929   0.12806445  0.0
-1.27577081   0.11493843  0.0
-1.30137556   0.09369900  0.0
-1.31674667   0.07835885  0.0
-1.31814061   0.07681295  0.0
-1.32660160   0.06644992  0.0
-1.33105282   0.06014715  0.0
-1.33651318   0.05073091  0.0
-1.34111976   0.00340571  0.0
-1.32640407  -0.02251452  0.0
-1.31903632  -0.03027718  0.0
-1.31615442  -0.03292370  0.0
-1.30631102  -0.04089537  0.0
-1.30329346  -0.04305439  0.0
-1.28832774  -0.05212493  0.0
-1.26050028  -0.06524874  0.0
-1.24270919  -0.07213273  0.0
-1.17173436  -0.09505474  0.0
-1.15126314  -0.10060459  0.0
-1.08235933  -0.11673797  0.0
-1.06083879  -0.12113602  0.0
-0.99252777  -0.13370464  0.0
-0.97094037  -0.13731205  0.0
-0.83600000  -0.15621242  0.0
-0.83600000  -0.16631003  0.0
;;

