# exterior:
# ---------
-0.75000000   0.33865711  0.0
-0.65073046   0.36218154  0.0
-0.63227865   0.36595586  0.0
-0.46739244   0.39495665  0.0
-0.45162871   0.39726957  0.0
-0.28366980   0.41779841  0.0
-0.27094982   0.41904785  0.0
-0.09975453   0.43139257  0.0
-0.09030793   0.43182309  0.0
 0.08420155   0.43428876  0.0
 0.09029050   0.43418324  0.0
 0.26809350   0.42554132  0.0
 0.27095116   0.42533399  0.0
 0.45172475   0.40774472  0.0
 0.63253057   0.38305388  0.0
 0.63502099   0.38268014  0.0
 0.75000000   0.36315654  0.0
 0.75000000   0.35402772  0.0
 0.63359970   0.37379265  0.0
 0.63125381   0.37414470  0.0
 0.45067969   0.39880390  0.0
 0.27018963   0.41636558  0.0
 0.26754933   0.41655714  0.0
 0.08999400   0.42518702  0.0
 0.08418714   0.42528766  0.0
-0.09003941   0.42282599  0.0
-0.09922591   0.42240732  0.0
-0.27018614   0.41007955  0.0
-0.28268381   0.40885194  0.0
-0.45042932   0.38834919  0.0
-0.46595937   0.38607056  0.0
-0.63059701   0.35711348  0.0
-0.64879054   0.35339200  0.0
-0.75000000   0.32940786  0.0
-0.75000000   0.33865711  0.0
;;

