# exterior:
# ---------
 0.75000000  -0.12747150  0.0
 0.63255322  -0.14450794  0.0
 0.63001119  -0.14484664  0.0
 0.45170545  -0.16820253  0.0
 0.27383247  -0.18774675  0.0
 0.27092661  -0.18803839  0.0
 0.09636407  -0.20171581  0.0
 0.09022722  -0.20205970  0.0
-0.08098824  -0.20763248  0.0
-0.09048762  -0.20773623  0.0
-0.25848806  -0.20665836  0.0
-0.27126547  -0.20638145  0.0
-0.43622579  -0.20055409  0.0
-0.45205082  -0.19975491  0.0
-0.61430378  -0.18913145  0.0
-0.63282489  -0.18763333  0.0
-0.75000000  -0.17609793  0.0
-0.75000000  -0.16705443  0.0
-0.63202115  -0.17866895  0.0
-0.61364693  -0.18015518  0.0
-0.45152982  -0.19076976  0.0
-0.43583994  -0.19156210  0.0
-0.27100910  -0.19738489  0.0
-0.25836168  -0.19765898  0.0
-0.09050790  -0.19873592  0.0
-0.08118380  -0.19863407  0.0
 0.08982901  -0.19306790  0.0
 0.09576071  -0.19273550  0.0
 0.27012563  -0.17907356  0.0
 0.27289159  -0.17879596  0.0
 0.45062939  -0.15926660  0.0
 0.62883241  -0.13592416  0.0
 0.63131286  -0.13559367  0.0
 0.75000000  -0.11837731  0.0
 0.75000000  -0.12747150  0.0
;;

