# exterior:
# ---------
 2.22761564   0.00940859  0.0
 2.08153830   0.02550339  0.0
 2.08112667   0.02553344  0.0
 2.07911813   0.02560582  0.0
 2.07881782   0.02560858  0.0
 2.04262137   0.02497096  0.0
 2.04262137   0.02897158  0.0
 2.07874737   0.02960796  0.0
 2.07885464   0.02960841  0.0
 2.07915494   0.02960565  0.0
 2.07926218   0.02960322  0.0
 2.08127072   0.02953084  0.0
 2.08141793   0.02952282  0.0
 2.08182955   0.02949277  0.0
 2.08197637   0.02947933  0.0
 2.16039813   0.02083882  0.0
 2.22761564   0.00940859  0.0
;;

