# exterior:
# ---------
 2.16039813   0.02083882  0.0
 2.08197637   0.02947933  0.0
 2.08182955   0.02949277  0.0
 2.08141793   0.02952282  0.0
 2.08127072   0.02953084  0.0
 2.07926218   0.02960322  0.0
 2.07915494   0.02960565  0.0
 2.07885464   0.02960841  0.0
 2.07874737   0.02960796  0.0
 1.89980592   0.02645581  0.0
 1.89972960   0.02645374  0.0
 1.89951598   0.02644590  0.0
 1.89943971   0.02644237  0.0
 1.89529233   0.02621075  0.0
 1.89525382   0.02620841  0.0
 1.89514600   0.02620135  0.0
 1.89510751   0.02619864  0.0
 1.71830488   0.01289881  0.0
 1.71826913   0.01289596  0.0
 1.71816907   0.01288753  0.0
 1.71813335   0.01288436  0.0
 1.71231400   0.01234151  0.0
 1.71227725   0.01233791  0.0
 1.71217441   0.01232736  0.0
 1.71213769   0.01232342  0.0
 1.53700705  -0.00728070  0.0
 1.53698569  -0.00728315  0.0
 1.53692592  -0.00729016  0.0
 1.53690458  -0.00729273  0.0
 1.53001039  -0.00813957  0.0
 1.52998510  -0.00814276  0.0
 1.52991431  -0.00815191  0.0
 1.52988904  -0.00815526  0.0
 1.35583324  -0.03179095  0.0
 1.35581375  -0.03179365  0.0
 1.35575922  -0.03180133  0.0
 1.35573975  -0.03180412  0.0
 1.34841851  -0.03287172  0.0
 1.34841210  -0.03287266  0.0
 1.34839415  -0.03287531  0.0
 1.34838774  -0.03287626  0.0
 1.26187500  -0.04577825  0.0
 1.26187500  -0.03566766  0.0
 1.34692072  -0.02298445  0.0
 1.34693515  -0.02298232  0.0
 1.34696112  -0.02297849  0.0
 1.34697554  -0.02297638  0.0
 1.35429678  -0.02190877  0.0
 1.35432111  -0.02190525  0.0
 1.35434058  -0.02190246  0.0
 1.35436492  -0.02189901  0.0
 1.35441946  -0.02189133  0.0
 1.35444381  -0.02188793  0.0
 1.35446329  -0.02188524  0.0
 1.35448765  -0.02188190  0.0
 1.52854345   0.00175379  0.0
 1.52857503   0.00175803  0.0
 1.52860030   0.00176138  0.0
 1.52863190   0.00176552  0.0
 1.52870269   0.00177467  0.0
 1.52873429   0.00177870  0.0
 1.52875959   0.00178189  0.0
 1.52879121   0.00178583  0.0
 1.53568540   0.00263267  0.0
 1.53571207   0.00263591  0.0
 1.53573341   0.00263848  0.0
 1.53576009   0.00264165  0.0
 1.53581986   0.00264866  0.0
 1.53584655   0.00265176  0.0
 1.53586790   0.00265421  0.0
 1.53589459   0.00265723  0.0
 1.71102524   0.02226135  0.0
 1.71107112   0.02226638  0.0
 1.71110783   0.02227032  0.0
 1.71115374   0.02227514  0.0
 1.71125658   0.02228569  0.0
 1.71130250   0.02229029  0.0
 1.71133925   0.02229389  0.0
 1.71138519   0.02229829  0.0
 1.71720455   0.02284114  0.0
 1.71724919   0.02284520  0.0
 1.71728491   0.02284837  0.0
 1.71732958   0.02285223  0.0
 1.71742964   0.02286066  0.0
 1.71747432   0.02286433  0.0
 1.71751007   0.02286718  0.0
 1.71755476   0.02287064  0.0
 1.89435739   0.03617047  0.0
 1.89440550   0.03617397  0.0
 1.89444399   0.03617668  0.0
 1.89449211   0.03617995  0.0
 1.89459993   0.03618701  0.0
 1.89464807   0.03619005  0.0
 1.89468659   0.03619239  0.0
 1.89473474   0.03619519  0.0
 1.89888211   0.03642681  0.0
 1.89897743   0.03643168  0.0
 1.89905369   0.03643521  0.0
 1.89914905   0.03643916  0.0
 1.89936267   0.03644701  0.0
 1.89945806   0.03645005  0.0
 1.89953438   0.03645213  0.0
 1.89962979   0.03645426  0.0
 2.04262137   0.03897313  0.0
 1.89913043   0.07676529  0.0
 1.89912024   0.07676798  0.0
 1.89911209   0.07677013  0.0
 1.89910191   0.07677283  0.0
 1.89907910   0.07677889  0.0
 1.89906892   0.07678160  0.0
 1.89906077   0.07678378  0.0
 1.89905060   0.07678650  0.0
 1.89492562   0.07789153  0.0
 1.71983219   0.12435323  0.0
 1.71403424   0.12588205  0.0
 1.54001715   0.17163774  0.0
 1.53319113   0.17340785  0.0
 1.35967973   0.21769978  0.0
 1.35248467   0.21947098  0.0
 1.26187500   0.24132518  0.0
 1.26187500   0.25161193  0.0
 1.35485219   0.22918671  0.0
 1.36211162   0.22739966  0.0
 1.53568290   0.18309244  0.0
 1.54254370   0.18131332  0.0
 1.71658055   0.13555243  0.0
 1.72238942   0.13402074  0.0
 1.89750184   0.08755400  0.0
 1.90163824   0.08644590  0.0
 1.90164638   0.08644373  0.0
 1.90166919   0.08643767  0.0
 1.90167734   0.08643552  0.0
 2.07841897   0.03988591  0.0
 2.08036674   0.03934544  0.0
 2.08045088   0.03932308  0.0
 2.08068712   0.03926303  0.0
 2.08077173   0.03924251  0.0
 2.16039813   0.02083882  0.0
;;

