# exterior:
# ---------
 0.84100000  -0.14617160  0.0
 0.84100000   0.47953514  0.0
 0.85143993   0.47807000  0.0
 0.85386648   0.47769564  0.0
 1.09527923   0.43556217  0.0
 1.10071522   0.43453659  0.0
 1.33945714   0.38595698  0.0
 1.34710791   0.38428519  0.0
 1.58409065   0.33027670  0.0
 1.59310563   0.32812326  0.0
 1.82906030   0.26963184  0.0
 1.83858171   0.26722207  0.0
 2.07373117   0.20552946  0.0
 2.07420146   0.20542997  0.0
 2.07467913   0.20537610  0.0
 2.07515977   0.20536834  0.0
 2.07563893   0.20540678  0.0
 2.07611219   0.20549105  0.0
 2.07657516   0.20562039  0.0
 2.07702358   0.20579358  0.0
 2.07745330   0.20600903  0.0
 2.07786033   0.20626475  0.0
 2.07824093   0.20655838  0.0
 2.07859158   0.20688720  0.0
 2.07890902   0.20724817  0.0
 2.07919034   0.20763796  0.0
 2.07943293   0.20805296  0.0
 2.07963454   0.20848934  0.0
 2.07979331   0.20894306  0.0
 2.07990778   0.20940994  0.0
 2.07997689   0.20988564  0.0
 2.08000000   0.21036579  0.0
 2.08000000   0.24627234  0.0
 2.08470939   0.24503681  0.0
 2.09399453   0.24256077  0.0
 2.33057235   0.17862893  0.0
 2.33845612   0.17649129  0.0
 2.57650363   0.11156835  0.0
 2.58212173   0.11002411  0.0
 2.58213855   0.11001950  0.0
 2.58214380   0.11001806  0.0
 2.58217819   0.11000868  0.0
 2.58219502   0.11000410  0.0
 2.58220100   0.11000248  0.0
 2.79638164   0.05202280  0.0
 2.58255429   0.04814800  0.0
 2.58253021   0.04814751  0.0
 2.58243389   0.04814530  0.0
 2.58240981   0.04814469  0.0
 2.58233276   0.04814255  0.0
 2.58230869   0.04814182  0.0
 2.58221239   0.04813868  0.0
 2.58218832   0.04813784  0.0
 2.58197266   0.04812978  0.0
 2.58194859   0.04812882  0.0
 2.58185233   0.04812475  0.0
 2.58182827   0.04812368  0.0
 2.58175128   0.04812005  0.0
 2.58172722   0.04811886  0.0
 2.58163100   0.04811387  0.0
 2.58160695   0.04811257  0.0
 2.57596863   0.04779277  0.0
 2.57595584   0.04779202  0.0
 2.57590468   0.04778899  0.0
 2.57589189   0.04778822  0.0
 2.57585097   0.04778568  0.0
 2.57583818   0.04778488  0.0
 2.57578704   0.04778158  0.0
 2.57577425   0.04778074  0.0
 2.57565971   0.04777307  0.0
 2.57564693   0.04777219  0.0
 2.57559580   0.04776863  0.0
 2.57558302   0.04776773  0.0
 2.57554213   0.04776478  0.0
 2.57552935   0.04776384  0.0
 2.57547824   0.04776002  0.0
 2.57546546   0.04775905  0.0
 2.33510378   0.02917621  0.0
 2.33509198   0.02917528  0.0
 2.33504479   0.02917152  0.0
 2.33503299   0.02917057  0.0
 2.33499524   0.02916747  0.0
 2.33498345   0.02916649  0.0
 2.33493627   0.02916250  0.0
 2.33492448   0.02916149  0.0
 2.33481883   0.02915232  0.0
 2.33480704   0.02915128  0.0
 2.33475988   0.02914707  0.0
 2.33474809   0.02914601  0.0
 2.33471038   0.02914255  0.0
 2.33469859   0.02914146  0.0
 2.33465145   0.02913703  0.0
 2.33463967   0.02913590  0.0
 2.32672831   0.02837330  0.0
 2.32671684   0.02837218  0.0
 2.32667096   0.02836766  0.0
 2.32665950   0.02836651  0.0
 2.32662280   0.02836280  0.0
 2.32661134   0.02836163  0.0
 2.32656548   0.02835689  0.0
 2.32655402   0.02835569  0.0
 2.32645133   0.02834484  0.0
 2.32643987   0.02834361  0.0
 2.32639404   0.02833866  0.0
 2.32638258   0.02833741  0.0
 2.32634592   0.02833336  0.0
 2.32633447   0.02833209  0.0
 2.32628866   0.02832692  0.0
 2.32627721   0.02832562  0.0
 2.08818857   0.00093598  0.0
 2.08818155   0.00093517  0.0
 2.08815348   0.00093190  0.0
 2.08814646   0.00093107  0.0
 2.08812401   0.00092843  0.0
 2.08811699   0.00092759  0.0
 2.08808893   0.00092425  0.0
 2.08808191   0.00092340  0.0
 2.08801906   0.00091581  0.0
 2.08801205   0.00091496  0.0
 2.08798400   0.00091153  0.0
 2.08797699   0.00091067  0.0
 2.08795455   0.00090790  0.0
 2.08794754   0.00090702  0.0
 2.08791949   0.00090352  0.0
 2.08791248   0.00090264  0.0
 2.08000000  -0.00009837  0.0
 2.08000000   0.03555603  0.0
 2.07997512   0.03605421  0.0
 2.07990073   0.03654743  0.0
 2.07977756   0.03703079  0.0
 2.07960684   0.03749947  0.0
 2.07939028   0.03794881  0.0
 2.07913003   0.03837434  0.0
 2.07882867   0.03877182  0.0
 2.07848921   0.03913729  0.0
 2.07811502   0.03946712  0.0
 2.07770983   0.03975803  0.0
 2.07727767   0.04000712  0.0
 2.07682285   0.04021191  0.0
 2.07634988   0.04037036  0.0
 2.07586348   0.04048090  0.0
 2.07536848   0.04054243  0.0
 2.07486982   0.04055433  0.0
 2.07437246   0.04051649  0.0
 2.07339402   0.04039271  0.0
 2.07337813   0.04039067  0.0
 2.07302848   0.04034530  0.0
 2.07301259   0.04034321  0.0
 2.07294142   0.04033374  0.0
 2.07292554   0.04033161  0.0
 2.07257620   0.04028399  0.0
 2.07256032   0.04028180  0.0
 1.83593292   0.00725876  0.0
 1.83592053   0.00725702  0.0
 1.83564797   0.00721828  0.0
 1.83563559   0.00721651  0.0
 1.83558010   0.00720848  0.0
 1.83556772   0.00720668  0.0
 1.83529536   0.00716658  0.0
 1.83528298   0.00716474  0.0
 1.82532559   0.00567334  0.0
 1.82522820   0.00565867  0.0
 1.82520500   0.00565515  0.0
 1.82510764   0.00564031  0.0
 1.58905689  -0.03054197  0.0
 1.58896699  -0.03055582  0.0
 1.58894557  -0.03055914  0.0
 1.58885569  -0.03057314  0.0
 1.57923457  -0.03207905  0.0
 1.57917751  -0.03208801  0.0
 1.57917141  -0.03208898  0.0
 1.34273784  -0.06951874  0.0
 1.34262814  -0.06953621  0.0
 1.34260201  -0.06954041  0.0
 1.34249234  -0.06955810  0.0
 1.33426038  -0.07089392  0.0
 1.09702735  -0.10813950  0.0
 1.09094073  -0.10905627  0.0
 0.85174104  -0.14472115  0.0
 0.84869379  -0.14513571  0.0
 0.84100000  -0.14617160  0.0
;;

# interior:
# ---------
 0.84600000  -0.14045329  0.0
 0.84802320  -0.14018088  0.0
 0.85103533  -0.13977110  0.0
 1.09019970  -0.10411149  0.0
 1.09626724  -0.10319759  0.0
 1.33347218  -0.06595642  0.0
 1.34169611  -0.06462190  0.0
 1.34181022  -0.06460350  0.0
 1.34183635  -0.06459930  0.0
 1.34184145  -0.06459849  0.0
 1.34195603  -0.06458024  0.0
 1.57839265  -0.02715000  0.0
 1.57840179  -0.02714855  0.0
 1.57846137  -0.02713920  0.0
 1.58808631  -0.02563269  0.0
 1.58817983  -0.02561812  0.0
 1.58820543  -0.02561416  0.0
 1.58829933  -0.02559969  0.0
 1.82435422   0.01058322  0.0
 1.82445552   0.01059866  0.0
 1.82448325   0.01060286  0.0
 1.82458496   0.01061819  0.0
 1.83454235   0.01210958  0.0
 1.83454854   0.01211051  0.0
 1.83456092   0.01211234  0.0
 1.83456711   0.01211326  0.0
 1.83483947   0.01215336  0.0
 1.83484566   0.01215426  0.0
 1.83485804   0.01215607  0.0
 1.83486424   0.01215697  0.0
 1.83491972   0.01216500  0.0
 1.83492591   0.01216589  0.0
 1.83493830   0.01216767  0.0
 1.83494449   0.01216855  0.0
 1.83521705   0.01220728  0.0
 1.83522325   0.01220816  0.0
 1.83523564   0.01220990  0.0
 1.83524183   0.01221077  0.0
 2.07186923   0.04523381  0.0
 2.07187717   0.04523491  0.0
 2.07189305   0.04523710  0.0
 2.07190099   0.04523819  0.0
 2.07225033   0.04528580  0.0
 2.07225827   0.04528688  0.0
 2.07227415   0.04528902  0.0
 2.07228210   0.04529008  0.0
 2.07235326   0.04529955  0.0
 2.07236121   0.04530060  0.0
 2.07237710   0.04530269  0.0
 2.07238504   0.04530373  0.0
 2.07273469   0.04534910  0.0
 2.07274263   0.04535012  0.0
 2.07275853   0.04535216  0.0
 2.07276648   0.04535317  0.0
 2.07374491   0.04547695  0.0
 2.07399312   0.04550208  0.0
 2.07449049   0.04553992  0.0
 2.07498912   0.04555291  0.0
 2.07548779   0.04554101  0.0
 2.07598523   0.04550425  0.0
 2.07648023   0.04544272  0.0
 2.07697154   0.04535658  0.0
 2.07745794   0.04524604  0.0
 2.07793822   0.04511137  0.0
 2.07841119   0.04495292  0.0
 2.07887566   0.04477107  0.0
 2.07933049   0.04456628  0.0
 2.07977453   0.04433906  0.0
 2.08020669   0.04408997  0.0
 2.08062588   0.04381963  0.0
 2.08103107   0.04352873  0.0
 2.08142125   0.04321797  0.0
 2.08179543   0.04288814  0.0
 2.08215270   0.04254005  0.0
 2.08249216   0.04217458  0.0
 2.08281297   0.04179263  0.0
 2.08311433   0.04139515  0.0
 2.08339549   0.04098314  0.0
 2.08365575   0.04055761  0.0
 2.08389445   0.04011963  0.0
 2.08411101   0.03967029  0.0
 2.08430489   0.03921071  0.0
 2.08447561   0.03874203  0.0
 2.08462273   0.03826542  0.0
 2.08474590   0.03778206  0.0
 2.08484480   0.03729316  0.0
 2.08491920   0.03679993  0.0
 2.08496890   0.03630361  0.0
 2.08499378   0.03580543  0.0
 2.08500000   0.03555603  0.0
 2.08500000   0.00557403  0.0
 2.08728844   0.00586354  0.0
 2.08729896   0.00586486  0.0
 2.08733051   0.00586881  0.0
 2.08734102   0.00587011  0.0
 2.08736697   0.00587332  0.0
 2.08737749   0.00587461  0.0
 2.08740905   0.00587847  0.0
 2.08741957   0.00587974  0.0
 2.08748592   0.00588776  0.0
 2.08749645   0.00588902  0.0
 2.08752802   0.00589278  0.0
 2.08753854   0.00589403  0.0
 2.08756450   0.00589709  0.0
 2.08757503   0.00589832  0.0
 2.08760661   0.00590200  0.0
 2.08761714   0.00590322  0.0
 2.32570578   0.03329286  0.0
 2.32571150   0.03329351  0.0
 2.32572295   0.03329482  0.0
 2.32572868   0.03329547  0.0
 2.32577449   0.03330063  0.0
 2.32578022   0.03330127  0.0
 2.32579167   0.03330255  0.0
 2.32579740   0.03330318  0.0
 2.32583405   0.03330723  0.0
 2.32583978   0.03330786  0.0
 2.32585124   0.03330911  0.0
 2.32585697   0.03330973  0.0
 2.32590280   0.03331468  0.0
 2.32590853   0.03331530  0.0
 2.32591999   0.03331652  0.0
 2.32592572   0.03331713  0.0
 2.32602841   0.03332799  0.0
 2.32603414   0.03332859  0.0
 2.32604560   0.03332979  0.0
 2.32605134   0.03333039  0.0
 2.32609719   0.03333513  0.0
 2.32610292   0.03333571  0.0
 2.32611439   0.03333689  0.0
 2.32612012   0.03333747  0.0
 2.32615682   0.03334118  0.0
 2.32616255   0.03334175  0.0
 2.32617402   0.03334290  0.0
 2.32617975   0.03334347  0.0
 2.32622563   0.03334800  0.0
 2.32623136   0.03334856  0.0
 2.32624283   0.03334968  0.0
 2.32624857   0.03335024  0.0
 2.33415993   0.03411284  0.0
 2.33416582   0.03411340  0.0
 2.33417760   0.03411452  0.0
 2.33418350   0.03411508  0.0
 2.33423063   0.03411951  0.0
 2.33423652   0.03412006  0.0
 2.33424831   0.03412115  0.0
 2.33425420   0.03412170  0.0
 2.33429192   0.03412515  0.0
 2.33429781   0.03412569  0.0
 2.33430960   0.03412675  0.0
 2.33431550   0.03412728  0.0
 2.33436265   0.03413149  0.0
 2.33436855   0.03413201  0.0
 2.33438034   0.03413305  0.0
 2.33438623   0.03413357  0.0
 2.33449188   0.03414274  0.0
 2.33449778   0.03414325  0.0
 2.33450957   0.03414426  0.0
 2.33451547   0.03414476  0.0
 2.33456265   0.03414875  0.0
 2.33456854   0.03414924  0.0
 2.33458034   0.03415022  0.0
 2.33458624   0.03415071  0.0
 2.33462398   0.03415381  0.0
 2.33462988   0.03415429  0.0
 2.33464168   0.03415525  0.0
 2.33464758   0.03415572  0.0
 2.33469477   0.03415948  0.0
 2.33470067   0.03415995  0.0
 2.33471247   0.03416087  0.0
 2.33471837   0.03416133  0.0
 2.57508005   0.05274417  0.0
 2.57508644   0.05274466  0.0
 2.57509922   0.05274563  0.0
 2.57510561   0.05274612  0.0
 2.57515671   0.05274993  0.0
 2.57516310   0.05275041  0.0
 2.57517588   0.05275135  0.0
 2.57518227   0.05275181  0.0
 2.57522316   0.05275476  0.0
 2.57522955   0.05275522  0.0
 2.57524233   0.05275613  0.0
 2.57524872   0.05275657  0.0
 2.57529985   0.05276013  0.0
 2.57530624   0.05276057  0.0
 2.57531903   0.05276145  0.0
 2.57532542   0.05276188  0.0
 2.57543996   0.05276955  0.0
 2.57544635   0.05276998  0.0
 2.57545914   0.05277082  0.0
 2.57546553   0.05277123  0.0
 2.57551667   0.05277453  0.0
 2.57552307   0.05277494  0.0
 2.57553585   0.05277574  0.0
 2.57554225   0.05277614  0.0
 2.57558317   0.05277868  0.0
 2.57558956   0.05277907  0.0
 2.57560235   0.05277984  0.0
 2.57560875   0.05278023  0.0
 2.57565991   0.05278326  0.0
 2.57566630   0.05278363  0.0
 2.57567910   0.05278438  0.0
 2.57568549   0.05278474  0.0
 2.58132381   0.05310454  0.0
 2.58133584   0.05310521  0.0
 2.58135989   0.05310652  0.0
 2.58137191   0.05310715  0.0
 2.58146813   0.05311215  0.0
 2.58148016   0.05311276  0.0
 2.58150422   0.05311395  0.0
 2.58151625   0.05311453  0.0
 2.58159324   0.05311815  0.0
 2.58160527   0.05311870  0.0
 2.58162933   0.05311978  0.0
 2.58164136   0.05312030  0.0
 2.58173763   0.05312436  0.0
 2.58174966   0.05312486  0.0
 2.58177373   0.05312582  0.0
 2.58178576   0.05312628  0.0
 2.58200142   0.05313435  0.0
 2.58201345   0.05313478  0.0
 2.58203753   0.05313563  0.0
 2.58204956   0.05313603  0.0
 2.58214586   0.05313917  0.0
 2.58215790   0.05313955  0.0
 2.58218197   0.05314027  0.0
 2.58219401   0.05314062  0.0
 2.58227106   0.05314276  0.0
 2.58228310   0.05314308  0.0
 2.58230718   0.05314369  0.0
 2.58231922   0.05314398  0.0
 2.58241554   0.05314619  0.0
 2.58242758   0.05314645  0.0
 2.58245166   0.05314695  0.0
 2.58246370   0.05314718  0.0
 2.76113275   0.05638487  0.0
 2.58089151   0.10517700  0.0
 2.58088255   0.10517943  0.0
 2.58086186   0.10518506  0.0
 2.58082461   0.10519523  0.0
 2.58081673   0.10519738  0.0
 2.58079654   0.10520292  0.0
 2.57518323   0.10674584  0.0
 2.33714408   0.17166650  0.0
 2.32926591   0.17380262  0.0
 2.09269817   0.23773174  0.0
 2.08500000   0.23978459  0.0
 2.08500000   0.21036579  0.0
 2.08499422   0.21012544  0.0
 2.08497111   0.20964529  0.0
 2.08492495   0.20916681  0.0
 2.08485584   0.20869111  0.0
 2.08476395   0.20821927  0.0
 2.08464948   0.20775240  0.0
 2.08451269   0.20729157  0.0
 2.08435392   0.20683784  0.0
 2.08417352   0.20639228  0.0
 2.08397191   0.20595590  0.0
 2.08374955   0.20552972  0.0
 2.08350696   0.20511472  0.0
 2.08324471   0.20471186  0.0
 2.08296339   0.20432207  0.0
 2.08266367   0.20394625  0.0
 2.08234622   0.20358528  0.0
 2.08201179   0.20323999  0.0
 2.08166114   0.20291117  0.0
 2.08129510   0.20259958  0.0
 2.08091450   0.20230596  0.0
 2.08052022   0.20203096  0.0
 2.08011318   0.20177524  0.0
 2.07969432   0.20153938  0.0
 2.07926461   0.20132393  0.0
 2.07882504   0.20112938  0.0
 2.07837662   0.20095619  0.0
 2.07792040   0.20080475  0.0
 2.07745742   0.20067542  0.0
 2.07698876   0.20056849  0.0
 2.07651550   0.20048422  0.0
 2.07603874   0.20042279  0.0
 2.07555958   0.20038435  0.0
 2.07507913   0.20036899  0.0
 2.07459849   0.20037675  0.0
 2.07411878   0.20040759  0.0
 2.07364110   0.20046147  0.0
 2.07316657   0.20053824  0.0
 2.07269628   0.20063773  0.0
 2.07246233   0.20069314  0.0
 1.83733388   0.26238023  0.0
 1.82784539   0.26478167  0.0
 1.59192324   0.32326502  0.0
 1.58295427   0.32540748  0.0
 1.34601870   0.37940523  0.0
 1.33842491   0.38106456  0.0
 1.09975320   0.42962988  0.0
 1.09438588   0.43064250  0.0
 0.85305540   0.47276162  0.0
 0.85071127   0.47312327  0.0
 0.84600000   0.47378445  0.0
 0.84600000  -0.14045329  0.0
;;

