# exterior:
# ---------
-0.83600000  -0.26642646  0.0
-0.86048588  -0.26438875  0.0
-1.07818152  -0.24236248  0.0
-1.10626582  -0.23897688  0.0
-1.32233145  -0.20787295  0.0
-1.35200574  -0.20277697  0.0
-1.44514803  -0.18516289  0.0
-1.47476917  -0.17894284  0.0
-1.56891904  -0.15628441  0.0
-1.59736545  -0.14835768  0.0
-1.69462546  -0.11607831  0.0
-1.71974091  -0.10608844  0.0
-1.75880828  -0.08715302  0.0
-1.78035519  -0.07373201  0.0
-1.78532007  -0.07007783  0.0
-1.79944416  -0.05832063  0.0
-1.80411705  -0.05391304  0.0
-1.81582596  -0.04123463  0.0
-1.83926188   0.00119376  0.0
-1.83217698   0.07600203  0.0
-1.82266999   0.09284992  0.0
-1.81589417   0.10271471  0.0
-1.80380080   0.11793784  0.0
-1.80137066   0.12070601  0.0
-1.77967038   0.14296482  0.0
-1.74395014   0.17341919  0.0
-1.71879631   0.19239394  0.0
-1.62479960   0.25275246  0.0
-1.59640525   0.26850382  0.0
-1.50338599   0.31421342  0.0
-1.47381021   0.32731909  0.0
-1.38075670   0.36516629  0.0
-1.35115339   0.37627242  0.0
-1.13358284   0.44668255  0.0
-1.10558115   0.45453299  0.0
-0.88506473   0.50824014  0.0
-0.85992575   0.51352407  0.0
-0.83600000   0.51784921  0.0
-0.83600000   0.46195776  0.0
-0.84937506   0.45953991  0.0
-0.87289763   0.45459573  0.0
-1.09164601   0.40131918  0.0
-1.11768583   0.39401877  0.0
-1.33301700   0.32433334  0.0
-1.36073257   0.31393543  0.0
-1.45230331   0.27669131  0.0
-1.48010757   0.26437064  0.0
-1.57092113   0.21974492  0.0
-1.59657128   0.20551586  0.0
-1.68733151   0.14723560  0.0
-1.70951676   0.13050018  0.0
-1.74205809   0.10275611  0.0
-1.76098595   0.08334106  0.0
-1.76157655   0.08266831  0.0
-1.77164047   0.06999986  0.0
-1.77596150   0.06370894  0.0
-1.77852544   0.05916524  0.0
-1.78290538   0.01291823  0.0
-1.77090238  -0.00881198  0.0
-1.76499880  -0.01520438  0.0
-1.76294614  -0.01714051  0.0
-1.75139515  -0.02675580  0.0
-1.74946868  -0.02817369  0.0
-1.73220043  -0.03892964  0.0
-1.69755346  -0.05572255  0.0
-1.67578342  -0.06438175  0.0
-1.58131188  -0.09573567  0.0
-1.55509837  -0.10304019  0.0
-1.46268069  -0.12528175  0.0
-1.43438563  -0.13122334  0.0
-1.34224065  -0.14864881  0.0
-1.31375702  -0.15354032  0.0
-1.09905514  -0.18444793  0.0
-1.07212134  -0.18769484  0.0
-0.85543653  -0.20961883  0.0
-0.83600000  -0.21123634  0.0
-0.83600000  -0.26642646  0.0
;;

