# exterior:
# ---------
-0.75000000   0.53339575  0.0
-0.63571246   0.55405592  0.0
-0.61423330   0.55729538  0.0
-0.38585095   0.58598638  0.0
-0.36851225   0.58773343  0.0
-0.13572495   0.60498659  0.0
-0.12282867   0.60558890  0.0
 0.11447562   0.60903522  0.0
 0.12281170   0.60889074  0.0
 0.36458541   0.59681017  0.0
 0.36851528   0.59652030  0.0
 0.61433193   0.57193372  0.0
 0.75000000   0.55289406  0.0
 0.75000000   0.48826688  0.0
 0.60669687   0.50837805  0.0
 0.36297565   0.53275504  0.0
 0.36063398   0.53292777  0.0
 0.12065968   0.54491843  0.0
 0.11438577   0.54502716  0.0
-0.12087057   0.54161059  0.0
-0.13186611   0.54109705  0.0
-0.36293799   0.52397103  0.0
-0.37865307   0.52238758  0.0
-0.60547101   0.49389311  0.0
-0.62524551   0.49091074  0.0
-0.75000000   0.46835842  0.0
-0.75000000   0.53339575  0.0
;;

