# exterior:
# ---------
 2.99773737   0.01841058  0.0
 2.83008020   0.03739607  0.0
 2.82993099   0.03741014  0.0
 2.82951261   0.03744170  0.0
 2.82936298   0.03745018  0.0
 2.82663238   0.03755350  0.0
 2.82652054   0.03755616  0.0
 2.82620734   0.03755925  0.0
 2.82609547   0.03755878  0.0
 2.58282607   0.03315046  0.0
 2.58274902   0.03314833  0.0
 2.58253336   0.03314026  0.0
 2.58245637   0.03313664  0.0
 2.57681805   0.03281684  0.0
 2.57677713   0.03281430  0.0
 2.57666259   0.03280663  0.0
 2.57662169   0.03280368  0.0
 2.33626001   0.01422084  0.0
 2.33622226   0.01421774  0.0
 2.33611661   0.01420856  0.0
 2.33607890   0.01420511  0.0
 2.32816754   0.01344251  0.0
 2.32813084   0.01343880  0.0
 2.32802815   0.01342795  0.0
 2.32799150   0.01342390  0.0
 2.08990286  -0.01396574  0.0
 2.08988040  -0.01396839  0.0
 2.08981755  -0.01397598  0.0
 2.08979512  -0.01397875  0.0
 2.08042252  -0.01516447  0.0
 2.08039709  -0.01516777  0.0
 2.08032592  -0.01517724  0.0
 2.08030051  -0.01518070  0.0
 2.07500000  -0.01592043  0.0
 2.07500000  -0.00582351  0.0
 2.07891833  -0.00527668  0.0
 2.07895009  -0.00527230  0.0
 2.07897549  -0.00526884  0.0
 2.07900726  -0.00526456  0.0
 2.07907843  -0.00525510  0.0
 2.07911021  -0.00525092  0.0
 2.07913563  -0.00524762  0.0
 2.07916743  -0.00524355  0.0
 2.08854003  -0.00405783  0.0
 2.08856807  -0.00405432  0.0
 2.08859051  -0.00405155  0.0
 2.08861856  -0.00404812  0.0
 2.08868141  -0.00404053  0.0
 2.08870947  -0.00403718  0.0
 2.08873192  -0.00403453  0.0
 2.08876000  -0.00403126  0.0
 2.32684864   0.02335838  0.0
 2.32689445   0.02336354  0.0
 2.32693110   0.02336759  0.0
 2.32697694   0.02337254  0.0
 2.32707963   0.02338339  0.0
 2.32712548   0.02338814  0.0
 2.32716218   0.02339184  0.0
 2.32720805   0.02339637  0.0
 2.33511941   0.02415897  0.0
 2.33516655   0.02416340  0.0
 2.33520427   0.02416686  0.0
 2.33525142   0.02417107  0.0
 2.33535707   0.02418024  0.0
 2.33540425   0.02418423  0.0
 2.33544200   0.02418732  0.0
 2.33548919   0.02419109  0.0
 2.57585087   0.04277393  0.0
 2.57590198   0.04277774  0.0
 2.57594288   0.04278070  0.0
 2.57599400   0.04278425  0.0
 2.57610854   0.04279193  0.0
 2.57615969   0.04279522  0.0
 2.57620061   0.04279776  0.0
 2.57625177   0.04280079  0.0
 2.58189009   0.04312059  0.0
 2.58198631   0.04312558  0.0
 2.58206330   0.04312920  0.0
 2.58215956   0.04313327  0.0
 2.58237522   0.04314134  0.0
 2.58247151   0.04314447  0.0
 2.58254856   0.04314661  0.0
 2.58264488   0.04314882  0.0
 2.82591428   0.04755714  0.0
 2.82605412   0.04755870  0.0
 2.82616599   0.04755916  0.0
 2.82630584   0.04755876  0.0
 2.82661904   0.04755568  0.0
 2.82675887   0.04755332  0.0
 2.82687071   0.04755065  0.0
 2.82701049   0.04754634  0.0
 2.82974109   0.04744302  0.0
 2.82992823   0.04743419  0.0
 2.83007786   0.04742572  0.0
 2.83026480   0.04741337  0.0
 2.83068318   0.04738182  0.0
 2.83086985   0.04736597  0.0
 2.83101906   0.04735190  0.0
 2.83120541   0.04733257  0.0
 2.83553608   0.04684216  0.0
 2.82718048   0.04883639  0.0
 2.82707591   0.04886194  0.0
 2.82699236   0.04888283  0.0
 2.82688807   0.04890951  0.0
 2.82665479   0.04897053  0.0
 2.82655079   0.04899833  0.0
 2.82646771   0.04902101  0.0
 2.82636401   0.04904993  0.0
 2.82375575   0.04979247  0.0
 2.58350749   0.11482877  0.0
 2.58349066   0.11483334  0.0
 2.58346037   0.11484161  0.0
 2.58344355   0.11484622  0.0
 2.57782403   0.11639086  0.0
 2.33976816   0.18131608  0.0
 2.33187878   0.18345524  0.0
 2.09529089   0.24738980  0.0
 2.08598797   0.24987058  0.0
 2.07500000   0.25275333  0.0
 2.07500000   0.26309175  0.0
 2.08854513   0.25953812  0.0
 2.09788360   0.25704786  0.0
 2.33449165   0.19310785  0.0
 2.34239224   0.19096565  0.0
 2.58046483   0.12603587  0.0
 2.58609394   0.12448860  0.0
 2.58610142   0.12448655  0.0
 2.58612236   0.12448084  0.0
 2.58612984   0.12447881  0.0
 2.82643139   0.05942808  0.0
 2.82910207   0.05866778  0.0
 2.82918515   0.05864510  0.0
 2.82941842   0.05858408  0.0
 2.82950197   0.05856319  0.0
 2.99773737   0.01841058  0.0
;;

