# exterior:
# ---------
 3.06261789   0.00703794  0.0
 2.82963012   0.03342148  0.0
 2.82921174   0.03345304  0.0
 2.82648114   0.03355636  0.0
 2.82616794   0.03355944  0.0
 2.58289854   0.02915112  0.0
 2.58268288   0.02914305  0.0
 2.57704456   0.02882325  0.0
 2.57693002   0.02881558  0.0
 2.33656834   0.01023274  0.0
 2.33646269   0.01022356  0.0
 2.32855133   0.00946096  0.0
 2.32844864   0.00945011  0.0
 2.09036000  -0.01793953  0.0
 2.09029715  -0.01794712  0.0
 2.08092455  -0.01913284  0.0
 2.08085338  -0.01914231  0.0
 2.07500000  -0.01995919  0.0
 2.07500000  -0.01592043  0.0
 2.08030051  -0.01518070  0.0
 2.08032592  -0.01517724  0.0
 2.08039709  -0.01516777  0.0
 2.08042252  -0.01516447  0.0
 2.08979512  -0.01397875  0.0
 2.08981755  -0.01397598  0.0
 2.08988040  -0.01396839  0.0
 2.08990286  -0.01396574  0.0
 2.32799150   0.01342390  0.0
 2.32802815   0.01342795  0.0
 2.32813084   0.01343880  0.0
 2.32816754   0.01344251  0.0
 2.33607890   0.01420511  0.0
 2.33611661   0.01420856  0.0
 2.33622226   0.01421774  0.0
 2.33626001   0.01422084  0.0
 2.57662169   0.03280368  0.0
 2.57666259   0.03280663  0.0
 2.57677713   0.03281430  0.0
 2.57681805   0.03281684  0.0
 2.58245637   0.03313664  0.0
 2.58253336   0.03314026  0.0
 2.58274902   0.03314833  0.0
 2.58282607   0.03315046  0.0
 2.82609547   0.03755878  0.0
 2.82620734   0.03755925  0.0
 2.82652054   0.03755616  0.0
 2.82663238   0.03755350  0.0
 2.82936298   0.03745018  0.0
 2.82951261   0.03744170  0.0
 2.82993099   0.03741014  0.0
 2.83008020   0.03739607  0.0
 2.99773737   0.01841058  0.0
 2.82950197   0.05856319  0.0
 2.82941842   0.05858408  0.0
 2.82918515   0.05864510  0.0
 2.82910207   0.05866778  0.0
 2.82643139   0.05942808  0.0
 2.58612984   0.12447881  0.0
 2.58612236   0.12448084  0.0
 2.58610142   0.12448655  0.0
 2.58609394   0.12448860  0.0
 2.58046483   0.12603587  0.0
 2.34239224   0.19096565  0.0
 2.33449165   0.19310785  0.0
 2.09788360   0.25704786  0.0
 2.08854513   0.25953812  0.0
 2.07500000   0.26309175  0.0
 2.07500000   0.26722712  0.0
 2.08956799   0.26340514  0.0
 2.09892068   0.26091109  0.0
 2.33553679   0.19696890  0.0
 2.34344187   0.19482548  0.0
 2.58152115   0.12989387  0.0
 2.58715410   0.12834555  0.0
 2.58717504   0.12833984  0.0
 2.82750164   0.06328233  0.0
 2.83019729   0.06251492  0.0
 2.83043057   0.06245391  0.0
 3.06261789   0.00703794  0.0
;;

