# exterior:
# ---------
 2.80375000   0.03497759  0.0
 2.79187899   0.03382943  0.0
 2.79167298   0.03380565  0.0
 2.66579549   0.01690637  0.0
 2.66560187   0.01687692  0.0
 2.54039145  -0.00441385  0.0
 2.54021623  -0.00444652  0.0
 2.41574463  -0.02971165  0.0
 2.41559312  -0.02974460  0.0
 2.29186867  -0.05844613  0.0
 2.29174319  -0.05847677  0.0
 2.16871146  -0.09002474  0.0
 2.16861309  -0.09005091  0.0
 2.04617445  -0.12383008  0.0
 2.04610075  -0.12385096  0.0
 1.95200000  -0.15120263  0.0
 1.95200000  -0.08871945  0.0
 2.02935401  -0.06623545  0.0
 2.02974847  -0.06612226  0.0
 2.02982218  -0.06610138  0.0
 2.03021740  -0.06599089  0.0
 2.15265603  -0.03221172  0.0
 2.15318236  -0.03206908  0.0
 2.15328073  -0.03204291  0.0
 2.15380833  -0.03190506  0.0
 2.27684006  -0.00035709  0.0
 2.27751132  -0.00018909  0.0
 2.27763680  -0.00015845  0.0
 2.27830995   0.00000180  0.0
 2.40203439   0.02870334  0.0
 2.40284485   0.02888544  0.0
 2.40299637   0.02891839  0.0
 2.40380927   0.02908926  0.0
 2.52828088   0.05435439  0.0
 2.52921815   0.05453689  0.0
 2.52939337   0.05456956  0.0
 2.53033343   0.05473711  0.0
 2.65554385   0.07602788  0.0
 2.65657973   0.07619471  0.0
 2.65677336   0.07622416  0.0
 2.65781201   0.07637286  0.0
 2.78368949   0.09327214  0.0
 2.78479195   0.09340977  0.0
 2.78499797   0.09343355  0.0
 2.78610279   0.09355075  0.0
 2.80375000   0.09525757  0.0
 2.80375000   0.03497759  0.0
;;

