# exterior:
# ---------
 1.95200000   0.50465646  0.0
 1.96274291   0.50207253  0.0
 2.08608758   0.47185079  0.0
 2.20933781   0.44123630  0.0
 2.33248217   0.41020470  0.0
 2.45551087   0.37871814  0.0
 2.57843353   0.34680910  0.0
 2.70127227   0.31456626  0.0
 2.80375000   0.28741179  0.0
 2.80375000   0.22534110  0.0
 2.68597164   0.25654992  0.0
 2.56327931   0.28875433  0.0
 2.44053493   0.32061709  0.0
 2.31771336   0.35205065  0.0
 2.19477510   0.38303031  0.0
 2.07171615   0.41359728  0.0
 1.95200000   0.44292996  0.0
 1.95200000   0.50465646  0.0
;;

