# exterior:
# ---------
 1.86600000  -0.17680263  0.0
 1.80246171  -0.19593015  0.0
 1.80243180  -0.19593925  0.0
 1.68101583  -0.23323064  0.0
 1.68100666  -0.23323347  0.0
 1.55966007  -0.27073118  0.0
 1.43824760  -0.30796162  0.0
 1.31664779  -0.34452266  0.0
 1.19477027  -0.38009325  0.0
 1.07254676  -0.41440453  0.0
 0.94991658  -0.44720014  0.0
 0.83600000  -0.47588885  0.0
 0.83600000  -0.41401540  0.0
 0.93483868  -0.38912391  0.0
 1.05668715  -0.35653735  0.0
 1.17825650  -0.32240971  0.0
 1.29960449  -0.28699367  0.0
 1.42081435  -0.25054988  0.0
 1.54200777  -0.21338660  0.0
 1.66334145  -0.17589290  0.0
 1.66339975  -0.17587497  0.0
 1.78481572  -0.13858357  0.0
 1.78497587  -0.13853462  0.0
 1.78500578  -0.13852553  0.0
 1.78516606  -0.13847703  0.0
 1.86600000  -0.11414284  0.0
 1.86600000  -0.17680263  0.0
;;

