# exterior:
# ---------
 3.80375000  -0.01312381  0.0
 3.67841377   0.00743200  0.0
 3.55259335   0.02477840  0.0
 3.42629422   0.03816947  0.0
 3.29957983   0.04675439  0.0
 3.17261620   0.04995853  0.0
 3.04562983   0.04779201  0.0
 2.91883489   0.04048239  0.0
 2.79241810   0.02825544  0.0
 2.66654062   0.01135616  0.0
 2.54133020  -0.00993460  0.0
 2.41685860  -0.03519974  0.0
 2.29313415  -0.06390127  0.0
 2.17010241  -0.09544924  0.0
 2.04766378  -0.12922841  0.0
 1.92569835  -0.16467933  0.0
 1.80407597  -0.20129244  0.0
 1.68265999  -0.23858384  0.0
 1.56130761  -0.27608334  0.0
 1.43987471  -0.31332005  0.0
 1.31823849  -0.34989203  0.0
 1.19631156  -0.38547705  0.0
 1.07402699  -0.41980547  0.0
 0.95132385  -0.45262059  0.0
 0.82815605  -0.48363913  0.0
 0.70448633  -0.51257289  0.0
 0.58028590  -0.53914810  0.0
 0.45555454  -0.56310504  0.0
 0.33031270  -0.58423125  0.0
 0.20460949  -0.60241027  0.0
 0.07851320  -0.61762710  0.0
-0.04790381  -0.62989824  0.0
-0.17457849  -0.63914153  0.0
-0.30144791  -0.64518008  0.0
-0.42842849  -0.64783571  0.0
-0.55543347  -0.64694080  0.0
-0.68236313  -0.64239134  0.0
-0.80910163  -0.63411077  0.0
-0.93553159  -0.62200941  0.0
-1.06152565  -0.60598628  0.0
-1.18692531  -0.58583845  0.0
-1.31154754  -0.56134178  0.0
-1.43519596  -0.53232646  0.0
-1.55761924  -0.49852007  0.0
-1.67849262  -0.45954038  0.0
-1.79741129  -0.41495856  0.0
-1.91365920  -0.36383319  0.0
-2.02569796  -0.30409103  0.0
-2.13038540  -0.23233484  0.0
-2.22214263  -0.14480980  0.0
-2.27928300  -0.03298368  0.0
-2.28225000   0.00000000  0.0
-2.26377011   0.09125679  0.0
-2.19018378   0.19405410  0.0
-2.09482039   0.27776956  0.0
-1.99061341   0.35031432  0.0
-1.88105832   0.41453395  0.0
-1.76780873   0.47200080  0.0
-1.65180055   0.52369586  0.0
-1.53366419   0.57032232  0.0
-1.41381565   0.61235907  0.0
-1.29257011   0.65018373  0.0
-1.17016216   0.68405782  0.0
-1.04676665   0.71413940  0.0
-0.92253406   0.74055335  0.0
-0.79759056   0.76336935  0.0
-0.67204593   0.78260464  0.0
-0.54600426   0.79825574  0.0
-0.41956532   0.81028262  0.0
-0.29283100   0.81863725  0.0
-0.16590459   0.82322119  0.0
-0.03889796   0.82396867  0.0
 0.08807864   0.82104175  0.0
 0.21493654   0.81481554  0.0
 0.34160846   0.80554738  0.0
 0.46803675   0.79341839  0.0
 0.59418897   0.77865232  0.0
 0.72003442   0.76146310  0.0
 0.84556775   0.74213458  0.0
 0.97080607   0.72097633  0.0
 1.09576709   0.69823606  0.0
 1.22045904   0.67406388  0.0
 1.34490773   0.64866742  0.0
 1.46912535   0.62216393  0.0
 1.59312237   0.59464665  0.0
 1.71692972   0.56628735  0.0
 1.84057214   0.53721732  0.0
 1.96406405   0.50751447  0.0
 2.08742892   0.47728778  0.0
 2.21069700   0.44666886  0.0
 2.33386059   0.41563242  0.0
 2.45690862   0.38414091  0.0
 2.57984793   0.35222754  0.0
 2.70270033   0.31998112  0.0
 2.82547707   0.28744783  0.0
 2.94818263   0.25464706  0.0
 3.07083522   0.22164866  0.0
 3.19342477   0.18841665  0.0
 3.31593439   0.15489163  0.0
 3.43835485   0.12104258  0.0
 3.56062580   0.08665752  0.0
 3.68260613   0.05125689  0.0
 3.80375000   0.01312381  0.0
 3.80375000  -0.01312381  0.0
;;

# interior:
# ---------
 3.80315000  -0.01241739  0.0
 3.80315000   0.01268365  0.0
 3.68243241   0.05068255  0.0
 3.56046097   0.08608060  0.0
 3.43819368   0.12046463  0.0
 3.31577525   0.15431311  0.0
 3.19326709   0.18783774  0.0
 3.07067878   0.22106941  0.0
 2.94802721   0.25406754  0.0
 2.82532276   0.28686801  0.0
 2.70254732   0.31940096  0.0
 2.57969638   0.35164699  0.0
 2.45675886   0.38355990  0.0
 2.33371291   0.41505087  0.0
 2.21055137   0.44608680  0.0
 2.08728520   0.47670525  0.0
 1.96392250   0.50693140  0.0
 1.84043332   0.53663360  0.0
 1.71679408   0.56570288  0.0
 1.59299039   0.59406134  0.0
 1.46899775   0.62157765  0.0
 1.34478514   0.64808007  0.0
 1.22034196   0.67347541  0.0
 1.09565628   0.69764637  0.0
 0.97070238   0.72038534  0.0
 0.84547211   0.74154223  0.0
 0.71994816   0.76086931  0.0
 0.59411349   0.77805706  0.0
 0.46797322   0.79282173  0.0
 0.34155792   0.80494948  0.0
 0.21489994   0.81421662  0.0
 0.08805701   0.82044209  0.0
-0.03890311   0.82336863  0.0
-0.16589200   0.82262125  0.0
-0.29280043   0.81803796  0.0
-0.41951716   0.80968449  0.0
-0.54593887   0.79765925  0.0
-0.67196351   0.78201026  0.0
-0.79749121   0.76277757  0.0
-0.92241775   0.73996467  0.0
-1.04663318   0.71355437  0.0
-1.17001106   0.68347709  0.0
-1.29240071   0.64960806  0.0
-1.41362695   0.61178941  0.0
-1.53345468   0.56975997  0.0
-1.65156819   0.52314252  0.0
-1.76755070   0.47145890  0.0
-1.88077059   0.41400712  0.0
-1.99028981   0.34980852  0.0
-2.09444990   0.27729640  0.0
-2.18973608   0.19364873  0.0
-2.26320752   0.09101191  0.0
-2.28164458  -0.00003336  0.0
-2.27869582  -0.03281417  0.0
-2.22165473  -0.14444601  0.0
-2.13000628  -0.23186729  0.0
-2.02538624  -0.30357728  0.0
-1.91339690  -0.36329309  0.0
-1.79718503  -0.41440261  0.0
-1.67829513  -0.45897364  0.0
-1.55744723  -0.49794511  0.0
-1.43504751  -0.53174500  0.0
-1.31142110  -0.56075516  0.0
-1.18681983  -0.58524770  0.0
-1.06144019  -0.60539231  0.0
-0.93546514  -0.62141303  0.0
-0.80905348  -0.63351263  0.0
-0.68233282  -0.64179204  0.0
-0.55542061  -0.64634088  0.0
-0.42843265  -0.64723566  0.0
-0.30146845  -0.64458038  0.0
-0.17461459  -0.63854257  0.0
-0.04795463  -0.62930036  0.0
 0.07844826  -0.61703059  0.0
 0.20453060  -0.60181544  0.0
 0.33021985  -0.58363844  0.0
 0.45544804  -0.56251453  0.0
 0.58016653  -0.53856006  0.0
 0.70435521  -0.51198736  0.0
 0.82801443  -0.48305606  0.0
 0.95117307  -0.45203983  0.0
 1.07386839  -0.41922680  0.0
 1.19614642  -0.38490021  0.0
 1.31806806  -0.34931674  0.0
 1.43970038  -0.31274594  0.0
 1.56113109  -0.27550989  0.0
 1.68248285  -0.23801059  0.0
 1.68248383  -0.23801028  0.0
 1.80389981  -0.20071888  0.0
 1.80390301  -0.20071791  0.0
 1.92552540  -0.16410480  0.0
 1.92553089  -0.16410317  0.0
 2.04749631  -0.12865225  0.0
 2.04750421  -0.12865002  0.0
 2.16994284  -0.09487085  0.0
 2.16995338  -0.09486804  0.0
 2.29298512  -0.06332007  0.0
 2.29299856  -0.06331679  0.0
 2.41672301  -0.03461526  0.0
 2.41673924  -0.03461173  0.0
 2.54121084  -0.00934659  0.0
 2.54122962  -0.00934309  0.0
 2.66644004   0.01194767  0.0
 2.66646078   0.01195082  0.0
 2.79233827   0.02885011  0.0
 2.79236034   0.02885265  0.0
 2.91877713   0.04107960  0.0
 2.91880036   0.04108139  0.0
 3.04559530   0.04839102  0.0
 3.04561960   0.04839193  0.0
 3.17260596   0.05055844  0.0
 3.17263133   0.05055834  0.0
 3.29959496   0.04735420  0.0
 3.29962038   0.04735302  0.0
 3.42633478   0.03876810  0.0
 3.42635748   0.03876613  0.0
 3.55265661   0.02537506  0.0
 3.55267529   0.02537278  0.0
 3.67849572   0.00802638  0.0
 3.67851088   0.00802409  0.0
 3.80315000  -0.01241739  0.0
;;

