# exterior:
# ---------
-0.75000000  -0.52713641  0.0
-0.75000000   0.65877030  0.0
-0.65685331   0.67304175  0.0
-0.53395079   0.68830304  0.0
-0.41068933   0.70002769  0.0
-0.28719629   0.70816864  0.0
-0.16358275   0.71263294  0.0
-0.03984708   0.71336117  0.0
 0.08409272   0.71050425  0.0
 0.20818937   0.70441356  0.0
 0.33229095   0.69533347  0.0
 0.45632552   0.68343412  0.0
 0.58027480   0.66892590  0.0
 0.70413390   0.65200800  0.0
 0.75000000   0.64494594  0.0
 0.75000000  -0.38833787  0.0
 0.68031569  -0.40464121  0.0
 0.55828209  -0.43075278  0.0
 0.43592305  -0.45425407  0.0
 0.31319703  -0.47495591  0.0
 0.19006708  -0.49276278  0.0
 0.06654345  -0.50766916  0.0
-0.05727241  -0.51968781  0.0
-0.18123313  -0.52873306  0.0
-0.30523397  -0.53463508  0.0
-0.42919527  -0.53722756  0.0
-0.55306252  -0.53635476  0.0
-0.67677572  -0.53192059  0.0
-0.75000000  -0.52713641  0.0
;;

# interior:
# ---------
-0.74500000  -0.52245243  0.0
-0.67652313  -0.52692643  0.0
-0.55295534  -0.53135539  0.0
-0.42922993  -0.53222719  0.0
-0.30540513  -0.52963756  0.0
-0.18153398  -0.52374172  0.0
-0.05769594  -0.51470542  0.0
 0.06600232  -0.50269818  0.0
 0.18940965  -0.48780584  0.0
 0.31242327  -0.47001579  0.0
 0.43503555  -0.44933314  0.0
 0.55728734  -0.42585245  0.0
 0.67922299  -0.39976183  0.0
 0.74500000  -0.38437265  0.0
 0.74500000   0.64065687  0.0
 0.70341507   0.64705976  0.0
 0.57964577   0.66396539  0.0
 0.45579608   0.67846196  0.0
 0.33186972   0.69035092  0.0
 0.20788435   0.69942252  0.0
 0.08391252   0.70550708  0.0
-0.03988999   0.70836083  0.0
-0.16347779   0.70763347  0.0
-0.28694155   0.70317458  0.0
-0.41028807   0.69504329  0.0
-0.53340587   0.68333231  0.0
-0.65616649   0.66808863  0.0
-0.74500000   0.65447803  0.0
-0.74500000  -0.52245243  0.0
;;

