# exterior:
# ---------
 1.95200000  -0.08871945  0.0
 1.95200000   0.44292996  0.0
 2.07171615   0.41359728  0.0
 2.19477510   0.38303031  0.0
 2.31771336   0.35205065  0.0
 2.44053493   0.32061709  0.0
 2.56327931   0.28875433  0.0
 2.68597164   0.25654992  0.0
 2.80375000   0.22534110  0.0
 2.80375000   0.26672156  0.0
 2.81889294   0.26270899  0.0
 2.94155162   0.22992075  0.0
 3.06416076   0.19693404  0.0
 3.18669723   0.16371642  0.0
 3.30914466   0.13020842  0.0
 3.43147843   0.09638334  0.0
 3.55359292   0.06204228  0.0
 3.62946805   0.04002211  0.0
 3.55608966   0.05013852  0.0
 3.55601192   0.05014893  0.0
 3.55585638   0.05016913  0.0
 3.55577856   0.05017893  0.0
 3.55560419   0.05020019  0.0
 3.55552630   0.05020937  0.0
 3.55537046   0.05022713  0.0
 3.55529250   0.05023571  0.0
 3.42899338   0.06362678  0.0
 3.42889890   0.06363635  0.0
 3.42870985   0.06365458  0.0
 3.42861528   0.06366324  0.0
 3.42840338   0.06368165  0.0
 3.42830873   0.06368942  0.0
 3.42811937   0.06370405  0.0
 3.42802466   0.06371092  0.0
 3.30131026   0.07229584  0.0
 3.30120443   0.07230245  0.0
 3.30099270   0.07231454  0.0
 3.30088681   0.07232002  0.0
 3.30064955   0.07233105  0.0
 3.30054361   0.07233541  0.0
 3.30033167   0.07234301  0.0
 3.30022568   0.07234624  0.0
 3.17326205   0.07555038  0.0
 3.17315634   0.07555249  0.0
 3.17294492   0.07555559  0.0
 3.17283919   0.07555658  0.0
 3.17260239   0.07555755  0.0
 3.17249666   0.07555742  0.0
 3.17228522   0.07555605  0.0
 3.17217950   0.07555481  0.0
 3.04519313   0.07338829  0.0
 3.04509184   0.07338605  0.0
 3.04488929   0.07338054  0.0
 3.04478803   0.07337727  0.0
 3.04456126   0.07336880  0.0
 3.04446003   0.07336451  0.0
 3.04425764   0.07335490  0.0
 3.04415646   0.07334958  0.0
 2.91736152   0.06603995  0.0
 2.91726463   0.06603389  0.0
 2.91707090   0.06602084  0.0
 2.91697407   0.06601384  0.0
 2.91675726   0.06599711  0.0
 2.91666050   0.06598917  0.0
 2.91646706   0.06597236  0.0
 2.91637038   0.06596348  0.0
 2.80375000   0.05507092  0.0
 2.80375000   0.09525757  0.0
 2.78610279   0.09355075  0.0
 2.78499797   0.09343355  0.0
 2.78479195   0.09340977  0.0
 2.78368949   0.09327214  0.0
 2.65781201   0.07637286  0.0
 2.65677336   0.07622416  0.0
 2.65657973   0.07619471  0.0
 2.65554385   0.07602788  0.0
 2.53033343   0.05473711  0.0
 2.52939337   0.05456956  0.0
 2.52921815   0.05453689  0.0
 2.52828088   0.05435439  0.0
 2.40380927   0.02908926  0.0
 2.40299637   0.02891839  0.0
 2.40284485   0.02888544  0.0
 2.40203439   0.02870334  0.0
 2.27830995   0.00000180  0.0
 2.27763680  -0.00015845  0.0
 2.27751132  -0.00018909  0.0
 2.27684006  -0.00035709  0.0
 2.15380833  -0.03190506  0.0
 2.15328073  -0.03204291  0.0
 2.15318236  -0.03206908  0.0
 2.15265603  -0.03221172  0.0
 2.03021740  -0.06599089  0.0
 2.02982218  -0.06610138  0.0
 2.02974847  -0.06612226  0.0
 2.02935401  -0.06623545  0.0
 1.95200000  -0.08871945  0.0
;;

# interior:
# ---------
 1.95700000  -0.08205920  0.0
 2.02795845  -0.06143416  0.0
 2.02797488  -0.06142941  0.0
 2.02836934  -0.06131622  0.0
 2.02838578  -0.06131153  0.0
 2.02845949  -0.06129066  0.0
 2.02847595  -0.06128602  0.0
 2.02887117  -0.06117553  0.0
 2.02888765  -0.06117096  0.0
 2.15132628  -0.02739179  0.0
 2.15134820  -0.02738579  0.0
 2.15187452  -0.02724316  0.0
 2.15189647  -0.02723727  0.0
 2.15199483  -0.02721109  0.0
 2.15201680  -0.02720529  0.0
 2.15254440  -0.02706745  0.0
 2.15256640  -0.02706175  0.0
 2.27559813   0.00448621  0.0
 2.27562608   0.00449330  0.0
 2.27629734   0.00466130  0.0
 2.27632533   0.00466822  0.0
 2.27645081   0.00469886  0.0
 2.27647884   0.00470562  0.0
 2.27715198   0.00486587  0.0
 2.27718005   0.00487246  0.0
 2.40090450   0.03357400  0.0
 2.40093824   0.03358170  0.0
 2.40174870   0.03376381  0.0
 2.40178250   0.03377128  0.0
 2.40193401   0.03380423  0.0
 2.40196786   0.03381146  0.0
 2.40278076   0.03398233  0.0
 2.40281466   0.03398934  0.0
 2.52728626   0.05925447  0.0
 2.52732529   0.05926223  0.0
 2.52826256   0.05944472  0.0
 2.52830164   0.05945217  0.0
 2.52847686   0.05948484  0.0
 2.52851600   0.05949198  0.0
 2.52945606   0.05965953  0.0
 2.52949526   0.05966636  0.0
 2.65470568   0.08095712  0.0
 2.65474881   0.08096426  0.0
 2.65578470   0.08113110  0.0
 2.65582789   0.08113786  0.0
 2.65602151   0.08116731  0.0
 2.65606476   0.08117370  0.0
 2.65710341   0.08132239  0.0
 2.65714672   0.08132840  0.0
 2.78302420   0.09822768  0.0
 2.78307011   0.09823363  0.0
 2.78417257   0.09837126  0.0
 2.78421853   0.09837678  0.0
 2.78442455   0.09840056  0.0
 2.78447056   0.09840566  0.0
 2.78557538   0.09852285  0.0
 2.78562144   0.09852752  0.0
 2.80326865   0.10023435  0.0
 2.80375826   0.10025757  0.0
 2.80424779   0.10023273  0.0
 2.80473254   0.10016008  0.0
 2.80520784   0.10004032  0.0
 2.80566914   0.09987460  0.0
 2.80611199   0.09966450  0.0
 2.80653214   0.09941205  0.0
 2.80692556   0.09911968  0.0
 2.80728845   0.09879018  0.0
 2.80761734   0.09842674  0.0
 2.80790907   0.09803285  0.0
 2.80816082   0.09761228  0.0
 2.80837019   0.09716908  0.0
 2.80853515   0.09670751  0.0
 2.80865413   0.09623201  0.0
 2.80872597   0.09574714  0.0
 2.80875000   0.09525757  0.0
 2.80875000   0.06057784  0.0
 2.91588903   0.07094026  0.0
 2.91591319   0.07094253  0.0
 2.91600987   0.07095141  0.0
 2.91603405   0.07095357  0.0
 2.91622748   0.07097039  0.0
 2.91625167   0.07097243  0.0
 2.91634843   0.07098037  0.0
 2.91637262   0.07098230  0.0
 2.91658944   0.07099902  0.0
 2.91661364   0.07100083  0.0
 2.91671047   0.07100783  0.0
 2.91673468   0.07100952  0.0
 2.91692841   0.07102258  0.0
 2.91695263   0.07102415  0.0
 2.91704953   0.07103021  0.0
 2.91707375   0.07103166  0.0
 3.04386869   0.07834129  0.0
 3.04389398   0.07834268  0.0
 3.04399516   0.07834800  0.0
 3.04402045   0.07834927  0.0
 3.04422285   0.07835888  0.0
 3.04424816   0.07836002  0.0
 3.04434938   0.07836431  0.0
 3.04437469   0.07836532  0.0
 3.04460146   0.07837379  0.0
 3.04462678   0.07837467  0.0
 3.04472804   0.07837794  0.0
 3.04475335   0.07837869  0.0
 3.04495591   0.07838420  0.0
 3.04498123   0.07838482  0.0
 3.04508252   0.07838706  0.0
 3.04510784   0.07838756  0.0
 3.17209420   0.08055408  0.0
 3.17212063   0.08055446  0.0
 3.17222635   0.08055570  0.0
 3.17225278   0.08055595  0.0
 3.17246423   0.08055732  0.0
 3.17249066   0.08055742  0.0
 3.17259638   0.08055755  0.0
 3.17262282   0.08055751  0.0
 3.17285962   0.08055654  0.0
 3.17288606   0.08055636  0.0
 3.17299178   0.08055537  0.0
 3.17301821   0.08055505  0.0
 3.17322963   0.08055195  0.0
 3.17325606   0.08055150  0.0
 3.17336177   0.08054939  0.0
 3.17338819   0.08054879  0.0
 3.30035182   0.07734465  0.0
 3.30037832   0.07734391  0.0
 3.30048431   0.07734068  0.0
 3.30051081   0.07733980  0.0
 3.30072274   0.07733220  0.0
 3.30074923   0.07733118  0.0
 3.30085518   0.07732682  0.0
 3.30088167   0.07732566  0.0
 3.30111892   0.07731463  0.0
 3.30114540   0.07731333  0.0
 3.30125129   0.07730785  0.0
 3.30127776   0.07730641  0.0
 3.30148949   0.07729432  0.0
 3.30151595   0.07729273  0.0
 3.30162179   0.07728613  0.0
 3.30164824   0.07728441  0.0
 3.42836264   0.06869949  0.0
 3.42838632   0.06869783  0.0
 3.42848103   0.06869096  0.0
 3.42850471   0.06868918  0.0
 3.42869407   0.06867455  0.0
 3.42871773   0.06867266  0.0
 3.42881238   0.06866489  0.0
 3.42883603   0.06866290  0.0
 3.42904794   0.06864449  0.0
 3.42907159   0.06864238  0.0
 3.42916615   0.06863371  0.0
 3.42918979   0.06863149  0.0
 3.42937883   0.06861326  0.0
 3.42940246   0.06861093  0.0
 3.42949694   0.06860136  0.0
 3.42952055   0.06859891  0.0
 3.55581968   0.05520784  0.0
 3.55583917   0.05520573  0.0
 3.55591713   0.05519716  0.0
 3.55593661   0.05519498  0.0
 3.55609246   0.05517722  0.0
 3.55611193   0.05517496  0.0
 3.55618982   0.05516577  0.0
 3.55620929   0.05516344  0.0
 3.55638366   0.05514218  0.0
 3.55640312   0.05513977  0.0
 3.55648093   0.05512997  0.0
 3.55650038   0.05512748  0.0
 3.55665593   0.05510728  0.0
 3.55667537   0.05510472  0.0
 3.55675310   0.05509431  0.0
 3.55677253   0.05509167  0.0
 3.56216493   0.05434824  0.0
 3.55221931   0.05723462  0.0
 3.43013538   0.09156708  0.0
 3.30781854   0.12538748  0.0
 3.18538326   0.15889216  0.0
 3.06285715   0.19210697  0.0
 2.94025651   0.22509140  0.0
 2.81760697   0.25787719  0.0
 2.80875000   0.26022411  0.0
 2.80875000   0.22534110  0.0
 2.80872683   0.22486031  0.0
 2.80865754   0.22438398  0.0
 2.80854276   0.22391652  0.0
 2.80838357   0.22346226  0.0
 2.80818143   0.22302541  0.0
 2.80793823   0.22261003  0.0
 2.80765620   0.22221995  0.0
 2.80733798   0.22185880  0.0
 2.80698651   0.22152993  0.0
 2.80660503   0.22123637  0.0
 2.80619710   0.22098086  0.0
 2.80576649   0.22076576  0.0
 2.80531720   0.22059306  0.0
 2.80485337   0.22046436  0.0
 2.80437932   0.22038086  0.0
 2.80389944   0.22034333  0.0
 2.80341818   0.22035212  0.0
 2.80293999   0.22040715  0.0
 2.80246930   0.22050790  0.0
 2.68469658   0.25171523  0.0
 2.56201646   0.28391643  0.0
 2.43928694   0.31577534  0.0
 2.31648262   0.34720447  0.0
 2.19356154   0.37817981  0.0
 2.07051853   0.40874282  0.0
 1.95700000   0.43655697  0.0
 1.95700000  -0.08205920  0.0
;;

