# exterior:
# ---------
-0.74500000  -0.52245243  0.0
-0.74500000   0.65447803  0.0
-0.65616649   0.66808863  0.0
-0.53340587   0.68333231  0.0
-0.41028807   0.69504329  0.0
-0.28694155   0.70317458  0.0
-0.16347779   0.70763347  0.0
-0.03988999   0.70836083  0.0
 0.08391252   0.70550708  0.0
 0.20788435   0.69942252  0.0
 0.33186972   0.69035092  0.0
 0.45579608   0.67846196  0.0
 0.57964577   0.66396539  0.0
 0.70341507   0.64705976  0.0
 0.74500000   0.64065687  0.0
 0.74500000  -0.38437265  0.0
 0.67922299  -0.39976183  0.0
 0.55728734  -0.42585245  0.0
 0.43503555  -0.44933314  0.0
 0.31242327  -0.47001579  0.0
 0.18940965  -0.48780584  0.0
 0.06600232  -0.50269818  0.0
-0.05769594  -0.51470542  0.0
-0.18153398  -0.52374172  0.0
-0.30540513  -0.52963756  0.0
-0.42922993  -0.53222719  0.0
-0.55295534  -0.53135539  0.0
-0.67652313  -0.52692643  0.0
-0.74500000  -0.52245243  0.0
;;

# interior:
# ---------
-0.74000000  -0.51776845  0.0
-0.67627053  -0.52193227  0.0
-0.55284815  -0.52635602  0.0
-0.42926460  -0.52722682  0.0
-0.30557629  -0.52464005  0.0
-0.18183482  -0.51875038  0.0
-0.05811948  -0.50972303  0.0
 0.06546119  -0.49772721  0.0
 0.18875222  -0.48284891  0.0
 0.31164950  -0.46507568  0.0
 0.43414805  -0.44441221  0.0
 0.55629260  -0.42095212  0.0
 0.67813028  -0.39488246  0.0
 0.74000000  -0.38040743  0.0
 0.74000000   0.63636781  0.0
 0.70269624   0.64211152  0.0
 0.57901674   0.65900488  0.0
 0.45526664   0.67348979  0.0
 0.33144850   0.68536838  0.0
 0.20757932   0.69443147  0.0
 0.08373233   0.70050990  0.0
-0.03993290   0.70336049  0.0
-0.16337282   0.70263400  0.0
-0.28668682   0.69818052  0.0
-0.40988680   0.69005889  0.0
-0.53286096   0.67836157  0.0
-0.65547966   0.66313552  0.0
-0.74000000   0.65018575  0.0
-0.74000000  -0.51776845  0.0
;;

