# exterior:
# ---------
-0.83600000  -0.62591057  0.0
-0.93491141  -0.61644318  0.0
-1.06072802  -0.60044261  0.0
-1.18594079  -0.58032481  0.0
-1.31036742  -0.55586659  0.0
-1.43381046  -0.52689947  0.0
-1.55601383  -0.49315380  0.0
-1.67664934  -0.45425082  0.0
-1.79529952  -0.40976966  0.0
-1.91121104  -0.35879223  0.0
-2.02278853  -0.29929603  0.0
-2.12684689  -0.22797104  0.0
-2.21758887  -0.14141441  0.0
-2.27380270  -0.03140156  0.0
-2.27659938  -0.00031135  0.0
-2.25851927   0.08897125  0.0
-2.18600521   0.19027064  0.0
-2.09136251   0.27335343  0.0
-1.98759309   0.34559359  0.0
-1.87837285   0.40961693  0.0
-1.76540048   0.46694310  0.0
-1.64963190   0.51853140  0.0
-1.53170877   0.56507370  0.0
-1.41205449   0.60704231  0.0
-1.29098904   0.64481079  0.0
-1.16875187   0.67863762  0.0
-1.04552090   0.70867909  0.0
-0.92144853   0.73505898  0.0
-0.83600000   0.75066278  0.0
-0.83600000   0.68967058  0.0
-0.90981786   0.67619067  0.0
-1.03217356   0.65017577  0.0
-1.15364169   0.62056406  0.0
-1.27404901   0.58724360  0.0
-1.39318498   0.55007705  0.0
-1.51075787   0.50883849  0.0
-1.62639636   0.46319789  0.0
-1.73959786   0.41275353  0.0
-1.84959994   0.35693459  0.0
-1.95523242   0.29501434  0.0
-2.05431386   0.22603777  0.0
-2.14123478   0.14973360  0.0
-2.20226032   0.06448323  0.0
-2.21605704  -0.00364728  0.0
-2.21508527  -0.01445030  0.0
-2.16879862  -0.10503523  0.0
-2.08893421  -0.18121599  0.0
-1.99161602  -0.24792106  0.0
-1.88498070  -0.30478196  0.0
-1.77267346  -0.35417423  0.0
-1.65689992  -0.39757697  0.0
-1.53881305  -0.43565805  0.0
-1.41896577  -0.46875310  0.0
-1.29772332  -0.49720384  0.0
-1.17539227  -0.52125013  0.0
-1.05218196  -0.54104620  0.0
-0.92826667  -0.55680497  0.0
-0.83600000  -0.56563635  0.0
-0.83600000  -0.62591057  0.0
;;

