# exterior:
# ---------
 2.57505747   0.02414990  0.0
 2.42602500   0.02152462  0.0
 2.42072933   0.02122887  0.0
 2.19497500   0.00424670  0.0
 2.18754443   0.00355355  0.0
 1.96392500  -0.02147841  0.0
 1.95512200  -0.02255972  0.0
 1.88812500  -0.03165749  0.0
 1.88812500  -0.03105199  0.0
 1.95504126  -0.02196518  0.0
 1.95504884  -0.02196420  0.0
 1.96385185  -0.02088288  0.0
 1.96385825  -0.02088213  0.0
 2.18747768   0.00414982  0.0
 2.18748870   0.00415096  0.0
 2.19491927   0.00484411  0.0
 2.19492999   0.00484501  0.0
 2.42068433   0.02182718  0.0
 2.42069588   0.02182794  0.0
 2.42599154   0.02212368  0.0
 2.42601443   0.02212452  0.0
 2.57505747   0.02475000  0.0
 2.57505747   0.02414990  0.0
;;

