# exterior:
# ---------
-0.75000000   0.48401483  0.0
-0.59784338   0.51077670  0.0
-0.57754504   0.51375495  0.0
-0.36292768   0.53998663  0.0
-0.34652409   0.54159791  0.0
-0.12775851   0.55737287  0.0
-0.11550710   0.55793122  0.0
 0.10752509   0.56108248  0.0
 0.11550523   0.56094417  0.0
 0.34271716   0.54990078  0.0
 0.34652423   0.54962458  0.0
 0.57755533   0.52714525  0.0
 0.75000000   0.50359621  0.0
 0.75000000   0.49854980  0.0
 0.57697475   0.52217813  0.0
 0.34610116   0.54464213  0.0
 0.34241484   0.54490958  0.0
 0.11534050   0.55594628  0.0
 0.10751708   0.55608186  0.0
-0.11535793   0.55293283  0.0
-0.12746484   0.55238106  0.0
-0.34609982   0.53661552  0.0
-0.36237991   0.53501638  0.0
-0.57687871   0.50879919  0.0
-0.59704723   0.50583998  0.0
-0.75000000   0.47893808  0.0
-0.75000000   0.48401483  0.0
;;

