# exterior:
# ---------
-0.75000000   0.48462404  0.0
-0.59793892   0.51136910  0.0
-0.57762500   0.51434965  0.0
-0.36299341   0.54058306  0.0
-0.34657500   0.54219579  0.0
-0.12779375   0.55797189  0.0
-0.11552500   0.55853103  0.0
 0.10752605   0.56168255  0.0
 0.11552500   0.56154392  0.0
 0.34275343   0.55049973  0.0
 0.34657500   0.55022247  0.0
 0.57762500   0.52774131  0.0
 0.75000000   0.50420178  0.0
 0.75000000   0.50359621  0.0
 0.57755533   0.52714525  0.0
 0.34652423   0.54962458  0.0
 0.34271716   0.54990078  0.0
 0.11550523   0.56094417  0.0
 0.10752509   0.56108248  0.0
-0.11550710   0.55793122  0.0
-0.12775851   0.55737287  0.0
-0.34652409   0.54159791  0.0
-0.36292768   0.53998663  0.0
-0.57754504   0.51375495  0.0
-0.59784338   0.51077670  0.0
-0.75000000   0.48401483  0.0
-0.75000000   0.48462404  0.0
;;

