# exterior:
# ---------
 2.88812500   0.00000000  0.0
 2.65707500   0.02545709  0.0
 2.65451035   0.02554951  0.0
 2.42602500   0.02152462  0.0
 2.42072933   0.02122887  0.0
 2.19497500   0.00424670  0.0
 2.18754443   0.00355355  0.0
 1.96392500  -0.02147841  0.0
 1.95512200  -0.02255972  0.0
 1.73287500  -0.05273947  0.0
 1.72352672  -0.05410267  0.0
 1.50182500  -0.08716592  0.0
 1.49279095  -0.08854298  0.0
 1.27077500  -0.12273838  0.0
 1.26288695  -0.12398605  0.0
 1.03972500  -0.15807517  0.0
 1.03377315  -0.15894854  0.0
 0.80867500  -0.19160052  0.0
 0.80538023  -0.19203952  0.0
 0.57762500  -0.22187269  0.0
 0.35039657  -0.24683996  0.0
 0.34657500  -0.24722350  0.0
 0.12352395  -0.26470012  0.0
 0.11552500  -0.26514836  0.0
-0.10325625  -0.27226932  0.0
-0.11552500  -0.27240333  0.0
-0.33015659  -0.27102627  0.0
-0.34657500  -0.27067045  0.0
-0.55731108  -0.26322602  0.0
-0.57762500  -0.26220016  0.0
-0.78490920  -0.24862828  0.0
-0.80867500  -0.24670595  0.0
-1.01323743  -0.22656763  0.0
-1.03972500  -0.22346232  0.0
-1.24279022  -0.19502006  0.0
-1.27077500  -0.19034361  0.0
-1.35835219  -0.17423018  0.0
-1.38630000  -0.16851863  0.0
-1.47489381  -0.14777496  0.0
-1.50182500  -0.14047378  0.0
-1.59344095  -0.11088552  0.0
-1.61735000  -0.10163427  0.0
-1.65446587  -0.08412993  0.0
-1.67511250  -0.07161626  0.0
-1.68006621  -0.06807195  0.0
-1.69357802  -0.05712942  0.0
-1.69821750  -0.05286886  0.0
-1.70977000  -0.04069715  0.0
-1.73287500   0.00000000  0.0
-1.72596198   0.07102015  0.0
-1.71636879   0.08756333  0.0
-1.70977000   0.09690699  0.0
-1.69821750   0.11105649  0.0
-1.69575913   0.11378288  0.0
-1.67511250   0.13438792  0.0
-1.64125905   0.16246974  0.0
-1.61735000   0.18002030  0.0
-1.52875619   0.23537064  0.0
-1.50182500   0.24990830  0.0
-1.41424781   0.29177918  0.0
-1.38630000   0.30383075  0.0
-1.29875978   0.33846977  0.0
-1.27077500   0.34868680  0.0
-1.06621257   0.41309892  0.0
-1.03972500   0.42032154  0.0
-0.83244080   0.46944277  0.0
-0.80867500   0.47430406  0.0
-0.59793892   0.51136910  0.0
-0.57762500   0.51434965  0.0
-0.36299341   0.54058306  0.0
-0.34657500   0.54219579  0.0
-0.12779375   0.55797189  0.0
-0.11552500   0.55853103  0.0
 0.10752605   0.56168255  0.0
 0.11552500   0.56154392  0.0
 0.34275343   0.55049973  0.0
 0.34657500   0.55022247  0.0
 0.57762500   0.52774131  0.0
 0.80867500   0.49618912  0.0
 0.81196977   0.49569467  0.0
 1.03972500   0.45702152  0.0
 1.04567685   0.45592634  0.0
 1.27077500   0.41136142  0.0
 1.27866305   0.40968400  0.0
 1.50182500   0.36020233  0.0
 1.51085906   0.35809977  0.0
 1.73287500   0.30455163  0.0
 1.74222328   0.30225037  0.0
 1.96392500   0.24565698  0.0
 1.97272801   0.24337421  0.0
 2.19497500   0.18493704  0.0
 2.20240557   0.18297774  0.0
 2.42602500   0.12363948  0.0
 2.43132067   0.12222083  0.0
 2.65707500   0.06276242  0.0
 2.65963966   0.06205079  0.0
 2.88812500   0.00924200  0.0
 2.88812500   0.00000000  0.0
;;

# interior:
# ---------
 2.88752500   0.00066974  0.0
 2.88752500   0.00876486  0.0
 2.65950454   0.06146620  0.0
 2.65947923   0.06147263  0.0
 2.65691837   0.06218321  0.0
 2.43116785   0.12164062  0.0
 2.43116541   0.12164126  0.0
 2.42587043   0.12305973  0.0
 2.20225213   0.18239769  0.0
 2.19482222   0.18435682  0.0
 1.97257641   0.24279367  0.0
 1.96377549   0.24507591  0.0
 1.74207737   0.30166838  0.0
 1.73273295   0.30396868  0.0
 1.51072071   0.35751594  0.0
 1.50169205   0.35961724  0.0
 1.27853570   0.40909766  0.0
 1.27065433   0.41077366  0.0
 1.04556429   0.45533698  0.0
 1.03962048   0.45643068  0.0
 0.81187502   0.49510217  0.0
 0.80858988   0.49559517  0.0
 0.57755533   0.52714525  0.0
 0.34652423   0.54962458  0.0
 0.34271716   0.54990078  0.0
 0.11550523   0.56094417  0.0
 0.10752509   0.56108248  0.0
-0.11550710   0.55793122  0.0
-0.12775851   0.55737287  0.0
-0.34652409   0.54159791  0.0
-0.36292768   0.53998663  0.0
-0.57754504   0.51375495  0.0
-0.59784338   0.51077670  0.0
-0.80856289   0.47371457  0.0
-0.83231148   0.46885680  0.0
-1.03957686   0.41974003  0.0
-1.06604348   0.41252312  0.0
-1.27058191   0.34811855  0.0
-1.29854647   0.33790890  0.0
-1.38607078   0.30327619  0.0
-1.41399952   0.29123284  0.0
-1.50155293   0.24937333  0.0
-1.52845442   0.23485169  0.0
-1.61701305   0.17952334  0.0
-1.64088967   0.16199659  0.0
-1.67470819   0.13394374  0.0
-1.69532411   0.11336935  0.0
-1.69776204   0.11066563  0.0
-1.70929198   0.09654376  0.0
-1.71586321   0.08723913  0.0
-1.72537745   0.07083209  0.0
-1.73225941   0.00013099  0.0
-1.70928439  -0.04033722  0.0
-1.69779649  -0.05244087  0.0
-1.69318592  -0.05667488  0.0
-1.67970252  -0.06759441  0.0
-1.67478196  -0.07111499  0.0
-1.65418164  -0.08360060  0.0
-1.61711347  -0.10108245  0.0
-1.59324033  -0.11031979  0.0
-1.50165421  -0.13989842  0.0
-1.47474688  -0.14719314  0.0
-1.38617151  -0.16793248  0.0
-1.35823783  -0.17364115  0.0
-1.27067126  -0.18975263  0.0
-1.24269915  -0.19442696  0.0
-1.03964845  -0.22286718  0.0
-1.01317310  -0.22597106  0.0
-0.80862142  -0.24610832  0.0
-0.78486541  -0.24802987  0.0
-0.57759027  -0.26160115  0.0
-0.55728536  -0.26262656  0.0
-0.34655791  -0.27007068  0.0
-0.33014816  -0.27042631  0.0
-0.11552635  -0.27180331  0.0
-0.10326928  -0.27166943  0.0
 0.11549845  -0.26454891  0.0
 0.12348373  -0.26410143  0.0
 0.34652160  -0.24662585  0.0
 0.35033384  -0.24624324  0.0
 0.57755326  -0.22127697  0.0
 0.80530164  -0.19144469  0.0
 0.80859231  -0.19100624  0.0
 1.03368653  -0.15835482  0.0
 1.03963614  -0.15748178  0.0
 1.26279478  -0.12339317  0.0
 1.27068126  -0.12214575  0.0
 1.27068366  -0.12214537  0.0
 1.49269961  -0.08794997  0.0
 1.49270053  -0.08794983  0.0
 1.50173459  -0.08657277  0.0
 1.50173650  -0.08657249  0.0
 1.72343822  -0.05350923  0.0
 1.72344014  -0.05350895  0.0
 1.73278842  -0.05214575  0.0
 1.73279426  -0.05214493  0.0
 1.95504126  -0.02196518  0.0
 1.95504884  -0.02196420  0.0
 1.96385185  -0.02088288  0.0
 1.96385825  -0.02088213  0.0
 2.18747768   0.00414982  0.0
 2.18748870   0.00415096  0.0
 2.19491927   0.00484411  0.0
 2.19492999   0.00484501  0.0
 2.42068433   0.02182718  0.0
 2.42069588   0.02182794  0.0
 2.42599154   0.02212368  0.0
 2.42601443   0.02212452  0.0
 2.65449978   0.02614942  0.0
 2.65453195   0.02614912  0.0
 2.65709661   0.02605670  0.0
 2.65714071   0.02605348  0.0
 2.88752500   0.00066974  0.0
;;

