# exterior:
# ---------
 2.88752500   0.00066974  0.0
 2.65714071   0.02605348  0.0
 2.65709661   0.02605670  0.0
 2.65453195   0.02614912  0.0
 2.65449978   0.02614942  0.0
 2.42601443   0.02212452  0.0
 2.42599154   0.02212368  0.0
 2.42069588   0.02182794  0.0
 2.42068433   0.02182718  0.0
 2.19492999   0.00484501  0.0
 2.19491927   0.00484411  0.0
 2.18748870   0.00415096  0.0
 2.18747768   0.00414982  0.0
 1.96385825  -0.02088213  0.0
 1.96385185  -0.02088288  0.0
 1.95504884  -0.02196420  0.0
 1.95504126  -0.02196518  0.0
 1.73279426  -0.05214493  0.0
 1.73278842  -0.05214575  0.0
 1.72344014  -0.05350895  0.0
 1.72343822  -0.05350923  0.0
 1.50173650  -0.08657249  0.0
 1.50173459  -0.08657277  0.0
 1.49270053  -0.08794983  0.0
 1.49269961  -0.08794997  0.0
 1.27068366  -0.12214537  0.0
 1.27068126  -0.12214575  0.0
 1.26279478  -0.12339317  0.0
 1.03963614  -0.15748178  0.0
 1.03368653  -0.15835482  0.0
 0.80859231  -0.19100624  0.0
 0.80530164  -0.19144469  0.0
 0.57755326  -0.22127697  0.0
 0.35033384  -0.24624324  0.0
 0.34652160  -0.24662585  0.0
 0.12348373  -0.26410143  0.0
 0.11549845  -0.26454891  0.0
-0.10326928  -0.27166943  0.0
-0.11552635  -0.27180331  0.0
-0.33014816  -0.27042631  0.0
-0.34655791  -0.27007068  0.0
-0.55728536  -0.26262656  0.0
-0.57759027  -0.26160115  0.0
-0.78486541  -0.24802987  0.0
-0.80862142  -0.24610832  0.0
-1.01317310  -0.22597106  0.0
-1.03964845  -0.22286718  0.0
-1.24269915  -0.19442696  0.0
-1.27067126  -0.18975263  0.0
-1.35823783  -0.17364115  0.0
-1.38617151  -0.16793248  0.0
-1.47474688  -0.14719314  0.0
-1.50165421  -0.13989842  0.0
-1.59324033  -0.11031979  0.0
-1.61711347  -0.10108245  0.0
-1.65418164  -0.08360060  0.0
-1.67478196  -0.07111499  0.0
-1.67970252  -0.06759441  0.0
-1.69318592  -0.05667488  0.0
-1.69779649  -0.05244087  0.0
-1.70928439  -0.04033722  0.0
-1.73225941   0.00013099  0.0
-1.72537745   0.07083209  0.0
-1.71586321   0.08723913  0.0
-1.70929198   0.09654376  0.0
-1.69776204   0.11066563  0.0
-1.69532411   0.11336935  0.0
-1.67470819   0.13394374  0.0
-1.64088967   0.16199659  0.0
-1.61701305   0.17952334  0.0
-1.52845442   0.23485169  0.0
-1.50155293   0.24937333  0.0
-1.41399952   0.29123284  0.0
-1.38607078   0.30327619  0.0
-1.29854647   0.33790890  0.0
-1.27058191   0.34811855  0.0
-1.06604348   0.41252312  0.0
-1.03957686   0.41974003  0.0
-0.83231148   0.46885680  0.0
-0.80856289   0.47371457  0.0
-0.59784338   0.51077670  0.0
-0.57754504   0.51375495  0.0
-0.36292768   0.53998663  0.0
-0.34652409   0.54159791  0.0
-0.12775851   0.55737287  0.0
-0.11550710   0.55793122  0.0
 0.10752509   0.56108248  0.0
 0.11550523   0.56094417  0.0
 0.34271716   0.54990078  0.0
 0.34652423   0.54962458  0.0
 0.57755533   0.52714525  0.0
 0.80858988   0.49559517  0.0
 0.81187502   0.49510217  0.0
 1.03962048   0.45643068  0.0
 1.04556429   0.45533698  0.0
 1.27065433   0.41077366  0.0
 1.27853570   0.40909766  0.0
 1.50169205   0.35961724  0.0
 1.51072071   0.35751594  0.0
 1.73273295   0.30396868  0.0
 1.74207737   0.30166838  0.0
 1.96377549   0.24507591  0.0
 1.97257641   0.24279367  0.0
 2.19482222   0.18435682  0.0
 2.20225213   0.18239769  0.0
 2.42587043   0.12305973  0.0
 2.43116541   0.12164126  0.0
 2.43116785   0.12164062  0.0
 2.65691837   0.06218321  0.0
 2.65947923   0.06147263  0.0
 2.65950454   0.06146620  0.0
 2.88752500   0.00876486  0.0
 2.88752500   0.00066974  0.0
;;

# interior:
# ---------
 2.87043508   0.00758296  0.0
 2.65837860   0.05659462  0.0
 2.65827284   0.05662028  0.0
 2.65824753   0.05662672  0.0
 2.65814235   0.05665467  0.0
 2.65561315   0.05735647  0.0
 2.42989440   0.11680550  0.0
 2.42988421   0.11680820  0.0
 2.42988177   0.11680885  0.0
 2.42987159   0.11681156  0.0
 2.42458232   0.11822849  0.0
 2.20097352   0.17756393  0.0
 2.19354907   0.17952163  0.0
 1.97131313   0.23795588  0.0
 1.96252961   0.24023361  0.0
 1.74086142   0.29681843  0.0
 1.73154919   0.29911082  0.0
 1.50956783   0.35265062  0.0
 1.50058414   0.35474146  0.0
 1.27747449   0.40421153  0.0
 1.26964875   0.40587570  0.0
 1.04462630   0.45042564  0.0
 1.03874951   0.45150700  0.0
 0.81108541   0.49016468  0.0
 0.80788057   0.49064563  0.0
 0.57697475   0.52217813  0.0
 0.34610116   0.54464213  0.0
 0.34241484   0.54490958  0.0
 0.11534050   0.55594628  0.0
 0.10751708   0.55608186  0.0
-0.11535793   0.55293283  0.0
-0.12746484   0.55238106  0.0
-0.34609982   0.53661552  0.0
-0.36237991   0.53501638  0.0
-0.57687871   0.50879919  0.0
-0.59704723   0.50583998  0.0
-0.80762865   0.46880214  0.0
-0.83123374   0.46397372  0.0
-1.03834235   0.41489410  0.0
-1.06463441   0.40772479  0.0
-1.26897287   0.34338319  0.0
-1.29676894   0.33323506  0.0
-1.38416057   0.29865484  0.0
-1.41193047   0.28667999  0.0
-1.49928568   0.24491524  0.0
-1.52593971   0.23052718  0.0
-1.61420513   0.17538201  0.0
-1.63781150   0.15805364  0.0
-1.67133898   0.13024221  0.0
-1.69169894   0.10992327  0.0
-1.69396656   0.10740842  0.0
-1.70530852   0.09351679  0.0
-1.71165003   0.08453743  0.0
-1.72050637   0.06926494  0.0
-1.72712953   0.00122256  0.0
-1.70523761  -0.03733786  0.0
-1.69428810  -0.04887427  0.0
-1.68991841  -0.05288707  0.0
-1.67667173  -0.06361488  0.0
-1.67202746  -0.06693779  0.0
-1.65181303  -0.07918951  0.0
-1.61514241  -0.09648387  0.0
-1.59156850  -0.10560544  0.0
-1.50023093  -0.13510379  0.0
-1.47352241  -0.14234461  0.0
-1.38510079  -0.16304796  0.0
-1.35728478  -0.16873258  0.0
-1.26980676  -0.18482776  0.0
-1.24194019  -0.18948446  0.0
-1.03901049  -0.21790773  0.0
-1.01263702  -0.22099967  0.0
-0.80817489  -0.24112811  0.0
-0.78450049  -0.24304305  0.0
-0.57730082  -0.25660940  0.0
-0.55707100  -0.25763101  0.0
-0.34641547  -0.26507260  0.0
-0.33007795  -0.26542666  0.0
-0.11553762  -0.26680313  0.0
-0.10337793  -0.26667032  0.0
 0.11527722  -0.25955346  0.0
 0.12314853  -0.25911237  0.0
 0.34607661  -0.24164539  0.0
 0.34981113  -0.24127058  0.0
 0.57695545  -0.21631256  0.0
 0.80464676  -0.18648776  0.0
 0.80790322  -0.18605387  0.0
 1.03296468  -0.15340720  0.0
 1.03889567  -0.15253689  0.0
 1.26202669  -0.11845250  0.0
 1.26990011  -0.11720715  0.0
 1.26991012  -0.11720557  0.0
 1.26991252  -0.11720520  0.0
 1.26992253  -0.11720365  0.0
 1.49194232  -0.08300766  0.0
 1.49194709  -0.08300693  0.0
 1.50098114  -0.08162987  0.0
 1.50098911  -0.08162866  0.0
 1.50099102  -0.08162837  0.0
 1.50099898  -0.08162718  0.0
 1.72270070  -0.04856392  0.0
 1.72270872  -0.04856273  0.0
 1.72271064  -0.04856245  0.0
 1.72271865  -0.04856128  0.0
 1.73206694  -0.04719808  0.0
 1.73209127  -0.04719459  0.0
 1.73209712  -0.04719377  0.0
 1.73212147  -0.04719040  0.0
 1.95436847  -0.01701065  0.0
 1.95440005  -0.01700646  0.0
 1.95440764  -0.01700548  0.0
 1.95443925  -0.01700150  0.0
 1.96324226  -0.01592018  0.0
 1.96326893  -0.01591698  0.0
 1.96327534  -0.01591623  0.0
 1.96330203  -0.01591317  0.0
 2.18692146   0.00911879  0.0
 2.18696735   0.00912371  0.0
 2.18697837   0.00912484  0.0
 2.18702430   0.00912934  0.0
 2.19445487   0.00982249  0.0
 2.19449952   0.00982646  0.0
 2.19451024   0.00982736  0.0
 2.19455493   0.00983092  0.0
 2.42030927   0.02681310  0.0
 2.42035738   0.02681648  0.0
 2.42036893   0.02681724  0.0
 2.42041708   0.02682016  0.0
 2.42571275   0.02711591  0.0
 2.42580808   0.02712032  0.0
 2.42583097   0.02712116  0.0
 2.42592637   0.02712375  0.0
 2.65441171   0.03114864  0.0
 2.65454579   0.03114920  0.0
 2.65457797   0.03114891  0.0
 2.65471202   0.03114588  0.0
 2.65727667   0.03105346  0.0
 2.65746068   0.03104343  0.0
 2.65750478   0.03104021  0.0
 2.65768830   0.03102340  0.0
 2.87043508   0.00758296  0.0
;;

