# exterior:
# ---------
 2.88752500   0.00066974  0.0
 2.65714071   0.02605348  0.0
 2.65709661   0.02605670  0.0
 2.65453195   0.02614912  0.0
 2.65449978   0.02614942  0.0
 2.64745300   0.02602528  0.0
 2.64745300   0.03102606  0.0
 2.65441171   0.03114864  0.0
 2.65454579   0.03114920  0.0
 2.65457797   0.03114891  0.0
 2.65471202   0.03114588  0.0
 2.65727667   0.03105346  0.0
 2.65746068   0.03104343  0.0
 2.65750478   0.03104021  0.0
 2.65768830   0.03102340  0.0
 2.87043508   0.00758296  0.0
 2.88752500   0.00500000  0.0
 2.88752500   0.00066974  0.0
;;

