# exterior:
# ---------
 2.57505747   0.02475000  0.0
 2.42601443   0.02212452  0.0
 2.42599154   0.02212368  0.0
 2.42069588   0.02182794  0.0
 2.42068433   0.02182718  0.0
 2.19492999   0.00484501  0.0
 2.19491927   0.00484411  0.0
 2.18748870   0.00415096  0.0
 2.18747768   0.00414982  0.0
 1.96385825  -0.02088213  0.0
 1.96385185  -0.02088288  0.0
 1.95504884  -0.02196420  0.0
 1.95504126  -0.02196518  0.0
 1.88812500  -0.03105199  0.0
 1.88812500  -0.02600610  0.0
 1.95436847  -0.01701065  0.0
 1.95440005  -0.01700646  0.0
 1.95440764  -0.01700548  0.0
 1.95443925  -0.01700150  0.0
 1.96324226  -0.01592018  0.0
 1.96326893  -0.01591698  0.0
 1.96327534  -0.01591623  0.0
 1.96330203  -0.01591317  0.0
 2.18692146   0.00911879  0.0
 2.18696735   0.00912371  0.0
 2.18697837   0.00912484  0.0
 2.18702430   0.00912934  0.0
 2.19445487   0.00982249  0.0
 2.19449952   0.00982646  0.0
 2.19451024   0.00982736  0.0
 2.19455493   0.00983092  0.0
 2.42030927   0.02681310  0.0
 2.42035738   0.02681648  0.0
 2.42036893   0.02681724  0.0
 2.42041708   0.02682016  0.0
 2.42571275   0.02711591  0.0
 2.42580808   0.02712032  0.0
 2.42583097   0.02712116  0.0
 2.42592637   0.02712375  0.0
 2.57505747   0.02975077  0.0
 2.57505747   0.02475000  0.0
;;

