# exterior:
# ---------
-0.83600000  -0.24341302  0.0
-1.01317310  -0.22597106  0.0
-1.03964845  -0.22286718  0.0
-1.24269915  -0.19442696  0.0
-1.27067126  -0.18975263  0.0
-1.35823783  -0.17364115  0.0
-1.38617151  -0.16793248  0.0
-1.47474688  -0.14719314  0.0
-1.50165421  -0.13989842  0.0
-1.59324033  -0.11031979  0.0
-1.61711347  -0.10108245  0.0
-1.65418164  -0.08360060  0.0
-1.67478196  -0.07111499  0.0
-1.67970252  -0.06759441  0.0
-1.69318592  -0.05667488  0.0
-1.69779649  -0.05244087  0.0
-1.70928439  -0.04033722  0.0
-1.73225941   0.00013099  0.0
-1.72537745   0.07083209  0.0
-1.71586321   0.08723913  0.0
-1.70929198   0.09654376  0.0
-1.69776204   0.11066563  0.0
-1.69532411   0.11336935  0.0
-1.67470819   0.13394374  0.0
-1.64088967   0.16199659  0.0
-1.61701305   0.17952334  0.0
-1.52845442   0.23485169  0.0
-1.50155293   0.24937333  0.0
-1.41399952   0.29123284  0.0
-1.38607078   0.30327619  0.0
-1.29854647   0.33790890  0.0
-1.27058191   0.34811855  0.0
-1.06604348   0.41252312  0.0
-1.03957686   0.41974003  0.0
-0.83600000   0.46798271  0.0
-0.83600000   0.46284423  0.0
-1.03834235   0.41489410  0.0
-1.06463441   0.40772479  0.0
-1.26897287   0.34338319  0.0
-1.29676894   0.33323506  0.0
-1.38416057   0.29865484  0.0
-1.41193047   0.28667999  0.0
-1.49928568   0.24491524  0.0
-1.52593971   0.23052718  0.0
-1.61420513   0.17538201  0.0
-1.63781150   0.15805364  0.0
-1.67133898   0.13024221  0.0
-1.69169894   0.10992327  0.0
-1.69396656   0.10740842  0.0
-1.70530852   0.09351679  0.0
-1.71165003   0.08453743  0.0
-1.72050637   0.06926494  0.0
-1.72712953   0.00122256  0.0
-1.70523761  -0.03733786  0.0
-1.69428810  -0.04887427  0.0
-1.68991841  -0.05288707  0.0
-1.67667173  -0.06361488  0.0
-1.67202746  -0.06693779  0.0
-1.65181303  -0.07918951  0.0
-1.61514241  -0.09648387  0.0
-1.59156850  -0.10560544  0.0
-1.50023093  -0.13510379  0.0
-1.47352241  -0.14234461  0.0
-1.38510079  -0.16304796  0.0
-1.35728478  -0.16873258  0.0
-1.26980676  -0.18482776  0.0
-1.24194019  -0.18948446  0.0
-1.03901049  -0.21790773  0.0
-1.01263702  -0.22099967  0.0
-0.83600000  -0.23838884  0.0
-0.83600000  -0.24341302  0.0
;;

