# exterior:
# ---------
 0.83600000   0.49100572  0.0
 1.03962048   0.45643068  0.0
 1.04556429   0.45533698  0.0
 1.27065433   0.41077366  0.0
 1.27853570   0.40909766  0.0
 1.50169205   0.35961724  0.0
 1.51072071   0.35751594  0.0
 1.73273295   0.30396868  0.0
 1.74207737   0.30166838  0.0
 1.88812500   0.26438707  0.0
 1.88812500   0.25922673  0.0
 1.74086142   0.29681843  0.0
 1.73154919   0.29911082  0.0
 1.50956783   0.35265062  0.0
 1.50058414   0.35474146  0.0
 1.27747449   0.40421153  0.0
 1.26964875   0.40587570  0.0
 1.04462630   0.45042564  0.0
 1.03874951   0.45150700  0.0
 0.83600000   0.48593415  0.0
 0.83600000   0.49100572  0.0
;;

