# exterior:
# ---------
 1.88812500   0.26438707  0.0
 1.96377549   0.24507591  0.0
 1.97257641   0.24279367  0.0
 2.19482222   0.18435682  0.0
 2.20225213   0.18239769  0.0
 2.42587043   0.12305973  0.0
 2.43116541   0.12164126  0.0
 2.43116785   0.12164062  0.0
 2.57505747   0.08374346  0.0
 2.57505747   0.07857295  0.0
 2.42989440   0.11680550  0.0
 2.42988421   0.11680820  0.0
 2.42988177   0.11680885  0.0
 2.42987159   0.11681156  0.0
 2.42458232   0.11822849  0.0
 2.20097352   0.17756393  0.0
 2.19354907   0.17952163  0.0
 1.97131313   0.23795588  0.0
 1.96252961   0.24023361  0.0
 1.88812500   0.25922673  0.0
 1.88812500   0.26438707  0.0
;;

