# exterior:
# ---------
 1.88812500   0.26500631  0.0
 1.96392500   0.24565698  0.0
 1.97272801   0.24337421  0.0
 2.19497500   0.18493704  0.0
 2.20240557   0.18297774  0.0
 2.42602500   0.12363948  0.0
 2.43132067   0.12222083  0.0
 2.57505747   0.08436392  0.0
 2.57505747   0.08374346  0.0
 2.43116785   0.12164062  0.0
 2.43116541   0.12164126  0.0
 2.42587043   0.12305973  0.0
 2.20225213   0.18239769  0.0
 2.19482222   0.18435682  0.0
 1.97257641   0.24279367  0.0
 1.96377549   0.24507591  0.0
 1.88812500   0.26438707  0.0
 1.88812500   0.26500631  0.0
;;

