# exterior:
# ---------
-0.83600000  -0.24401592  0.0
-1.01323743  -0.22656763  0.0
-1.03972500  -0.22346232  0.0
-1.24279022  -0.19502006  0.0
-1.27077500  -0.19034361  0.0
-1.35835219  -0.17423018  0.0
-1.38630000  -0.16851863  0.0
-1.47489381  -0.14777496  0.0
-1.50182500  -0.14047378  0.0
-1.59344095  -0.11088552  0.0
-1.61735000  -0.10163427  0.0
-1.65446587  -0.08412993  0.0
-1.67511250  -0.07161626  0.0
-1.68006621  -0.06807195  0.0
-1.69357802  -0.05712942  0.0
-1.69821750  -0.05286886  0.0
-1.70977000  -0.04069715  0.0
-1.73287500   0.00000000  0.0
-1.72596198   0.07102015  0.0
-1.71636879   0.08756333  0.0
-1.70977000   0.09690699  0.0
-1.69821750   0.11105649  0.0
-1.69575913   0.11378288  0.0
-1.67511250   0.13438792  0.0
-1.64125905   0.16246974  0.0
-1.61735000   0.18002030  0.0
-1.52875619   0.23537064  0.0
-1.50182500   0.24990830  0.0
-1.41424781   0.29177918  0.0
-1.38630000   0.30383075  0.0
-1.29875978   0.33846977  0.0
-1.27077500   0.34868680  0.0
-1.06621257   0.41309892  0.0
-1.03972500   0.42032154  0.0
-0.83600000   0.46859933  0.0
-0.83600000   0.46798271  0.0
-1.03957686   0.41974003  0.0
-1.06604348   0.41252312  0.0
-1.27058191   0.34811855  0.0
-1.29854647   0.33790890  0.0
-1.38607078   0.30327619  0.0
-1.41399952   0.29123284  0.0
-1.50155293   0.24937333  0.0
-1.52845442   0.23485169  0.0
-1.61701305   0.17952334  0.0
-1.64088967   0.16199659  0.0
-1.67470819   0.13394374  0.0
-1.69532411   0.11336935  0.0
-1.69776204   0.11066563  0.0
-1.70929198   0.09654376  0.0
-1.71586321   0.08723913  0.0
-1.72537745   0.07083209  0.0
-1.73225941   0.00013099  0.0
-1.70928439  -0.04033722  0.0
-1.69779649  -0.05244087  0.0
-1.69318592  -0.05667488  0.0
-1.67970252  -0.06759441  0.0
-1.67478196  -0.07111499  0.0
-1.65418164  -0.08360060  0.0
-1.61711347  -0.10108245  0.0
-1.59324033  -0.11031979  0.0
-1.50165421  -0.13989842  0.0
-1.47474688  -0.14719314  0.0
-1.38617151  -0.16793248  0.0
-1.35823783  -0.17364115  0.0
-1.27067126  -0.18975263  0.0
-1.24269915  -0.19442696  0.0
-1.03964845  -0.22286718  0.0
-1.01317310  -0.22597106  0.0
-0.83600000  -0.24341302  0.0
-0.83600000  -0.24401592  0.0
;;

