# exterior:
# ---------
 0.75000000  -0.19868853  0.0
 0.57755326  -0.22127697  0.0
 0.35033384  -0.24624324  0.0
 0.34652160  -0.24662585  0.0
 0.12348373  -0.26410143  0.0
 0.11549845  -0.26454891  0.0
-0.10326928  -0.27166943  0.0
-0.11552635  -0.27180331  0.0
-0.33014816  -0.27042631  0.0
-0.34655791  -0.27007068  0.0
-0.55728536  -0.26262656  0.0
-0.57759027  -0.26160115  0.0
-0.75000000  -0.25031267  0.0
-0.75000000  -0.24530196  0.0
-0.57730082  -0.25660940  0.0
-0.55707100  -0.25763101  0.0
-0.34641547  -0.26507260  0.0
-0.33007795  -0.26542666  0.0
-0.11553762  -0.26680313  0.0
-0.10337793  -0.26667032  0.0
 0.11527722  -0.25955346  0.0
 0.12314853  -0.25911237  0.0
 0.34607661  -0.24164539  0.0
 0.34981113  -0.24127058  0.0
 0.57695545  -0.21631256  0.0
 0.75000000  -0.19364582  0.0
 0.75000000  -0.19868853  0.0
;;

