# exterior:
# ---------
 2.57505747   0.04375295  0.0
 2.42567979   0.04112158  0.0
 2.42558438   0.04111944  0.0
 2.42550806   0.04111737  0.0
 2.42541267   0.04111432  0.0
 2.42519905   0.04110648  0.0
 2.42510369   0.04110252  0.0
 2.42502743   0.04109899  0.0
 2.42493211   0.04109412  0.0
 2.41963645   0.04079838  0.0
 2.41958829   0.04079558  0.0
 2.41954978   0.04079324  0.0
 2.41950164   0.04079020  0.0
 2.41939382   0.04078313  0.0
 2.41934570   0.04077986  0.0
 2.41930720   0.04077716  0.0
 2.41925909   0.04077365  0.0
 2.19350476   0.02379148  0.0
 2.19346007   0.02378802  0.0
 2.19342432   0.02378516  0.0
 2.19337964   0.02378150  0.0
 2.19327958   0.02377307  0.0
 2.19323491   0.02376921  0.0
 2.19319919   0.02376604  0.0
 2.19315455   0.02376197  0.0
 2.18572398   0.02306882  0.0
 2.18567803   0.02306443  0.0
 2.18564129   0.02306083  0.0
 2.18559536   0.02305623  0.0
 2.18549252   0.02304567  0.0
 2.18544662   0.02304086  0.0
 2.18540991   0.02303692  0.0
 2.18536403   0.02303189  0.0
 1.96174459  -0.00200007  0.0
 1.96171790  -0.00200309  0.0
 1.96169655  -0.00200554  0.0
 1.96166986  -0.00200863  0.0
 1.96161009  -0.00201565  0.0
 1.96158341  -0.00201882  0.0
 1.96156207  -0.00202138  0.0
 1.96153540  -0.00202462  0.0
 1.95273240  -0.00310594  0.0
 1.95270078  -0.00310987  0.0
 1.95267548  -0.00311306  0.0
 1.95264388  -0.00311710  0.0
 1.95257309  -0.00312625  0.0
 1.95254149  -0.00313039  0.0
 1.95251622  -0.00313373  0.0
 1.95248464  -0.00313797  0.0
 1.88812500  -0.01187761  0.0
 1.89312500  -0.00615275  0.0
 1.95181185   0.00181656  0.0
 1.95181974   0.00181762  0.0
 1.95185132   0.00182186  0.0
 1.95185922   0.00182291  0.0
 1.95188449   0.00182626  0.0
 1.95189239   0.00182730  0.0
 1.95192398   0.00183144  0.0
 1.95193188   0.00183247  0.0
 1.95200267   0.00184162  0.0
 1.95201057   0.00184264  0.0
 1.95204218   0.00184667  0.0
 1.95205008   0.00184767  0.0
 1.95207537   0.00185086  0.0
 1.95208328   0.00185185  0.0
 1.95211490   0.00185579  0.0
 1.95212280   0.00185677  0.0
 1.96092581   0.00293808  0.0
 1.96093248   0.00293889  0.0
 1.96095915   0.00294213  0.0
 1.96096581   0.00294294  0.0
 1.96098715   0.00294550  0.0
 1.96099382   0.00294630  0.0
 1.96102050   0.00294947  0.0
 1.96102717   0.00295025  0.0
 1.96108694   0.00295727  0.0
 1.96109361   0.00295805  0.0
 1.96112030   0.00296114  0.0
 1.96112697   0.00296191  0.0
 1.96114833   0.00296436  0.0
 1.96115500   0.00296512  0.0
 1.96118169   0.00296815  0.0
 1.96118837   0.00296890  0.0
 2.18480780   0.02800086  0.0
 2.18481927   0.02800213  0.0
 2.18486515   0.02800716  0.0
 2.18487662   0.02800840  0.0
 2.18491333   0.02801234  0.0
 2.18492481   0.02801355  0.0
 2.18497071   0.02801837  0.0
 2.18498218   0.02801956  0.0
 2.18508503   0.02803011  0.0
 2.18509651   0.02803128  0.0
 2.18514243   0.02803588  0.0
 2.18515391   0.02803702  0.0
 2.18519066   0.02804062  0.0
 2.18520214   0.02804173  0.0
 2.18524809   0.02804613  0.0
 2.18525958   0.02804721  0.0
 2.19269014   0.02874036  0.0
 2.19270130   0.02874139  0.0
 2.19274595   0.02874545  0.0
 2.19275711   0.02874646  0.0
 2.19279283   0.02874963  0.0
 2.19280400   0.02875060  0.0
 2.19284866   0.02875447  0.0
 2.19285983   0.02875542  0.0
 2.19295989   0.02876385  0.0
 2.19297106   0.02876478  0.0
 2.19301574   0.02876844  0.0
 2.19302691   0.02876935  0.0
 2.19306266   0.02877220  0.0
 2.19307383   0.02877308  0.0
 2.19311853   0.02877654  0.0
 2.19312970   0.02877739  0.0
 2.41888403   0.04575957  0.0
 2.41889606   0.04576046  0.0
 2.41894417   0.04576396  0.0
 2.41895620   0.04576482  0.0
 2.41899469   0.04576753  0.0
 2.41900672   0.04576836  0.0
 2.41905484   0.04577163  0.0
 2.41906688   0.04577243  0.0
 2.41917469   0.04577950  0.0
 2.41918673   0.04578027  0.0
 2.41923487   0.04578331  0.0
 2.41924690   0.04578406  0.0
 2.41928542   0.04578639  0.0
 2.41929746   0.04578711  0.0
 2.41934561   0.04578992  0.0
 2.41935765   0.04579060  0.0
 2.42465332   0.04608635  0.0
 2.42467714   0.04608762  0.0
 2.42477245   0.04609249  0.0
 2.42479628   0.04609365  0.0
 2.42487255   0.04609718  0.0
 2.42489639   0.04609822  0.0
 2.42499174   0.04610218  0.0
 2.42501558   0.04610311  0.0
 2.42522920   0.04611095  0.0
 2.42525305   0.04611177  0.0
 2.42534844   0.04611482  0.0
 2.42537229   0.04611552  0.0
 2.42544861   0.04611760  0.0
 2.42547246   0.04611819  0.0
 2.42556787   0.04612032  0.0
 2.42559173   0.04612080  0.0
 2.57505747   0.04875372  0.0
 2.57505747   0.04375295  0.0
;;

