# exterior:
# ---------
-0.75000000   0.43121664  0.0
-0.58956344   0.45943482  0.0
-0.57061523   0.46221498  0.0
-0.35723083   0.48829596  0.0
-0.34211170   0.48978106  0.0
-0.12470430   0.50545809  0.0
-0.11395569   0.50594795  0.0
 0.10744185   0.50907611  0.0
 0.11379206   0.50896605  0.0
 0.33957311   0.49799221  0.0
 0.34212427   0.49780712  0.0
 0.57151725   0.47548719  0.0
 0.75000000   0.45111358  0.0
 0.74500000   0.44674998  0.0
 0.57093666   0.47052006  0.0
 0.34170119   0.49282468  0.0
 0.33927079   0.49300100  0.0
 0.11362734   0.50396816  0.0
 0.10743385   0.50407550  0.0
-0.11380652   0.50094956  0.0
-0.12441062   0.50046628  0.0
-0.34168743   0.48479867  0.0
-0.35668306   0.48332570  0.0
-0.56994891   0.45725921  0.0
-0.58876730   0.45449810  0.0
-0.74500000   0.42701931  0.0
-0.75000000   0.43121664  0.0
;;

