# exterior:
# ---------
-0.74500000   0.42701931  0.0
-0.58876730   0.45449810  0.0
-0.56994891   0.45725921  0.0
-0.35668306   0.48332570  0.0
-0.34168743   0.48479867  0.0
-0.12441062   0.50046628  0.0
-0.11380652   0.50094956  0.0
 0.10743385   0.50407550  0.0
 0.11362734   0.50396816  0.0
 0.33927079   0.49300100  0.0
 0.34170119   0.49282468  0.0
 0.57093666   0.47052006  0.0
 0.74500000   0.44674998  0.0
 0.74000000   0.44238637  0.0
 0.57035608   0.46555294  0.0
 0.34127812   0.48784223  0.0
 0.33896848   0.48800980  0.0
 0.11346261   0.49897026  0.0
 0.10742584   0.49907489  0.0
-0.11365734   0.49595117  0.0
-0.12411695   0.49547448  0.0
-0.34126317   0.47981628  0.0
-0.35613528   0.47835544  0.0
-0.56928258   0.45230344  0.0
-0.58797115   0.44956138  0.0
-0.74000000   0.42282198  0.0
-0.74500000   0.42701931  0.0
;;

