# exterior:
# ---------
 1.88885328   0.02434956  0.0
 1.88845331   0.02439611  0.0
 1.88795189   0.02440391  0.0
 1.88745221   0.02436143  0.0
 1.72539353   0.00235488  0.0
 1.72538135   0.00235321  0.0
 1.72516217   0.00232290  0.0
 1.72514999   0.00232120  0.0
 1.72509546   0.00231352  0.0
 1.72508329   0.00231179  0.0
 1.72486426   0.00228040  0.0
 1.72485209   0.00227864  0.0
 1.71549980   0.00091486  0.0
 1.71542365   0.00090369  0.0
 1.71540170   0.00090045  0.0
 1.71532557   0.00088916  0.0
 1.49361987  -0.03217469  0.0
 1.49354418  -0.03218604  0.0
 1.49352235  -0.03218933  0.0
 1.49344669  -0.03220081  0.0
 1.48441032  -0.03357822  0.0
 1.48436710  -0.03358483  0.0
 1.48436172  -0.03358565  0.0
 1.26231117  -0.06778637  0.0
 1.26230616  -0.06778714  0.0
 1.26221609  -0.06780111  0.0
 1.26221108  -0.06780189  0.0
 1.26218867  -0.06780539  0.0
 1.26218366  -0.06780617  0.0
 1.26209361  -0.06782032  0.0
 1.26208861  -0.06782111  0.0
 1.25434580  -0.06904581  0.0
 1.03149091  -0.10308802  0.0
 1.02574621  -0.10393099  0.0
 0.84100000  -0.13072966  0.0
 0.84600000  -0.12495205  0.0
 1.02502437  -0.09898337  0.0
 1.03075043  -0.09814313  0.0
 1.25357771  -0.06410514  0.0
 1.26130996  -0.06288211  0.0
 1.26131747  -0.06288093  0.0
 1.26141002  -0.06286639  0.0
 1.26141752  -0.06286521  0.0
 1.26144244  -0.06286132  0.0
 1.26144994  -0.06286016  0.0
 1.26154252  -0.06284580  0.0
 1.26155003  -0.06284464  0.0
 1.48360327  -0.02864351  0.0
 1.48361135  -0.02864227  0.0
 1.48365688  -0.02863531  0.0
 1.49269712  -0.02725731  0.0
 1.49277651  -0.02724528  0.0
 1.49280258  -0.02724135  0.0
 1.49288235  -0.02722938  0.0
 1.71459196   0.00583505  0.0
 1.71467183   0.00584689  0.0
 1.71469806   0.00585076  0.0
 1.71477832   0.00586253  0.0
 1.72413061   0.00722631  0.0
 1.72413669   0.00722720  0.0
 1.72414886   0.00722896  0.0
 1.72415494   0.00722983  0.0
 1.72437397   0.00726122  0.0
 1.72438006   0.00726209  0.0
 1.72439223   0.00726382  0.0
 1.72439831   0.00726468  0.0
 1.72445285   0.00727236  0.0
 1.72445893   0.00727321  0.0
 1.72447111   0.00727491  0.0
 1.72447720   0.00727576  0.0
 1.72469638   0.00730607  0.0
 1.72470247   0.00730691  0.0
 1.72471465   0.00730858  0.0
 1.72472074   0.00730941  0.0
 1.88677941   0.02931596  0.0
 1.88702872   0.02934347  0.0
 1.88752840   0.02938594  0.0
 1.88802959   0.02940330  0.0
 1.88853101   0.02939551  0.0
 1.88903142   0.02936258  0.0
 1.88952954   0.02930460  0.0
 1.88958208   0.02929579  0.0
 1.88885328   0.02434956  0.0
;;

