# exterior:
# ---------
 0.84100000   0.43436945  0.0
 1.03003976   0.40227024  0.0
 1.03524641   0.40131218  0.0
 1.25959292   0.35689607  0.0
 1.26686242   0.35535018  0.0
 1.48950507   0.30598366  0.0
 1.49803900   0.30399750  0.0
 1.71971162   0.25053216  0.0
 1.72870195   0.24831902  0.0
 1.88688832   0.20793908  0.0
 1.88735753   0.20784298  0.0
 1.88783379   0.20779222  0.0
 1.88831272   0.20778725  0.0
 1.88878993   0.20782814  0.0
 1.88905318   0.20787639  0.0
 1.88998243   0.20296342  0.0
 1.88969144   0.20291008  0.0
 1.88921674   0.20284639  0.0
 1.88873953   0.20280550  0.0
 1.88826091   0.20278752  0.0
 1.88778198   0.20279248  0.0
 1.88730384   0.20282038  0.0
 1.88682758   0.20287114  0.0
 1.88635430   0.20294466  0.0
 1.88588509   0.20304076  0.0
 1.88565163   0.20309443  0.0
 1.72748601   0.24346908  0.0
 1.71852787   0.24567430  0.0
 1.49688612   0.29913219  0.0
 1.48839717   0.30110788  0.0
 1.26580121   0.35046405  0.0
 1.25858734   0.35199811  0.0
 1.03430842   0.39640084  0.0
 1.02916879   0.39734656  0.0
 0.84600000   0.42844887  0.0
 0.84100000   0.43436945  0.0
;;

