# exterior:
# ---------
-0.75000000   0.43121664  0.0
-0.58956344   0.45943482  0.0
-0.57061523   0.46221498  0.0
-0.35723083   0.48829596  0.0
-0.34211170   0.48978106  0.0
-0.12470430   0.50545809  0.0
-0.11395569   0.50594795  0.0
 0.10744185   0.50907611  0.0
 0.11379206   0.50896605  0.0
 0.33957311   0.49799221  0.0
 0.34212427   0.49780712  0.0
 0.57151725   0.47548719  0.0
 0.75000000   0.45111358  0.0
 0.75000000  -0.14624433  0.0
 0.57133603  -0.16964714  0.0
 0.34489761  -0.19452760  0.0
 0.34189372  -0.19482908  0.0
 0.11999768  -0.21221520  0.0
 0.11319765  -0.21259626  0.0
-0.10439920  -0.21967867  0.0
-0.11564353  -0.21980149  0.0
-0.32941797  -0.21842993  0.0
-0.34507660  -0.21809058  0.0
-0.55505599  -0.21067288  0.0
-0.57458005  -0.20968690  0.0
-0.75000000  -0.19820133  0.0
-0.75000000   0.43121664  0.0
;;

# interior:
# ---------
-0.74500000   0.42701931  0.0
-0.74500000  -0.19351800  0.0
-0.57429061  -0.20469515  0.0
-0.55484163  -0.20567733  0.0
-0.34493417  -0.21309249  0.0
-0.32934776  -0.21343027  0.0
-0.11565479  -0.21480131  0.0
-0.10450784  -0.21467956  0.0
 0.11297642  -0.20760081  0.0
 0.11966248  -0.20722614  0.0
 0.34144873  -0.18984862  0.0
 0.34437490  -0.18955494  0.0
 0.57073822  -0.16468274  0.0
 0.74500000  -0.14185655  0.0
 0.74500000   0.44674998  0.0
 0.57093666   0.47052006  0.0
 0.34170119   0.49282468  0.0
 0.33927079   0.49300100  0.0
 0.11362734   0.50396816  0.0
 0.10743385   0.50407550  0.0
-0.11380652   0.50094956  0.0
-0.12441062   0.50046628  0.0
-0.34168743   0.48479867  0.0
-0.35668306   0.48332570  0.0
-0.56994891   0.45725921  0.0
-0.58876730   0.45449810  0.0
-0.74500000   0.42701931  0.0
;;

