# exterior:
# ---------
 2.57505747   0.04875372  0.0
 2.42559173   0.04612080  0.0
 2.42556787   0.04612032  0.0
 2.42547246   0.04611819  0.0
 2.42544861   0.04611760  0.0
 2.42537229   0.04611552  0.0
 2.42534844   0.04611482  0.0
 2.42525305   0.04611177  0.0
 2.42522920   0.04611095  0.0
 2.42501558   0.04610311  0.0
 2.42499174   0.04610218  0.0
 2.42489639   0.04609822  0.0
 2.42487255   0.04609718  0.0
 2.42479628   0.04609365  0.0
 2.42477245   0.04609249  0.0
 2.42467714   0.04608762  0.0
 2.42465332   0.04608635  0.0
 2.41935765   0.04579060  0.0
 2.41934561   0.04578992  0.0
 2.41929746   0.04578711  0.0
 2.41928542   0.04578639  0.0
 2.41924690   0.04578406  0.0
 2.41923487   0.04578331  0.0
 2.41918673   0.04578027  0.0
 2.41917469   0.04577950  0.0
 2.41906688   0.04577243  0.0
 2.41905484   0.04577163  0.0
 2.41900672   0.04576836  0.0
 2.41899469   0.04576753  0.0
 2.41895620   0.04576482  0.0
 2.41894417   0.04576396  0.0
 2.41889606   0.04576046  0.0
 2.41888403   0.04575957  0.0
 2.19312970   0.02877739  0.0
 2.19311853   0.02877654  0.0
 2.19307383   0.02877308  0.0
 2.19306266   0.02877220  0.0
 2.19302691   0.02876935  0.0
 2.19301574   0.02876844  0.0
 2.19297106   0.02876478  0.0
 2.19295989   0.02876385  0.0
 2.19285983   0.02875542  0.0
 2.19284866   0.02875447  0.0
 2.19280400   0.02875060  0.0
 2.19279283   0.02874963  0.0
 2.19275711   0.02874646  0.0
 2.19274595   0.02874545  0.0
 2.19270130   0.02874139  0.0
 2.19269014   0.02874036  0.0
 2.18525958   0.02804721  0.0
 2.18524809   0.02804613  0.0
 2.18520214   0.02804173  0.0
 2.18519066   0.02804062  0.0
 2.18515391   0.02803702  0.0
 2.18514243   0.02803588  0.0
 2.18509651   0.02803128  0.0
 2.18508503   0.02803011  0.0
 2.18498218   0.02801956  0.0
 2.18497071   0.02801837  0.0
 2.18492481   0.02801355  0.0
 2.18491333   0.02801234  0.0
 2.18487662   0.02800840  0.0
 2.18486515   0.02800716  0.0
 2.18481927   0.02800213  0.0
 2.18480780   0.02800086  0.0
 1.96118837   0.00296890  0.0
 1.96118169   0.00296815  0.0
 1.96115500   0.00296512  0.0
 1.96114833   0.00296436  0.0
 1.96112697   0.00296191  0.0
 1.96112030   0.00296114  0.0
 1.96109361   0.00295805  0.0
 1.96108694   0.00295727  0.0
 1.96102717   0.00295025  0.0
 1.96102050   0.00294947  0.0
 1.96099382   0.00294630  0.0
 1.96098715   0.00294550  0.0
 1.96096581   0.00294294  0.0
 1.96095915   0.00294213  0.0
 1.96093248   0.00293889  0.0
 1.96092581   0.00293808  0.0
 1.95212280   0.00185677  0.0
 1.95211490   0.00185579  0.0
 1.95208328   0.00185185  0.0
 1.95207537   0.00185086  0.0
 1.95205008   0.00184767  0.0
 1.95204218   0.00184667  0.0
 1.95201057   0.00184264  0.0
 1.95200267   0.00184162  0.0
 1.95193188   0.00183247  0.0
 1.95192398   0.00183144  0.0
 1.95189239   0.00182730  0.0
 1.95188449   0.00182626  0.0
 1.95185922   0.00182291  0.0
 1.95185132   0.00182186  0.0
 1.95181974   0.00181762  0.0
 1.95181185   0.00181656  0.0
 1.89312500  -0.00615275  0.0
 1.89812500  -0.00042789  0.0
 1.95114300   0.00677162  0.0
 1.95115484   0.00677322  0.0
 1.95119037   0.00677798  0.0
 1.95120222   0.00677956  0.0
 1.95123144   0.00678343  0.0
 1.95124328   0.00678499  0.0
 1.95127883   0.00678964  0.0
 1.95129068   0.00679118  0.0
 1.95136542   0.00680084  0.0
 1.95137727   0.00680237  0.0
 1.95141283   0.00680690  0.0
 1.95142468   0.00680841  0.0
 1.95145392   0.00681209  0.0
 1.95146578   0.00681358  0.0
 1.95150135   0.00681800  0.0
 1.95151321   0.00681947  0.0
 1.96031955   0.00790119  0.0
 1.96032955   0.00790241  0.0
 1.96035956   0.00790605  0.0
 1.96036956   0.00790726  0.0
 1.96039423   0.00791022  0.0
 1.96040424   0.00791142  0.0
 1.96043425   0.00791498  0.0
 1.96044426   0.00791616  0.0
 1.96050736   0.00792356  0.0
 1.96051737   0.00792473  0.0
 1.96054739   0.00792821  0.0
 1.96055740   0.00792937  0.0
 1.96058209   0.00793220  0.0
 1.96059210   0.00793334  0.0
 1.96062213   0.00793674  0.0
 1.96063214   0.00793786  0.0
 2.18425157   0.03296982  0.0
 2.18425731   0.03297046  0.0
 2.18426878   0.03297173  0.0
 2.18427451   0.03297236  0.0
 2.18432039   0.03297739  0.0
 2.18432613   0.03297802  0.0
 2.18433760   0.03297926  0.0
 2.18434333   0.03297988  0.0
 2.18438004   0.03298382  0.0
 2.18438578   0.03298443  0.0
 2.18439726   0.03298565  0.0
 2.18440299   0.03298625  0.0
 2.18444889   0.03299107  0.0
 2.18445463   0.03299167  0.0
 2.18446611   0.03299286  0.0
 2.18447185   0.03299345  0.0
 2.18457469   0.03300400  0.0
 2.18458043   0.03300459  0.0
 2.18459191   0.03300575  0.0
 2.18459765   0.03300633  0.0
 2.18464357   0.03301094  0.0
 2.18464931   0.03301151  0.0
 2.18466080   0.03301265  0.0
 2.18466654   0.03301321  0.0
 2.18470329   0.03301681  0.0
 2.18470903   0.03301737  0.0
 2.18472051   0.03301848  0.0
 2.18472625   0.03301903  0.0
 2.18477220   0.03302343  0.0
 2.18477794   0.03302397  0.0
 2.18478943   0.03302506  0.0
 2.18479517   0.03302560  0.0
 2.19222574   0.03371875  0.0
 2.19223132   0.03371926  0.0
 2.19224248   0.03372029  0.0
 2.19224806   0.03372080  0.0
 2.19229271   0.03372487  0.0
 2.19229829   0.03372537  0.0
 2.19230945   0.03372638  0.0
 2.19231503   0.03372687  0.0
 2.19235075   0.03373004  0.0
 2.19235634   0.03373054  0.0
 2.19236750   0.03373152  0.0
 2.19237308   0.03373200  0.0
 2.19241775   0.03373586  0.0
 2.19242333   0.03373634  0.0
 2.19243449   0.03373730  0.0
 2.19244008   0.03373777  0.0
 2.19254014   0.03374620  0.0
 2.19254572   0.03374667  0.0
 2.19255689   0.03374760  0.0
 2.19256248   0.03374806  0.0
 2.19260716   0.03375172  0.0
 2.19261274   0.03375218  0.0
 2.19262391   0.03375308  0.0
 2.19262950   0.03375353  0.0
 2.19266525   0.03375638  0.0
 2.19267083   0.03375682  0.0
 2.19268201   0.03375770  0.0
 2.19268759   0.03375814  0.0
 2.19273229   0.03376160  0.0
 2.19273788   0.03376203  0.0
 2.19274905   0.03376288  0.0
 2.19275464   0.03376330  0.0
 2.41850897   0.05074548  0.0
 2.41851499   0.05074593  0.0
 2.41852701   0.05074682  0.0
 2.41853302   0.05074726  0.0
 2.41858113   0.05075076  0.0
 2.41858715   0.05075120  0.0
 2.41859918   0.05075206  0.0
 2.41860519   0.05075248  0.0
 2.41864368   0.05075519  0.0
 2.41864970   0.05075561  0.0
 2.41866173   0.05075644  0.0
 2.41866774   0.05075686  0.0
 2.41871587   0.05076013  0.0
 2.41872188   0.05076053  0.0
 2.41873392   0.05076134  0.0
 2.41873993   0.05076173  0.0
 2.41884775   0.05076880  0.0
 2.41885376   0.05076919  0.0
 2.41886580   0.05076996  0.0
 2.41887181   0.05077035  0.0
 2.41891995   0.05077338  0.0
 2.41892597   0.05077376  0.0
 2.41893801   0.05077451  0.0
 2.41894403   0.05077487  0.0
 2.41898254   0.05077721  0.0
 2.41898856   0.05077757  0.0
 2.41900060   0.05077829  0.0
 2.41900662   0.05077864  0.0
 2.41905477   0.05078145  0.0
 2.41906079   0.05078180  0.0
 2.41907283   0.05078248  0.0
 2.41907885   0.05078282  0.0
 2.42437452   0.05107857  0.0
 2.42438643   0.05107922  0.0
 2.42441025   0.05108049  0.0
 2.42442217   0.05108111  0.0
 2.42451748   0.05108598  0.0
 2.42452940   0.05108658  0.0
 2.42455323   0.05108773  0.0
 2.42456514   0.05108830  0.0
 2.42464141   0.05109183  0.0
 2.42465333   0.05109237  0.0
 2.42467716   0.05109341  0.0
 2.42468908   0.05109392  0.0
 2.42478444   0.05109788  0.0
 2.42479636   0.05109836  0.0
 2.42482020   0.05109929  0.0
 2.42483212   0.05109974  0.0
 2.42504574   0.05110759  0.0
 2.42505766   0.05110801  0.0
 2.42508151   0.05110883  0.0
 2.42509343   0.05110922  0.0
 2.42518882   0.05111227  0.0
 2.42520074   0.05111264  0.0
 2.42522459   0.05111334  0.0
 2.42523652   0.05111368  0.0
 2.42531284   0.05111575  0.0
 2.42532476   0.05111606  0.0
 2.42534861   0.05111665  0.0
 2.42536054   0.05111694  0.0
 2.42545595   0.05111907  0.0
 2.42546788   0.05111933  0.0
 2.42549173   0.05111980  0.0
 2.42550366   0.05112003  0.0
 2.57505747   0.05375450  0.0
 2.57505747   0.04875372  0.0
;;

