# exterior:
# ---------
 2.57505747   0.07443654  0.0
 2.42887563   0.11293741  0.0
 2.42886748   0.11293957  0.0
 2.42884467   0.11294563  0.0
 2.42883653   0.11294780  0.0
 2.42355184   0.11436351  0.0
 2.19995063   0.17369693  0.0
 2.19253055   0.17565347  0.0
 1.97030251   0.23408565  0.0
 1.96153290   0.23635977  0.0
 1.88812500   0.25509847  0.0
 1.88812500   0.25922673  0.0
 1.96252961   0.24023361  0.0
 1.97131313   0.23795588  0.0
 2.19354907   0.17952163  0.0
 2.20097352   0.17756393  0.0
 2.42458232   0.11822849  0.0
 2.42987159   0.11681156  0.0
 2.42989440   0.11680550  0.0
 2.57505747   0.07857295  0.0
 2.57505747   0.07443654  0.0
;;

