# exterior:
# ---------
 2.57505747   0.06409552  0.0
 2.42632872   0.10326719  0.0
 2.42631853   0.10326988  0.0
 2.42631039   0.10327203  0.0
 2.42630020   0.10327473  0.0
 2.42627739   0.10328079  0.0
 2.42626721   0.10328350  0.0
 2.42625907   0.10328567  0.0
 2.42624889   0.10328839  0.0
 2.42097562   0.10470104  0.0
 2.19739341   0.16402943  0.0
 2.18998424   0.16598309  0.0
 1.96777596   0.22441007  0.0
 1.95904113   0.22667517  0.0
 1.88812500   0.24477780  0.0
 1.88812500   0.25509847  0.0
 1.96153290   0.23635977  0.0
 1.97030251   0.23408565  0.0
 2.19253055   0.17565347  0.0
 2.19995063   0.17369693  0.0
 2.42355184   0.11436351  0.0
 2.42883653   0.11294780  0.0
 2.42884467   0.11294563  0.0
 2.42886748   0.11293957  0.0
 2.42887563   0.11293741  0.0
 2.57505747   0.07443654  0.0
 2.57505747   0.06409552  0.0
;;

