# exterior:
# ---------
 2.57505747   0.03375139  0.0
 2.42585592   0.03112313  0.0
 2.42577960   0.03112106  0.0
 2.42556598   0.03111321  0.0
 2.42548971   0.03110968  0.0
 2.42019404   0.03081394  0.0
 2.42015552   0.03081160  0.0
 2.42004771   0.03080454  0.0
 2.42000922   0.03080183  0.0
 2.19425488   0.01381965  0.0
 2.19421913   0.01381680  0.0
 2.19411907   0.01380837  0.0
 2.19408335   0.01380520  0.0
 2.18665278   0.01311205  0.0
 2.18661603   0.01310845  0.0
 2.18651319   0.01309790  0.0
 2.18647648   0.01309396  0.0
 1.96285705  -0.01193800  0.0
 1.96283569  -0.01194044  0.0
 1.96277592  -0.01194746  0.0
 1.96275458  -0.01195002  0.0
 1.95395158  -0.01303134  0.0
 1.95392629  -0.01303453  0.0
 1.95385550  -0.01304368  0.0
 1.95383023  -0.01304703  0.0
 1.88812500  -0.02196939  0.0
 1.88812500  -0.01187761  0.0
 1.95248464  -0.00313797  0.0
 1.95251622  -0.00313373  0.0
 1.95254149  -0.00313039  0.0
 1.95257309  -0.00312625  0.0
 1.95264388  -0.00311710  0.0
 1.95267548  -0.00311306  0.0
 1.95270078  -0.00310987  0.0
 1.95273240  -0.00310594  0.0
 1.96153540  -0.00202462  0.0
 1.96156207  -0.00202138  0.0
 1.96158341  -0.00201882  0.0
 1.96161009  -0.00201565  0.0
 1.96166986  -0.00200863  0.0
 1.96169655  -0.00200554  0.0
 1.96171790  -0.00200309  0.0
 1.96174459  -0.00200007  0.0
 2.18536403   0.02303189  0.0
 2.18540991   0.02303692  0.0
 2.18544662   0.02304086  0.0
 2.18549252   0.02304567  0.0
 2.18559536   0.02305623  0.0
 2.18564129   0.02306083  0.0
 2.18567803   0.02306443  0.0
 2.18572398   0.02306882  0.0
 2.19315455   0.02376197  0.0
 2.19319919   0.02376604  0.0
 2.19323491   0.02376921  0.0
 2.19327958   0.02377307  0.0
 2.19337964   0.02378150  0.0
 2.19342432   0.02378516  0.0
 2.19346007   0.02378802  0.0
 2.19350476   0.02379148  0.0
 2.41925909   0.04077365  0.0
 2.41930720   0.04077716  0.0
 2.41934570   0.04077986  0.0
 2.41939382   0.04078313  0.0
 2.41950164   0.04079020  0.0
 2.41954978   0.04079324  0.0
 2.41958829   0.04079558  0.0
 2.41963645   0.04079838  0.0
 2.42493211   0.04109412  0.0
 2.42502743   0.04109899  0.0
 2.42510369   0.04110252  0.0
 2.42519905   0.04110648  0.0
 2.42541267   0.04111432  0.0
 2.42550806   0.04111737  0.0
 2.42558438   0.04111944  0.0
 2.42567979   0.04112158  0.0
 2.57505747   0.04375295  0.0
 2.57505747   0.03375139  0.0
;;

