# exterior:
# ---------
 2.87043508   0.00758296  0.0
 2.65768830   0.03102340  0.0
 2.65727667   0.03105346  0.0
 2.65471202   0.03114588  0.0
 2.65441171   0.03114864  0.0
 2.64745300   0.03102606  0.0
 2.64745300   0.03502668  0.0
 2.65434126   0.03514802  0.0
 2.65444853   0.03514847  0.0
 2.65474883   0.03514571  0.0
 2.65485607   0.03514328  0.0
 2.65742072   0.03505086  0.0
 2.65756793   0.03504284  0.0
 2.65797955   0.03501279  0.0
 2.65812637   0.03499934  0.0
 2.80321758   0.01901319  0.0
 2.87043508   0.00758296  0.0
;;

