# exterior:
# ---------
 0.83600000   1.25066500  0.0
 0.94062080   1.22660927  0.0
 1.14404870   1.17542813  0.0
 1.34747842   1.12058525  0.0
 1.55083319   1.06261464  0.0
 1.75426564   1.00189765  0.0
 1.95769936   0.93904448  0.0
 2.16105775   0.87443662  0.0
 2.36449325   0.80837920  0.0
 2.52015022   0.75696046  0.0
 2.52015022   0.75169472  0.0
 2.36293699   0.80362755  0.0
 2.15952867   0.86967614  0.0
 1.95620438   0.93427317  0.0
 1.75281263   0.99711336  0.0
 1.54943277   1.05781467  0.0
 1.34614223   1.11576696  0.0
 1.14278789   1.17058952  0.0
 0.93945049   1.22174790  0.0
 0.83600000   1.24553453  0.0
 0.83600000   1.25066500  0.0
;;

