# exterior:
# ---------
 0.75000000  -1.30637575  0.0
 0.63542966  -1.35165402  0.0
 0.43208691  -1.42457062  0.0
 0.22867112  -1.48894368  0.0
 0.02525919  -1.54393430  0.0
-0.17807124  -1.58809346  0.0
-0.38147243  -1.61982008  0.0
-0.58486773  -1.63758953  0.0
-0.75000000  -1.63913803  0.0
-0.75000000  -1.63413781  0.0
-0.58510912  -1.63259157  0.0
-0.38207599  -1.61485377  0.0
-0.17898791  -1.58317599  0.0
 0.02407543  -1.53907483  0.0
 0.22726377  -1.48414465  0.0
 0.43048820  -1.41983216  0.0
 0.63366650  -1.34697452  0.0
 0.75000000  -1.30099945  0.0
 0.75000000  -1.30637575  0.0
;;

