# exterior:
# ---------
 3.96774632  -0.00672244  0.0
 3.93154348  -0.01161019  0.0
 3.93151478  -0.01161478  0.0
 3.77498822  -0.04052490  0.0
 3.77496017  -0.04053078  0.0
 3.72936000  -0.05122790  0.0
 3.72936000  -0.04609216  0.0
 3.77381824  -0.03566292  0.0
 3.77393485  -0.03563703  0.0
 3.77396290  -0.03563116  0.0
 3.77408009  -0.03560806  0.0
 3.93060665  -0.00669794  0.0
 3.93072600  -0.00667739  0.0
 3.93075470  -0.00667281  0.0
 3.93087450  -0.00665515  0.0
 3.96774632  -0.00167708  0.0
 3.96774632  -0.00672244  0.0
;;

