# exterior:
# ---------
 2.60615022   0.72838932  0.0
 2.77129031   0.67313615  0.0
 2.97175325   0.60562865  0.0
 3.16420719   0.54056198  0.0
 3.34865208   0.47808871  0.0
 3.52516439   0.41843762  0.0
 3.52516613   0.41843704  0.0
 3.69366865   0.36206612  0.0
 3.69367008   0.36206564  0.0
 3.72936000   0.35022554  0.0
 3.72936000   0.34495758  0.0
 3.69209570   0.35731997  0.0
 3.69208974   0.35732195  0.0
 3.69208831   0.35732243  0.0
 3.69208236   0.35732442  0.0
 3.52357984   0.41369534  0.0
 3.52357259   0.41369777  0.0
 3.52357085   0.41369835  0.0
 3.52356361   0.41370080  0.0
 3.34704804   0.47335299  0.0
 3.16260448   0.53582581  0.0
 2.97015468   0.60089108  0.0
 2.76969920   0.66839607  0.0
 2.60615022   0.72311688  0.0
 2.60615022   0.72838932  0.0
;;

