# exterior:
# ---------
 3.72936000  -0.05184418  0.0
 3.61056124  -0.07971260  0.0
 3.43809216  -0.12822668  0.0
 3.25761368  -0.18703856  0.0
 3.06912580  -0.25584312  0.0
 2.87270480  -0.33425896  0.0
 2.66980000  -0.42098932  0.0
 2.60615022  -0.44958041  0.0
 2.60615022  -0.44892266  0.0
 2.66955415  -0.42044200  0.0
 2.66956417  -0.42043761  0.0
 2.87246897  -0.33370725  0.0
 2.87248234  -0.33370172  0.0
 3.06890334  -0.25528588  0.0
 3.06892006  -0.25527950  0.0
 3.25740794  -0.18647494  0.0
 3.25742778  -0.18646809  0.0
 3.43790626  -0.12765621  0.0
 3.43792969  -0.12764910  0.0
 3.61039877  -0.07913502  0.0
 3.61042421  -0.07912846  0.0
 3.72936000  -0.05122790  0.0
 3.72936000  -0.05184418  0.0
;;

