# exterior:
# ---------
 4.72936000  -0.02646916  0.0
 4.70342480  -0.01990908  0.0
 4.59472580   0.00305120  0.0
 4.47809368   0.01769696  0.0
 4.35345216   0.02311284  0.0
 4.32494918   0.02237527  0.0
 4.32494918   0.02297547  0.0
 4.35343664   0.02371264  0.0
 4.35347821   0.02371227  0.0
 4.47811973   0.01829639  0.0
 4.47816844   0.01829228  0.0
 4.59480056   0.00364652  0.0
 4.59484980   0.00363825  0.0
 4.70354880  -0.01932203  0.0
 4.70357193  -0.01932740  0.0
 4.72876000  -0.02569850  0.0
 4.72876000  -0.02569850  0.0
 4.72936000  -0.02646916  0.0
;;

