# exterior:
# ---------
-0.83600000  -1.63583838  0.0
-0.99156798  -1.62393892  0.0
-1.18824378  -1.59137569  0.0
-1.37424538  -1.54462744  0.0
-1.54949665  -1.48659166  0.0
-1.71407202  -1.41948030  0.0
-1.86796994  -1.34466669  0.0
-2.01111431  -1.26321853  0.0
-2.14365707  -1.17643277  0.0
-2.26536910  -1.08499622  0.0
-2.37647971  -0.98982393  0.0
-2.47683639  -0.89190753  0.0
-2.56651540  -0.79231502  0.0
-2.64551666  -0.69196207  0.0
-2.71376231  -0.59207179  0.0
-2.77132898  -0.49142543  0.0
-2.81821880  -0.39009766  0.0
-2.85443095  -0.28839870  0.0
-2.87989451  -0.17785329  0.0
-2.89468679  -0.06896995  0.0
-2.89666769  -0.04321822  0.0
-2.89803924  -0.00001442  0.0
-2.88858524   0.11831312  0.0
-2.86845754   0.23885060  0.0
-2.83766041   0.34343886  0.0
-2.79611185   0.44140198  0.0
-2.74388565   0.53899253  0.0
-2.68098367   0.63460355  0.0
-2.60740440   0.72800729  0.0
-2.52307156   0.81882140  0.0
-2.42806144   0.90605380  0.0
-2.32229670   0.98901851  0.0
-2.20592958   1.06725747  0.0
-2.07873091   1.14008405  0.0
-1.94092879   1.20704048  0.0
-1.79244766   1.26759210  0.0
-1.63321123   1.32082344  0.0
-1.46321961   1.36604777  0.0
-1.28262534   1.40204460  0.0
-1.09127540   1.42805111  0.0
-0.88993046   1.44292318  0.0
-0.83600000   1.44403535  0.0
-0.83600000   1.43903429  0.0
-0.88969459   1.43792698  0.0
-1.09075407   1.42307599  0.0
-1.28179918   1.39711091  0.0
-1.46208704   1.36117516  0.0
-1.63177447   1.31603175  0.0
-1.79070920   1.26290127  0.0
-1.93889002   1.20247212  0.0
-2.07639349   1.13566080  0.0
-2.20328910   1.06300774  0.0
-2.31935487   0.98497138  0.0
-2.42482280   0.90223951  0.0
-2.51954326   0.81527305  0.0
-2.60360236   0.72475372  0.0
-2.67692389   0.63167716  0.0
-2.73958409   0.53643366  0.0
-2.79159690   0.43924185  0.0
-2.83294516   0.34175099  0.0
-2.86357567   0.23772857  0.0
-2.88361820   0.11770113  0.0
-2.89303291  -0.00013457  0.0
-2.89167378  -0.04294701  0.0
-2.88971269  -0.06844122  0.0
-2.87497080  -0.17695370  0.0
-2.84962353  -0.28699424  0.0
-2.81358514  -0.38820520  0.0
-2.76688178  -0.48913002  0.0
-2.70952122  -0.58941603  0.0
-2.64148348  -0.68900200  0.0
-2.56268906  -0.78909222  0.0
-2.47322893  -0.88844164  0.0
-2.37310395  -0.98613197  0.0
-2.26223796  -1.08109474  0.0
-2.14078299  -1.17233817  0.0
-2.00850593  -1.25894996  0.0
-1.86563813  -1.34024075  0.0
-1.71203285  -1.41491210  0.0
-1.54776478  -1.48189815  0.0
-1.37284819  -1.53982310  0.0
-1.18722433  -1.58647641  0.0
-0.99096779  -1.61897022  0.0
-0.83600000  -1.63082377  0.0
-0.83600000  -1.63583838  0.0
;;

