# exterior:
# ---------
-0.75000000   1.44580888  0.0
-0.68652112   1.44711797  0.0
-0.48310743   1.44216038  0.0
-0.27976619   1.42934668  0.0
-0.07634618   1.40989707  0.0
 0.12707499   1.38419293  0.0
 0.33042130   1.35253925  0.0
 0.53384540   1.31546984  0.0
 0.73727072   1.27336607  0.0
 0.75000000   1.27043919  0.0
 0.75000000   1.26530872  0.0
 0.73620368   1.26848094  0.0
 0.53289038   1.31056153  0.0
 0.32958844   1.34760868  0.0
 0.12637691   1.37924138  0.0
-0.07689766   1.40492700  0.0
-0.28016147   1.42436167  0.0
-0.48332565   1.43716421  0.0
-0.68653050   1.44211671  0.0
-0.75000000   1.44080782  0.0
-0.75000000   1.44580888  0.0
;;

