# exterior:
# ---------
 4.32494918   0.02297547  0.0
 4.22078572   0.02028004  0.0
 4.22075096   0.02027813  0.0
 4.08016692   0.00845473  0.0
 4.08013692   0.00845145  0.0
 4.01264555  -0.00066058  0.0
 4.01264555   0.00438478  0.0
 4.07946794   0.01340649  0.0
 4.07959274   0.01342174  0.0
 4.07962274   0.01342503  0.0
 4.07974789   0.01343714  0.0
 4.22033193   0.02526054  0.0
 4.22047665   0.02527060  0.0
 4.22051142   0.02527251  0.0
 4.22065638   0.02527837  0.0
 4.32494918   0.02797714  0.0
 4.32494918   0.02297547  0.0
;;

