# exterior:
# ---------
 0.83600000   1.25128065  0.0
 0.94076124   1.22719264  0.0
 1.14420000   1.17600876  0.0
 1.34763876   1.12116344  0.0
 1.55100124   1.06319064  0.0
 1.75444000   1.00247176  0.0
 1.95787876   0.93961704  0.0
 2.16124124   0.87500788  0.0
 2.36468000   0.80894940  0.0
 2.52015022   0.75759235  0.0
 2.52015022   0.75696046  0.0
 2.36449325   0.80837920  0.0
 2.16105775   0.87443662  0.0
 1.95769936   0.93904448  0.0
 1.75426564   1.00189765  0.0
 1.55083319   1.06261464  0.0
 1.34747842   1.12058525  0.0
 1.14404870   1.17542813  0.0
 0.94062080   1.22660927  0.0
 0.83600000   1.25066500  0.0
 0.83600000   1.25128065  0.0
;;

