# exterior:
# ---------
 3.72936000  -0.05122790  0.0
 3.61042421  -0.07912846  0.0
 3.61039877  -0.07913502  0.0
 3.43792969  -0.12764910  0.0
 3.43790626  -0.12765621  0.0
 3.25742778  -0.18646809  0.0
 3.25740794  -0.18647494  0.0
 3.06892006  -0.25527950  0.0
 3.06890334  -0.25528588  0.0
 2.87248234  -0.33370172  0.0
 2.87246897  -0.33370725  0.0
 2.66956417  -0.42043761  0.0
 2.66955415  -0.42044200  0.0
 2.60615022  -0.44892266  0.0
 2.60615022  -0.44344138  0.0
 2.66750538  -0.41588102  0.0
 2.66754707  -0.41586252  0.0
 2.66755710  -0.41585813  0.0
 2.66759896  -0.41584001  0.0
 2.87050376  -0.32910965  0.0
 2.87055931  -0.32908630  0.0
 2.87057267  -0.32908078  0.0
 2.87062850  -0.32905810  0.0
 3.06704950  -0.25064226  0.0
 3.06711896  -0.25061512  0.0
 3.06713568  -0.25060874  0.0
 3.06720554  -0.25058264  0.0
 3.25569342  -0.18177808  0.0
 3.25577585  -0.18174881  0.0
 3.25579570  -0.18174196  0.0
 3.25587863  -0.18171413  0.0
 3.43635711  -0.12290225  0.0
 3.43645443  -0.12287163  0.0
 3.43647785  -0.12286452  0.0
 3.43657578  -0.12283589  0.0
 3.60904486  -0.07432181  0.0
 3.60915055  -0.07429333  0.0
 3.60917599  -0.07428677  0.0
 3.60928228  -0.07426060  0.0
 3.72936000  -0.04609216  0.0
 3.72936000  -0.05122790  0.0
;;

