# exterior:
# ---------
 2.60615022   0.72902202  0.0
 2.77148124   0.67370496  0.0
 2.97194508   0.60619716  0.0
 3.16439952   0.54113032  0.0
 3.34884456   0.47865700  0.0
 3.52535648   0.41900604  0.0
 3.69385900   0.36263512  0.0
 3.72936000   0.35085770  0.0
 3.72936000   0.35022554  0.0
 3.69367008   0.36206564  0.0
 3.69366865   0.36206612  0.0
 3.52516613   0.41843704  0.0
 3.52516439   0.41843762  0.0
 3.34865208   0.47808871  0.0
 3.16420719   0.54056198  0.0
 2.97175325   0.60562865  0.0
 2.77129031   0.67313615  0.0
 2.60615022   0.72838932  0.0
 2.60615022   0.72902202  0.0
;;

