# exterior:
# ---------
 2.52015022  -0.48821108  0.0
 2.46636124  -0.51237276  0.0
 2.26299876  -0.60703624  0.0
 2.05956000  -0.70391184  0.0
 1.85612124  -0.80208420  0.0
 1.65275876  -0.90040912  0.0
 1.44932000  -0.99797124  0.0
 1.24588124  -1.09332124  0.0
 1.04251876  -1.18516236  0.0
 0.83908000  -1.27181644  0.0
 0.83600000  -1.27303366  0.0
 0.83600000  -1.27238850  0.0
 0.83885214  -1.27126134  0.0
 1.04227769  -1.18461288  0.0
 1.24563043  -1.09277616  0.0
 1.44906295  -0.99742908  0.0
 1.65249845  -0.89986853  0.0
 1.85586048  -0.80154383  0.0
 2.05929924  -0.70337147  0.0
 2.05930204  -0.70337012  0.0
 2.26274080  -0.60649452  0.0
 2.26274555  -0.60649229  0.0
 2.46610803  -0.51182881  0.0
 2.46611539  -0.51182544  0.0
 2.52015022  -0.48755333  0.0
 2.52015022  -0.48821108  0.0
;;

