# exterior:
# ---------
 0.75000000  -1.30702091  0.0
 0.63564124  -1.35221556  0.0
 0.43227876  -1.42513924  0.0
 0.22884000  -1.48951956  0.0
 0.02540124  -1.54451744  0.0
-0.17796124  -1.58868356  0.0
-0.38140000  -1.62041604  0.0
-0.58483876  -1.63818928  0.0
-0.75000000  -1.63973805  0.0
-0.75000000  -1.63913803  0.0
-0.58486773  -1.63758953  0.0
-0.38147243  -1.61982008  0.0
-0.17807124  -1.58809346  0.0
 0.02525919  -1.54393430  0.0
 0.22867112  -1.48894368  0.0
 0.43208691  -1.42457062  0.0
 0.63542966  -1.35165402  0.0
 0.75000000  -1.30637575  0.0
 0.75000000  -1.30702091  0.0
;;

