# exterior:
# ---------
-0.75000000   1.44640901  0.0
-0.68652000   1.44771812  0.0
-0.48308124   1.44275992  0.0
-0.27971876   1.42994488  0.0
-0.07628000   1.41049348  0.0
 0.12715876   1.38478712  0.0
 0.33052124   1.35313092  0.0
 0.53396000   1.31605884  0.0
 0.73739876   1.27395228  0.0
 0.75000000   1.27105485  0.0
 0.75000000   1.27043919  0.0
 0.73727072   1.27336607  0.0
 0.53384540   1.31546984  0.0
 0.33042130   1.35253925  0.0
 0.12707499   1.38419293  0.0
-0.07634618   1.40989707  0.0
-0.27976619   1.42934668  0.0
-0.48310743   1.44216038  0.0
-0.68652112   1.44711797  0.0
-0.75000000   1.44580888  0.0
-0.75000000   1.44640901  0.0
;;

