# exterior:
# ---------
 0.74500000  -1.15136383  0.0
 0.58394533  -1.21501274  0.0
 0.38540447  -1.28620743  0.0
 0.18757653  -1.34881215  0.0
-0.00930650  -1.40203775  0.0
-0.20483809  -1.44450316  0.0
-0.39909646  -1.47480368  0.0
-0.59191627  -1.49164920  0.0
-0.74500000  -1.49308472  0.0
-0.74000000  -1.48803762  0.0
-0.59215766  -1.48665125  0.0
-0.39970003  -1.46983736  0.0
-0.20575476  -1.43958568  0.0
-0.01049025  -1.39717827  0.0
 0.18616918  -1.34401312  0.0
 0.38380575  -1.28146897  0.0
 0.58218217  -1.21033324  0.0
 0.73999999  -1.14796354  0.0
 0.74000000  -1.14796354  0.0
 0.74500000  -1.15136383  0.0
;;

