# exterior:
# ---------
 0.83600000  -1.20182533  0.0
 0.83600000   1.18396888  0.0
 0.92540677   1.16341136  0.0
 1.12765818   1.11252621  0.0
 1.33010798   1.05794751  0.0
 1.53262777   1.00021494  0.0
 1.73537655   0.93970199  0.0
 1.93826458   0.87701742  0.0
 2.14117969   0.81255039  0.0
 2.34426189   0.74660769  0.0
 2.52015022   0.68850585  0.0
 2.52015022  -0.41629675  0.0
 2.43948144  -0.45253267  0.0
 2.43911316  -0.45269959  0.0
 2.43904451  -0.45273099  0.0
 2.43867736  -0.45290039  0.0
 2.23531488  -0.54756387  0.0
 2.23507694  -0.54767526  0.0
 2.23503257  -0.54769615  0.0
 2.23479512  -0.54780859  0.0
 2.03135636  -0.64468419  0.0
 2.03121606  -0.64475122  0.0
 2.03118988  -0.64476377  0.0
 2.03104975  -0.64483117  0.0
 1.82761099  -0.74300353  0.0
 1.62429814  -0.84130443  0.0
 1.42121632  -0.93869538  0.0
 1.21845983  -1.03372560  0.0
 1.01616206  -1.12508589  0.0
 0.83600000  -1.20182533  0.0
;;

# interior:
# ---------
 0.84100000  -1.19426092  0.0
 1.01415316  -1.12050689  0.0
 1.21636978  -1.02918325  0.0
 1.41907427  -0.93417740  0.0
 1.62212889  -0.83679950  0.0
 1.82543456  -0.73850207  0.0
 2.02887672  -0.64032807  0.0
 2.02888255  -0.64032526  0.0
 2.02902268  -0.64025786  0.0
 2.02902852  -0.64025505  0.0
 2.02905470  -0.64024251  0.0
 2.02906054  -0.64023971  0.0
 2.02920084  -0.64017268  0.0
 2.02920669  -0.64016989  0.0
 2.23264545  -0.54329429  0.0
 2.23265534  -0.54328959  0.0
 2.23289279  -0.54317716  0.0
 2.23290269  -0.54317248  0.0
 2.23294706  -0.54315159  0.0
 2.23295697  -0.54314694  0.0
 2.23319491  -0.54303554  0.0
 2.23320483  -0.54303091  0.0
 2.43656731  -0.44836743  0.0
 2.43658260  -0.44836035  0.0
 2.43694975  -0.44819095  0.0
 2.43696506  -0.44818391  0.0
 2.43703370  -0.44815252  0.0
 2.43704903  -0.44814554  0.0
 2.43741732  -0.44797862  0.0
 2.43743267  -0.44797169  0.0
 2.51515022  -0.41306144  0.0
 2.51515022   0.68489178  0.0
 2.34270563   0.74185604  0.0
 2.13965060   0.80778992  0.0
 1.93676960   0.87224611  0.0
 1.73392354   0.93491771  0.0
 1.53122735   0.99541496  0.0
 1.32877179   1.05312922  0.0
 1.12639737   1.10768760  0.0
 0.92423646   1.15854999  0.0
 0.84100000   1.17768875  0.0
 0.84100000  -1.19426092  0.0
;;

