# exterior:
# ---------
 2.60615022   0.65984756  0.0
 2.75060592   0.61151505  0.0
 2.95097186   0.54404022  0.0
 3.14337186   0.47899178  0.0
 3.32779962   0.41652432  0.0
 3.50435429   0.35685889  0.0
 3.50444119   0.35682960  0.0
 3.50445742   0.35682414  0.0
 3.50454436   0.35679498  0.0
 3.67304688   0.30042406  0.0
 3.67311838   0.30040019  0.0
 3.67313173   0.30039575  0.0
 3.67320326   0.30037197  0.0
 3.72936000   0.28174202  0.0
 3.72436000   0.27813280  0.0
 3.72436000   0.27813280  0.0
 3.67162889   0.29562630  0.0
 3.67155438   0.29565107  0.0
 3.67153805   0.29565651  0.0
 3.67146357   0.29568137  0.0
 3.50295807   0.35205329  0.0
 3.50286750   0.35208366  0.0
 3.50284765   0.35209033  0.0
 3.50275713   0.35212085  0.0
 3.32619884   0.41178749  0.0
 3.14176915   0.47425561  0.0
 2.94937329   0.53930265  0.0
 2.74901482   0.60677496  0.0
 2.61115022   0.65290220  0.0
 2.60615022   0.65984756  0.0
;;

