# exterior:
# ---------
 2.60615022  -0.37766608  0.0
 2.60615022   0.65984756  0.0
 2.75060592   0.61151505  0.0
 2.95097186   0.54404022  0.0
 3.14337186   0.47899178  0.0
 3.32779962   0.41652432  0.0
 3.50435429   0.35685889  0.0
 3.50444119   0.35682960  0.0
 3.50445742   0.35682414  0.0
 3.50454436   0.35679498  0.0
 3.67304688   0.30042406  0.0
 3.67311838   0.30040019  0.0
 3.67313173   0.30039575  0.0
 3.67320326   0.30037197  0.0
 3.72936000   0.28174202  0.0
 3.72936000   0.21852647  0.0
 3.81480393   0.19018052  0.0
 3.81494838   0.19013271  0.0
 3.81501451   0.19011087  0.0
 3.81515904   0.19006331  0.0
 3.96776722   0.14000780  0.0
 3.96792807   0.13995518  0.0
 3.96800173   0.13993115  0.0
 3.96816267   0.13987884  0.0
 4.01264555   0.12547351  0.0
 3.91481894   0.11226591  0.0
 3.91409946   0.11216434  0.0
 3.91266180   0.11195248  0.0
 3.91194361   0.11184220  0.0
 3.91167577   0.11179941  0.0
 3.91095896   0.11168044  0.0
 3.90952685   0.11143382  0.0
 3.90881155   0.11130618  0.0
 3.75228499   0.08239606  0.0
 3.75158101   0.08226169  0.0
 3.75017472   0.08198454  0.0
 3.74947241   0.08184177  0.0
 3.74921056   0.08178690  0.0
 3.74850999   0.08163575  0.0
 3.74711073   0.08132509  0.0
 3.74641202   0.08116558  0.0
 3.72936000   0.07716543  0.0
 3.72936000   0.01553663  0.0
 3.59557917  -0.01584635  0.0
 3.59430366  -0.01616034  0.0
 3.59406624  -0.01622155  0.0
 3.59279790  -0.01656338  0.0
 3.42032882  -0.06507746  0.0
 3.41915374  -0.06542098  0.0
 3.41893507  -0.06548733  0.0
 3.41776724  -0.06585475  0.0
 3.23728876  -0.12466663  0.0
 3.23629362  -0.12500057  0.0
 3.23610841  -0.12506453  0.0
 3.23511926  -0.12541583  0.0
 3.04663138  -0.19422039  0.0
 3.04579302  -0.19453352  0.0
 3.04563697  -0.19459314  0.0
 3.04480337  -0.19491875  0.0
 2.84838237  -0.27333459  0.0
 2.84771248  -0.27360671  0.0
 2.84758774  -0.27365826  0.0
 2.84692118  -0.27393844  0.0
 2.64401638  -0.36066880  0.0
 2.64351408  -0.36088622  0.0
 2.64342050  -0.36092724  0.0
 2.64292020  -0.36114923  0.0
 2.60615022  -0.37766608  0.0
;;

# interior:
# ---------
 2.61115022  -0.36993884  0.0
 2.64087143  -0.35658825  0.0
 2.64089226  -0.35657895  0.0
 2.64139256  -0.35635696  0.0
 2.64141343  -0.35634775  0.0
 2.64150700  -0.35630674  0.0
 2.64152791  -0.35629763  0.0
 2.64203021  -0.35608021  0.0
 2.64205116  -0.35607120  0.0
 2.84495596  -0.26934084  0.0
 2.84498370  -0.26932908  0.0
 2.84565027  -0.26904890  0.0
 2.84567808  -0.26903731  0.0
 2.84580281  -0.26898576  0.0
 2.84583069  -0.26897434  0.0
 2.84650058  -0.26870221  0.0
 2.84652853  -0.26869096  0.0
 3.04294953  -0.19027512  0.0
 3.04298421  -0.19026142  0.0
 3.04381781  -0.18993582  0.0
 3.04385259  -0.18992238  0.0
 3.04400864  -0.18986276  0.0
 3.04404353  -0.18984959  0.0
 3.04488189  -0.18953645  0.0
 3.04491687  -0.18952353  0.0
 3.23340475  -0.12071897  0.0
 3.23344590  -0.12070415  0.0
 3.23443505  -0.12035286  0.0
 3.23447633  -0.12033840  0.0
 3.23466153  -0.12027444  0.0
 3.23470293  -0.12026035  0.0
 3.23569808  -0.11992640  0.0
 3.23573961  -0.11991267  0.0
 3.41621809  -0.06110079  0.0
 3.41626667  -0.06108523  0.0
 3.41743450  -0.06071781  0.0
 3.41748323  -0.06070275  0.0
 3.41770191  -0.06063640  0.0
 3.41775079  -0.06062184  0.0
 3.41892588  -0.06027832  0.0
 3.41897491  -0.06026426  0.0
 3.59144399  -0.01175018  0.0
 3.59149676  -0.01173565  0.0
 3.59276509  -0.01139381  0.0
 3.59281802  -0.01137986  0.0
 3.59305544  -0.01131865  0.0
 3.59310852  -0.01130528  0.0
 3.59438403  -0.01099129  0.0
 3.59443725  -0.01097850  0.0
 3.72436000   0.01949944  0.0
 3.72436000   0.07716543  0.0
 3.72438290   0.07764341  0.0
 3.72445138   0.07811700  0.0
 3.72456483   0.07858188  0.0
 3.72472220   0.07903379  0.0
 3.72492204   0.07946859  0.0
 3.72516254   0.07988229  0.0
 3.72544148   0.08027110  0.0
 3.72575631   0.08063147  0.0
 3.72610415   0.08096009  0.0
 3.72648181   0.08125395  0.0
 3.72688584   0.08151037  0.0
 3.72731252   0.08172699  0.0
 3.72775796   0.08190183  0.0
 3.72821807   0.08203328  0.0
 3.74527009   0.08603343  0.0
 3.74529919   0.08604017  0.0
 3.74599789   0.08619968  0.0
 3.74602703   0.08620624  0.0
 3.74742629   0.08651690  0.0
 3.74745546   0.08652328  0.0
 3.74815603   0.08667444  0.0
 3.74818524   0.08668065  0.0
 3.74844709   0.08673551  0.0
 3.74847633   0.08674154  0.0
 3.74917865   0.08688432  0.0
 3.74920793   0.08689018  0.0
 3.75061422   0.08716733  0.0
 3.75064354   0.08717302  0.0
 3.75134751   0.08730739  0.0
 3.75137686   0.08731290  0.0
 3.90790342   0.11622302  0.0
 3.90793321   0.11622843  0.0
 3.90864851   0.11635607  0.0
 3.90867833   0.11636130  0.0
 3.91011044   0.11660791  0.0
 3.91014030   0.11661296  0.0
 3.91085710   0.11673193  0.0
 3.91088698   0.11673680  0.0
 3.91115482   0.11677959  0.0
 3.91118474   0.11678427  0.0
 3.91190292   0.11689455  0.0
 3.91193286   0.11689906  0.0
 3.91337053   0.11711091  0.0
 3.91340049   0.11711524  0.0
 3.91411996   0.11721681  0.0
 3.91414995   0.11722096  0.0
 3.99019593   0.12748794  0.0
 3.96662224   0.13512205  0.0
 3.96661702   0.13512374  0.0
 3.96645607   0.13517605  0.0
 3.96645072   0.13517780  0.0
 3.96637707   0.13520183  0.0
 3.96621263   0.13525562  0.0
 3.81360072   0.18531235  0.0
 3.81345151   0.18536145  0.0
 3.81344671   0.18536303  0.0
 3.81338057   0.18538487  0.0
 3.81323290   0.18543374  0.0
 3.72778563   0.21378080  0.0
 3.72733712   0.21395395  0.0
 3.72690732   0.21416936  0.0
 3.72650019   0.21442507  0.0
 3.72611951   0.21471869  0.0
 3.72576878   0.21504751  0.0
 3.72545126   0.21540850  0.0
 3.72516987   0.21579832  0.0
 3.72492722   0.21621336  0.0
 3.72472556   0.21664978  0.0
 3.72456674   0.21710356  0.0
 3.72445224   0.21757049  0.0
 3.72438311   0.21804626  0.0
 3.72436000   0.21852647  0.0
 3.72436000   0.27813280  0.0
 3.67162889   0.29562630  0.0
 3.67155438   0.29565107  0.0
 3.67153805   0.29565651  0.0
 3.67146357   0.29568137  0.0
 3.50295807   0.35205329  0.0
 3.50286750   0.35208366  0.0
 3.50284765   0.35209033  0.0
 3.50275713   0.35212085  0.0
 3.32619884   0.41178749  0.0
 3.14176915   0.47425561  0.0
 2.94937329   0.53930265  0.0
 2.74901482   0.60677496  0.0
 2.61115022   0.65290220  0.0
 2.61115022  -0.36993884  0.0
;;

