# exterior:
# ---------
 3.72936000   0.01553663  0.0
 3.59557917  -0.01584635  0.0
 3.59430366  -0.01616034  0.0
 3.59406624  -0.01622155  0.0
 3.59279790  -0.01656338  0.0
 3.42032882  -0.06507746  0.0
 3.41915374  -0.06542098  0.0
 3.41893507  -0.06548733  0.0
 3.41776724  -0.06585475  0.0
 3.23728876  -0.12466663  0.0
 3.23629362  -0.12500057  0.0
 3.23610841  -0.12506453  0.0
 3.23511926  -0.12541583  0.0
 3.04663138  -0.19422039  0.0
 3.04579302  -0.19453352  0.0
 3.04563697  -0.19459314  0.0
 3.04480337  -0.19491875  0.0
 2.84838237  -0.27333459  0.0
 2.84771248  -0.27360671  0.0
 2.84758774  -0.27365826  0.0
 2.84692118  -0.27393844  0.0
 2.64401638  -0.36066880  0.0
 2.64351408  -0.36088622  0.0
 2.64342050  -0.36092724  0.0
 2.64292020  -0.36114923  0.0
 2.60615022  -0.37766608  0.0
 2.61115022  -0.36993884  0.0
 2.64087143  -0.35658825  0.0
 2.64089226  -0.35657895  0.0
 2.64139256  -0.35635696  0.0
 2.64141343  -0.35634775  0.0
 2.64150700  -0.35630674  0.0
 2.64152791  -0.35629763  0.0
 2.64203021  -0.35608021  0.0
 2.64205116  -0.35607120  0.0
 2.84495596  -0.26934084  0.0
 2.84498370  -0.26932908  0.0
 2.84565027  -0.26904890  0.0
 2.84567808  -0.26903731  0.0
 2.84580281  -0.26898576  0.0
 2.84583069  -0.26897434  0.0
 2.84650058  -0.26870221  0.0
 2.84652853  -0.26869096  0.0
 3.04294953  -0.19027512  0.0
 3.04298421  -0.19026142  0.0
 3.04381781  -0.18993582  0.0
 3.04385259  -0.18992238  0.0
 3.04400864  -0.18986276  0.0
 3.04404353  -0.18984959  0.0
 3.04488189  -0.18953645  0.0
 3.04491687  -0.18952353  0.0
 3.23340475  -0.12071897  0.0
 3.23344590  -0.12070415  0.0
 3.23443505  -0.12035286  0.0
 3.23447633  -0.12033840  0.0
 3.23466153  -0.12027444  0.0
 3.23470293  -0.12026035  0.0
 3.23569808  -0.11992640  0.0
 3.23573961  -0.11991267  0.0
 3.41621809  -0.06110079  0.0
 3.41626667  -0.06108523  0.0
 3.41743450  -0.06071781  0.0
 3.41748323  -0.06070275  0.0
 3.41770191  -0.06063640  0.0
 3.41775079  -0.06062184  0.0
 3.41892588  -0.06027832  0.0
 3.41897491  -0.06026426  0.0
 3.59144399  -0.01175018  0.0
 3.59149676  -0.01173565  0.0
 3.59276509  -0.01139381  0.0
 3.59281802  -0.01137986  0.0
 3.59305544  -0.01131865  0.0
 3.59310852  -0.01130528  0.0
 3.59438403  -0.01099129  0.0
 3.59443725  -0.01097850  0.0
 3.72436000   0.01949944  0.0
 3.72436000   0.01949944  0.0
 3.72936000   0.01553663  0.0
;;

