# exterior:
# ---------
 0.75000000  -1.15476413  0.0
 0.58570849  -1.21969223  0.0
 0.38700318  -1.29094590  0.0
 0.18898388  -1.35361117  0.0
-0.00812274  -1.40689722  0.0
-0.20392141  -1.44942063  0.0
-0.39849290  -1.47976999  0.0
-0.59167488  -1.49664716  0.0
-0.75000000  -1.49813183  0.0
-0.74500000  -1.49308472  0.0
-0.59191627  -1.49164920  0.0
-0.39909646  -1.47480368  0.0
-0.20483809  -1.44450316  0.0
-0.00930650  -1.40203775  0.0
 0.18757653  -1.34881215  0.0
 0.38540447  -1.28620743  0.0
 0.58394533  -1.21501274  0.0
 0.74500000  -1.15136383  0.0
 0.75000000  -1.15476413  0.0
;;

