# exterior:
# ---------
 0.84100000   1.17768875  0.0
 0.92423646   1.15854999  0.0
 1.12639737   1.10768760  0.0
 1.32877179   1.05312922  0.0
 1.53122735   0.99541496  0.0
 1.73392354   0.93491771  0.0
 1.93676960   0.87224611  0.0
 2.13965060   0.80778992  0.0
 2.34270563   0.74185604  0.0
 2.51515022   0.68489178  0.0
 2.51015022   0.68127771  0.0
 2.51015021   0.68127771  0.0
 2.34114938   0.73710438  0.0
 2.13812152   0.80302944  0.0
 1.93527461   0.86747480  0.0
 1.73247053   0.93013343  0.0
 1.52982693   0.99061498  0.0
 1.32743560   1.04831093  0.0
 1.12513656   1.10284899  0.0
 0.92306615   1.15368861  0.0
 0.84600000   1.17140862  0.0
 0.84100000   1.17768875  0.0
;;

