# exterior:
# ---------
-0.75000000   1.30477890  0.0
-0.68678540   1.30608254  0.0
-0.48926124   1.30126849  0.0
-0.29091305   1.28876943  0.0
-0.09189793   1.26974099  0.0
 0.10738917   1.24455923  0.0
 0.30693478   1.21349718  0.0
 0.50691385   1.17705555  0.0
 0.70718027   1.13560558  0.0
 0.75000000   1.12575993  0.0
 0.74500000   1.12177912  0.0
 0.70611323   1.13072046  0.0
 0.50595884   1.17214724  0.0
 0.30610193   1.20856661  0.0
 0.10669109   1.23960768  0.0
-0.09244941   1.26477091  0.0
-0.29130833   1.28378442  0.0
-0.48947946   1.29627232  0.0
-0.68679477   1.30108128  0.0
-0.74500000   1.29988095  0.0
-0.75000000   1.30477890  0.0
;;

