# exterior:
# ---------
-0.74500000  -1.49308472  0.0
-0.74500000   1.29988095  0.0
-0.68679477   1.30108128  0.0
-0.48947946   1.29627232  0.0
-0.29130833   1.28378442  0.0
-0.09244941   1.26477091  0.0
 0.10669109   1.23960768  0.0
 0.30610193   1.20856661  0.0
 0.50595884   1.17214724  0.0
 0.70611323   1.13072046  0.0
 0.74500000   1.12177912  0.0
 0.74500000  -1.15136383  0.0
 0.58394533  -1.21501274  0.0
 0.38540447  -1.28620743  0.0
 0.18757653  -1.34881215  0.0
-0.00930650  -1.40203775  0.0
-0.20483809  -1.44450316  0.0
-0.39909646  -1.47480368  0.0
-0.59191627  -1.49164920  0.0
-0.74500000  -1.49308472  0.0
;;

# interior:
# ---------
-0.74000000  -1.48803762  0.0
-0.59215766  -1.48665125  0.0
-0.39970003  -1.46983736  0.0
-0.20575476  -1.43958568  0.0
-0.01049025  -1.39717827  0.0
 0.18616918  -1.34401312  0.0
 0.38380575  -1.28146897  0.0
 0.58218217  -1.21033324  0.0
 0.74000000  -1.14796354  0.0
 0.74000000   1.11779832  0.0
 0.70504619   1.12583533  0.0
 0.50500382   1.16723893  0.0
 0.30526907   1.20363604  0.0
 0.10599301   1.23465613  0.0
-0.09300089   1.25980084  0.0
-0.29170361   1.27879941  0.0
-0.48969768   1.29127616  0.0
-0.68680414   1.29608003  0.0
-0.74000000   1.29498300  0.0
-0.74000000  -1.48803762  0.0
;;

