# exterior:
# ---------
-0.84100000  -1.56525145  0.0
-0.98316540  -1.55437715  0.0
-1.17397135  -1.52278578  0.0
-1.35468473  -1.47736664  0.0
-1.52525035  -1.42088255  0.0
-1.68552363  -1.35552551  0.0
-1.83532458  -1.28270354  0.0
-1.97459699  -1.20345851  0.0
-2.10341991  -1.11910840  0.0
-2.22153313  -1.03037547  0.0
-2.32921914  -0.93813653  0.0
-2.42633201  -0.84338506  0.0
-2.51294662  -0.74719571  0.0
-2.58905218  -0.65052108  0.0
-2.65438711  -0.55489120  0.0
-2.70906824  -0.45928974  0.0
-2.75334759  -0.36360314  0.0
-2.78712705  -0.26873621  0.0
-2.81096247  -0.16525906  0.0
-2.82504940  -0.06156767  0.0
-2.82675296  -0.03942136  0.0
-2.82795057  -0.00169660  0.0
-2.81904671   0.10974529  0.0
-2.80011136   0.22314225  0.0
-2.77164689   0.31980869  0.0
-2.73290254   0.41116006  0.0
-2.68366379   0.50316824  0.0
-2.62414682   0.59363402  0.0
-2.55417588   0.68245724  0.0
-2.47367531   0.76914457  0.0
-2.38272047   0.85265366  0.0
-2.28111110   0.93235878  0.0
-2.16896287   1.00776120  0.0
-2.04600702   1.07815858  0.0
-1.91238602   1.14308345  0.0
-1.76810920   1.20192053  0.0
-1.61309659   1.25373988  0.0
-1.44736363   1.29783124  0.0
-1.27105905   1.33297303  0.0
-1.08397679   1.35839951  0.0
-0.88662829   1.37297639  0.0
-0.84100000   1.37391736  0.0
-0.84100000  -1.56525145  0.0
;;

# interior:
# ---------
-0.84600000  -1.55985439  0.0
-0.84600000   1.36881318  0.0
-0.88639242   1.36798019  0.0
-1.08345546   1.35342440  0.0
-1.27023288   1.32803935  0.0
-1.44623106   1.29295863  0.0
-1.61165983   1.24894819  0.0
-1.76637074   1.19722970  0.0
-1.91034725   1.13851509  0.0
-2.04366960   1.07373533  0.0
-2.16632239   1.00351146  0.0
-2.27816927   0.92831166  0.0
-2.37948183   0.84883936  0.0
-2.47014700   0.76559622  0.0
-2.55037384   0.67920367  0.0
-2.62008705   0.59070763  0.0
-2.67936222   0.50060936  0.0
-2.72838759   0.40899992  0.0
-2.76693164   0.31812082  0.0
-2.79522949   0.22202022  0.0
-2.81407967   0.10913331  0.0
-2.82294424  -0.00181675  0.0
-2.82175905  -0.03915016  0.0
-2.82007530  -0.06103894  0.0
-2.80603876  -0.16435948  0.0
-2.78231963  -0.26733174  0.0
-2.74871394  -0.36171067  0.0
-2.70462105  -0.45699433  0.0
-2.65014602  -0.55223544  0.0
-2.58501901  -0.64756101  0.0
-2.50912028  -0.74397291  0.0
-2.42272456  -0.83991917  0.0
-2.32584339  -0.93444458  0.0
-2.21840199  -1.02647399  0.0
-2.10054583  -1.11501380  0.0
-1.97198861  -1.19918993  0.0
-1.83299277  -1.27827760  0.0
-1.68348446  -1.35095731  0.0
-1.52351847  -1.41618904  0.0
-1.35328754  -1.47256229  0.0
-1.17295190  -1.51788651  0.0
-0.98256521  -1.54940846  0.0
-0.84600000  -1.55985439  0.0
;;

