# exterior:
# ---------
-0.83600000  -1.57064851  0.0
-0.98376558  -1.55934585  0.0
-1.17499081  -1.52768506  0.0
-1.35608192  -1.48217098  0.0
-1.52698223  -1.42557606  0.0
-1.68756280  -1.36009371  0.0
-1.83765640  -1.28712948  0.0
-1.97720537  -1.20772708  0.0
-2.10629399  -1.12320300  0.0
-2.22466427  -1.03427695  0.0
-2.33259489  -0.94182849  0.0
-2.42993947  -0.84685095  0.0
-2.51677296  -0.75041852  0.0
-2.59308536  -0.65348115  0.0
-2.65862819  -0.55754695  0.0
-2.71351544  -0.46158514  0.0
-2.75798125  -0.36549560  0.0
-2.79193447  -0.27014067  0.0
-2.81588619  -0.16615865  0.0
-2.83002350  -0.06209641  0.0
-2.83174687  -0.03969257  0.0
-2.83295691  -0.00157644  0.0
-2.82401375   0.11035728  0.0
-2.80499323   0.22426427  0.0
-2.77636214   0.32149656  0.0
-2.73741749   0.41332019  0.0
-2.68796535   0.50572712  0.0
-2.62820660   0.59656042  0.0
-2.55797792   0.68571082  0.0
-2.47720361   0.77269291  0.0
-2.38595911   0.85646796  0.0
-2.28405292   0.93640590  0.0
-2.17160334   1.01201093  0.0
-2.04834444   1.08258182  0.0
-1.91442479   1.14765181  0.0
-1.76984766   1.20661135  0.0
-1.61453335   1.25853156  0.0
-1.44849620   1.30270385  0.0
-1.27188521   1.33790671  0.0
-1.08449812   1.36337463  0.0
-0.88686416   1.37797259  0.0
-0.83600000   1.37902153  0.0
-0.83600000  -1.57064851  0.0
;;

# interior:
# ---------
-0.84100000  -1.56525145  0.0
-0.84100000   1.37391736  0.0
-0.88662829   1.37297639  0.0
-1.08397679   1.35839951  0.0
-1.27105905   1.33297303  0.0
-1.44736363   1.29783124  0.0
-1.61309659   1.25373988  0.0
-1.76810920   1.20192053  0.0
-1.91238602   1.14308345  0.0
-2.04600702   1.07815858  0.0
-2.16896287   1.00776120  0.0
-2.28111110   0.93235878  0.0
-2.38272047   0.85265366  0.0
-2.47367531   0.76914457  0.0
-2.55417588   0.68245724  0.0
-2.62414682   0.59363402  0.0
-2.68366379   0.50316824  0.0
-2.73290254   0.41116006  0.0
-2.77164689   0.31980869  0.0
-2.80011136   0.22314225  0.0
-2.81904671   0.10974529  0.0
-2.82795057  -0.00169660  0.0
-2.82675296  -0.03942136  0.0
-2.82504940  -0.06156767  0.0
-2.81096247  -0.16525906  0.0
-2.78712705  -0.26873621  0.0
-2.75334759  -0.36360314  0.0
-2.70906824  -0.45928974  0.0
-2.65438711  -0.55489120  0.0
-2.58905218  -0.65052108  0.0
-2.51294662  -0.74719571  0.0
-2.42633201  -0.84338506  0.0
-2.32921914  -0.93813653  0.0
-2.22153313  -1.03037547  0.0
-2.10341991  -1.11910840  0.0
-1.97459699  -1.20345851  0.0
-1.83532458  -1.28270354  0.0
-1.68552363  -1.35552551  0.0
-1.52525035  -1.42088255  0.0
-1.35468473  -1.47736664  0.0
-1.17397135  -1.52278578  0.0
-0.98316540  -1.55437715  0.0
-0.84100000  -1.56525145  0.0
;;

