# exterior:
# ---------
 2.61115022  -0.36993884  0.0
 2.61115022   0.65290220  0.0
 2.74901482   0.60677496  0.0
 2.94937329   0.53930265  0.0
 3.14176915   0.47425561  0.0
 3.32619884   0.41178749  0.0
 3.50275713   0.35212085  0.0
 3.50284765   0.35209033  0.0
 3.50286750   0.35208366  0.0
 3.50295807   0.35205329  0.0
 3.67146357   0.29568137  0.0
 3.67153805   0.29565651  0.0
 3.67155438   0.29565107  0.0
 3.67162889   0.29562630  0.0
 3.72436000   0.27813280  0.0
 3.72436000   0.21852647  0.0
 3.72438311   0.21804626  0.0
 3.72445224   0.21757049  0.0
 3.72456674   0.21710356  0.0
 3.72472556   0.21664978  0.0
 3.72492722   0.21621336  0.0
 3.72516987   0.21579832  0.0
 3.72545126   0.21540850  0.0
 3.72576878   0.21504751  0.0
 3.72611951   0.21471869  0.0
 3.72650019   0.21442507  0.0
 3.72690732   0.21416936  0.0
 3.72733712   0.21395395  0.0
 3.72778563   0.21378080  0.0
 3.81323290   0.18543374  0.0
 3.81338057   0.18538487  0.0
 3.81344671   0.18536303  0.0
 3.81345151   0.18536145  0.0
 3.81360072   0.18531235  0.0
 3.96621263   0.13525562  0.0
 3.96637707   0.13520183  0.0
 3.96645072   0.13517780  0.0
 3.96645607   0.13517605  0.0
 3.96661702   0.13512374  0.0
 3.96662224   0.13512205  0.0
 3.99019593   0.12748794  0.0
 3.91414995   0.11722096  0.0
 3.91411996   0.11721681  0.0
 3.91340049   0.11711524  0.0
 3.91337053   0.11711091  0.0
 3.91193286   0.11689906  0.0
 3.91190292   0.11689455  0.0
 3.91118474   0.11678427  0.0
 3.91115482   0.11677959  0.0
 3.91088698   0.11673680  0.0
 3.91085710   0.11673193  0.0
 3.91014030   0.11661296  0.0
 3.91011044   0.11660791  0.0
 3.90867833   0.11636130  0.0
 3.90864851   0.11635607  0.0
 3.90793321   0.11622843  0.0
 3.90790342   0.11622302  0.0
 3.75137686   0.08731290  0.0
 3.75134751   0.08730739  0.0
 3.75064354   0.08717302  0.0
 3.75061422   0.08716733  0.0
 3.74920793   0.08689018  0.0
 3.74917865   0.08688432  0.0
 3.74847633   0.08674154  0.0
 3.74844709   0.08673551  0.0
 3.74818524   0.08668065  0.0
 3.74815603   0.08667444  0.0
 3.74745546   0.08652328  0.0
 3.74742629   0.08651690  0.0
 3.74602703   0.08620624  0.0
 3.74599789   0.08619968  0.0
 3.74529919   0.08604017  0.0
 3.74527009   0.08603343  0.0
 3.72821807   0.08203328  0.0
 3.72775796   0.08190183  0.0
 3.72731252   0.08172699  0.0
 3.72688584   0.08151037  0.0
 3.72648181   0.08125395  0.0
 3.72610415   0.08096009  0.0
 3.72575631   0.08063147  0.0
 3.72544148   0.08027110  0.0
 3.72516254   0.07988229  0.0
 3.72492204   0.07946859  0.0
 3.72472220   0.07903379  0.0
 3.72456483   0.07858188  0.0
 3.72445138   0.07811700  0.0
 3.72438290   0.07764341  0.0
 3.72436000   0.07716543  0.0
 3.72436000   0.01949944  0.0
 3.59443725  -0.01097850  0.0
 3.59438403  -0.01099129  0.0
 3.59310852  -0.01130528  0.0
 3.59305544  -0.01131865  0.0
 3.59281802  -0.01137986  0.0
 3.59276509  -0.01139381  0.0
 3.59149676  -0.01173565  0.0
 3.59144399  -0.01175018  0.0
 3.41897491  -0.06026426  0.0
 3.41892588  -0.06027832  0.0
 3.41775079  -0.06062184  0.0
 3.41770191  -0.06063640  0.0
 3.41748323  -0.06070275  0.0
 3.41743450  -0.06071781  0.0
 3.41626667  -0.06108523  0.0
 3.41621809  -0.06110079  0.0
 3.23573961  -0.11991267  0.0
 3.23569808  -0.11992640  0.0
 3.23470293  -0.12026035  0.0
 3.23466153  -0.12027444  0.0
 3.23447633  -0.12033840  0.0
 3.23443505  -0.12035286  0.0
 3.23344590  -0.12070415  0.0
 3.23340475  -0.12071897  0.0
 3.04491687  -0.18952353  0.0
 3.04488189  -0.18953645  0.0
 3.04404353  -0.18984959  0.0
 3.04400864  -0.18986276  0.0
 3.04385259  -0.18992238  0.0
 3.04381781  -0.18993582  0.0
 3.04298421  -0.19026142  0.0
 3.04294953  -0.19027512  0.0
 2.84652853  -0.26869096  0.0
 2.84650058  -0.26870221  0.0
 2.84583069  -0.26897434  0.0
 2.84580281  -0.26898576  0.0
 2.84567808  -0.26903731  0.0
 2.84565027  -0.26904890  0.0
 2.84498370  -0.26932908  0.0
 2.84495596  -0.26934084  0.0
 2.64205116  -0.35607120  0.0
 2.64203021  -0.35608021  0.0
 2.64152791  -0.35629763  0.0
 2.64150700  -0.35630674  0.0
 2.64141343  -0.35634775  0.0
 2.64139256  -0.35635696  0.0
 2.64089226  -0.35657895  0.0
 2.64087143  -0.35658825  0.0
 2.61115022  -0.36993884  0.0
;;

# interior:
# ---------
 2.61615022  -0.36221159  0.0
 2.63882267  -0.35202727  0.0
 2.63883308  -0.35202260  0.0
 2.63885390  -0.35201331  0.0
 2.63886432  -0.35200867  0.0
 2.63936462  -0.35178668  0.0
 2.63937505  -0.35178206  0.0
 2.63939591  -0.35177286  0.0
 2.63940635  -0.35176827  0.0
 2.63949993  -0.35172726  0.0
 2.63951038  -0.35172269  0.0
 2.63953129  -0.35171359  0.0
 2.63954175  -0.35170905  0.0
 2.64004405  -0.35149162  0.0
 2.64005452  -0.35148711  0.0
 2.64007547  -0.35147809  0.0
 2.64008595  -0.35147360  0.0
 2.84299075  -0.26474324  0.0
 2.84300461  -0.26473734  0.0
 2.84303235  -0.26472558  0.0
 2.84304623  -0.26471972  0.0
 2.84371279  -0.26443954  0.0
 2.84372669  -0.26443373  0.0
 2.84375449  -0.26442214  0.0
 2.84376841  -0.26441636  0.0
 2.84389314  -0.26436482  0.0
 2.84390707  -0.26435908  0.0
 2.84393495  -0.26434766  0.0
 2.84394890  -0.26434197  0.0
 2.84461879  -0.26406984  0.0
 2.84463275  -0.26406419  0.0
 2.84466070  -0.26405294  0.0
 2.84467468  -0.26404733  0.0
 3.04109568  -0.18563149  0.0
 3.04111301  -0.18562461  0.0
 3.04114769  -0.18561092  0.0
 3.04116505  -0.18560410  0.0
 3.04199865  -0.18527849  0.0
 3.04201603  -0.18527174  0.0
 3.04205081  -0.18525831  0.0
 3.04206822  -0.18525162  0.0
 3.04222427  -0.18519200  0.0
 3.04224169  -0.18518538  0.0
 3.04227658  -0.18517220  0.0
 3.04229403  -0.18516565  0.0
 3.04313239  -0.18485251  0.0
 3.04314987  -0.18484602  0.0
 3.04318485  -0.18483310  0.0
 3.04320236  -0.18482668  0.0
 3.23169024  -0.11602212  0.0
 3.23171079  -0.11601466  0.0
 3.23175195  -0.11599985  0.0
 3.23177254  -0.11599248  0.0
 3.23276169  -0.11564118  0.0
 3.23278231  -0.11563391  0.0
 3.23282359  -0.11561945  0.0
 3.23284425  -0.11561227  0.0
 3.23302945  -0.11554831  0.0
 3.23305013  -0.11554122  0.0
 3.23309154  -0.11552712  0.0
 3.23311225  -0.11552012  0.0
 3.23410740  -0.11518618  0.0
 3.23412815  -0.11517927  0.0
 3.23416967  -0.11516553  0.0
 3.23419045  -0.11515871  0.0
 3.41466893  -0.05634683  0.0
 3.41469320  -0.05633899  0.0
 3.41474178  -0.05632344  0.0
 3.41476609  -0.05631572  0.0
 3.41593392  -0.05594830  0.0
 3.41595827  -0.05594071  0.0
 3.41600701  -0.05592565  0.0
 3.41603140  -0.05591818  0.0
 3.41625007  -0.05585182  0.0
 3.41627449  -0.05584448  0.0
 3.41632338  -0.05582992  0.0
 3.41634785  -0.05582270  0.0
 3.41752293  -0.05547918  0.0
 3.41754743  -0.05547209  0.0
 3.41759646  -0.05545802  0.0
 3.41762100  -0.05545106  0.0
 3.59009008  -0.00693698  0.0
 3.59011644  -0.00692964  0.0
 3.59016921  -0.00691510  0.0
 3.59019562  -0.00690791  0.0
 3.59146395  -0.00656608  0.0
 3.59149039  -0.00655903  0.0
 3.59154332  -0.00654507  0.0
 3.59156980  -0.00653817  0.0
 3.59180722  -0.00647696  0.0
 3.59183374  -0.00647020  0.0
 3.59188682  -0.00645683  0.0
 3.59191337  -0.00645021  0.0
 3.59318888  -0.00613623  0.0
 3.59321548  -0.00612976  0.0
 3.59326869  -0.00611697  0.0
 3.59329532  -0.00611064  0.0
 3.71936000   0.02346225  0.0
 3.71936000   0.07716543  0.0
 3.71936573   0.07740469  0.0
 3.71938863   0.07788267  0.0
 3.71943437   0.07835900  0.0
 3.71950286   0.07883260  0.0
 3.71959393   0.07930237  0.0
 3.71970737   0.07976726  0.0
 3.71984293   0.08022618  0.0
 3.72000030   0.08067808  0.0
 3.72017911   0.08112194  0.0
 3.72037896   0.08155674  0.0
 3.72059938   0.08198147  0.0
 3.72083987   0.08239517  0.0
 3.72109989   0.08279689  0.0
 3.72137883   0.08318570  0.0
 3.72167606   0.08356072  0.0
 3.72199089   0.08392109  0.0
 3.72232261   0.08426598  0.0
 3.72267045   0.08459460  0.0
 3.72303361   0.08490620  0.0
 3.72341128   0.08520007  0.0
 3.72380257   0.08547552  0.0
 3.72420659   0.08573194  0.0
 3.72462242   0.08596873  0.0
 3.72504911   0.08618535  0.0
 3.72548567   0.08638130  0.0
 3.72593111   0.08655614  0.0
 3.72638440   0.08670946  0.0
 3.72684452   0.08684092  0.0
 3.72707615   0.08690114  0.0
 3.74412817   0.09090129  0.0
 3.74414271   0.09090468  0.0
 3.74417180   0.09091141  0.0
 3.74418635   0.09091475  0.0
 3.74488506   0.09107426  0.0
 3.74489962   0.09107756  0.0
 3.74492875   0.09108412  0.0
 3.74494333   0.09108738  0.0
 3.74634259   0.09139804  0.0
 3.74635717   0.09140126  0.0
 3.74638635   0.09140764  0.0
 3.74640094   0.09141081  0.0
 3.74710150   0.09156197  0.0
 3.74711610   0.09156509  0.0
 3.74714531   0.09157131  0.0
 3.74715992   0.09157439  0.0
 3.74742177   0.09162925  0.0
 3.74743639   0.09163229  0.0
 3.74746563   0.09163833  0.0
 3.74748026   0.09164132  0.0
 3.74818258   0.09178410  0.0
 3.74819721   0.09178705  0.0
 3.74822649   0.09179291  0.0
 3.74824114   0.09179582  0.0
 3.74964743   0.09207297  0.0
 3.74966208   0.09207583  0.0
 3.74969140   0.09208152  0.0
 3.74970606   0.09208434  0.0
 3.75041003   0.09221872  0.0
 3.75042470   0.09222149  0.0
 3.75045405   0.09222701  0.0
 3.75046873   0.09222974  0.0
 3.90699529   0.12113986  0.0
 3.90701018   0.12114259  0.0
 3.90703997   0.12114800  0.0
 3.90705486   0.12115068  0.0
 3.90777017   0.12127832  0.0
 3.90778508   0.12128096  0.0
 3.90781490   0.12128618  0.0
 3.90782981   0.12128878  0.0
 3.90926192   0.12153539  0.0
 3.90927685   0.12153793  0.0
 3.90930670   0.12154298  0.0
 3.90932163   0.12154548  0.0
 3.91003843   0.12166445  0.0
 3.91005337   0.12166691  0.0
 3.91008325   0.12167178  0.0
 3.91009819   0.12167419  0.0
 3.91036604   0.12171698  0.0
 3.91038099   0.12171934  0.0
 3.91041090   0.12172403  0.0
 3.91042586   0.12172635  0.0
 3.91114405   0.12183663  0.0
 3.91115901   0.12183890  0.0
 3.91118895   0.12184341  0.0
 3.91120393   0.12184564  0.0
 3.91264159   0.12205749  0.0
 3.91265657   0.12205968  0.0
 3.91268653   0.12206400  0.0
 3.91270152   0.12206614  0.0
 3.91342099   0.12216772  0.0
 3.91343598   0.12216981  0.0
 3.91346597   0.12217395  0.0
 3.91348097   0.12217600  0.0
 3.96774632   0.12950238  0.0
 3.96507919   0.13036610  0.0
 3.96507137   0.13036864  0.0
 3.96490774   0.13042183  0.0
 3.96489971   0.13042444  0.0
 3.96482251   0.13044963  0.0
 3.96465431   0.13050466  0.0
 3.81203780   0.18056290  0.0
 3.81188611   0.18061282  0.0
 3.81187890   0.18061519  0.0
 3.81180958   0.18063809  0.0
 3.81165853   0.18068808  0.0
 3.72621126   0.20903513  0.0
 3.72598492   0.20911631  0.0
 3.72553642   0.20928946  0.0
 3.72509676   0.20948396  0.0
 3.72466695   0.20969938  0.0
 3.72424800   0.20993521  0.0
 3.72384088   0.21019091  0.0
 3.72344651   0.21046589  0.0
 3.72306583   0.21075951  0.0
 3.72269970   0.21107110  0.0
 3.72234897   0.21139992  0.0
 3.72201446   0.21174523  0.0
 3.72169693   0.21210622  0.0
 3.72139713   0.21248206  0.0
 3.72111575   0.21287187  0.0
 3.72085343   0.21327477  0.0
 3.72061078   0.21368981  0.0
 3.72038837   0.21411603  0.0
 3.72018670   0.21455246  0.0
 3.72000625   0.21499807  0.0
 3.71984743   0.21545185  0.0
 3.71971062   0.21591274  0.0
 3.71959612   0.21637967  0.0
 3.71950420   0.21685156  0.0
 3.71943507   0.21732733  0.0
 3.71938890   0.21780588  0.0
 3.71936578   0.21828609  0.0
 3.71936000   0.21852647  0.0
 3.71936000   0.27452358  0.0
 3.67005160   0.29088160  0.0
 3.66997432   0.29090729  0.0
 3.66995480   0.29091380  0.0
 3.66987728   0.29093967  0.0
 3.50136823   0.34731278  0.0
 3.50127430   0.34734428  0.0
 3.50125057   0.34735226  0.0
 3.50115636   0.34738402  0.0
 3.32459481   0.40705177  0.0
 3.14016643   0.46951944  0.0
 2.94777472   0.53456507  0.0
 2.74742371   0.60203488  0.0
 2.61615022   0.64595684  0.0
 2.61615022  -0.36221159  0.0
;;

