# exterior:
# ---------
-0.83600000  -1.63082377  0.0
-0.99096779  -1.61897022  0.0
-1.18722433  -1.58647641  0.0
-1.37284819  -1.53982310  0.0
-1.54776478  -1.48189815  0.0
-1.71203285  -1.41491210  0.0
-1.86563813  -1.34024075  0.0
-2.00850593  -1.25894996  0.0
-2.14078299  -1.17233817  0.0
-2.26223796  -1.08109474  0.0
-2.37310395  -0.98613197  0.0
-2.47322893  -0.88844164  0.0
-2.56268906  -0.78909222  0.0
-2.64148348  -0.68900200  0.0
-2.70952122  -0.58941603  0.0
-2.76688178  -0.48913002  0.0
-2.81358514  -0.38820520  0.0
-2.84962353  -0.28699424  0.0
-2.87497080  -0.17695370  0.0
-2.88971269  -0.06844122  0.0
-2.89167378  -0.04294701  0.0
-2.89303291  -0.00013457  0.0
-2.88361820   0.11770113  0.0
-2.86357567   0.23772857  0.0
-2.83294516   0.34175099  0.0
-2.79159690   0.43924185  0.0
-2.73958409   0.53643366  0.0
-2.67692389   0.63167716  0.0
-2.60360236   0.72475372  0.0
-2.51954326   0.81527305  0.0
-2.42482280   0.90223951  0.0
-2.31935487   0.98497138  0.0
-2.20328910   1.06300774  0.0
-2.07639349   1.13566080  0.0
-1.93889002   1.20247212  0.0
-1.79070920   1.26290127  0.0
-1.63177447   1.31603175  0.0
-1.46208704   1.36117516  0.0
-1.28179918   1.39711091  0.0
-1.09075407   1.42307599  0.0
-0.88969459   1.43792698  0.0
-0.83600000   1.43903429  0.0
-0.83600000   1.37902153  0.0
-0.88686416   1.37797259  0.0
-1.08449812   1.36337463  0.0
-1.27188521   1.33790671  0.0
-1.44849620   1.30270385  0.0
-1.61453335   1.25853156  0.0
-1.76984766   1.20661135  0.0
-1.91442479   1.14765181  0.0
-2.04834444   1.08258182  0.0
-2.17160334   1.01201093  0.0
-2.28405292   0.93640590  0.0
-2.38595911   0.85646796  0.0
-2.47720361   0.77269291  0.0
-2.55797792   0.68571082  0.0
-2.62820660   0.59656042  0.0
-2.68796535   0.50572712  0.0
-2.73741749   0.41332019  0.0
-2.77636214   0.32149656  0.0
-2.80499323   0.22426427  0.0
-2.82401375   0.11035728  0.0
-2.83295691  -0.00157644  0.0
-2.83174687  -0.03969257  0.0
-2.83002350  -0.06209641  0.0
-2.81588619  -0.16615865  0.0
-2.79193447  -0.27014067  0.0
-2.75798125  -0.36549560  0.0
-2.71351544  -0.46158514  0.0
-2.65862819  -0.55754695  0.0
-2.59308536  -0.65348115  0.0
-2.51677296  -0.75041852  0.0
-2.42993947  -0.84685095  0.0
-2.33259489  -0.94182849  0.0
-2.22466427  -1.03427695  0.0
-2.10629399  -1.12320300  0.0
-1.97720537  -1.20772708  0.0
-1.83765640  -1.28712948  0.0
-1.68756280  -1.36009371  0.0
-1.52698223  -1.42557606  0.0
-1.35608192  -1.48217098  0.0
-1.17499081  -1.52768506  0.0
-0.98376558  -1.55934585  0.0
-0.83600000  -1.57064851  0.0
-0.83600000  -1.63082377  0.0
;;

