# exterior:
# ---------
 0.75000000  -1.30099945  0.0
 0.63366650  -1.34697452  0.0
 0.43048820  -1.41983216  0.0
 0.22726377  -1.48414465  0.0
 0.02407543  -1.53907483  0.0
-0.17898791  -1.58317599  0.0
-0.38207599  -1.61485377  0.0
-0.58510912  -1.63259157  0.0
-0.75000000  -1.63413781  0.0
-0.75000000  -1.49813183  0.0
-0.59167488  -1.49664716  0.0
-0.39849290  -1.47976999  0.0
-0.20392141  -1.44942063  0.0
-0.00812274  -1.40689722  0.0
 0.18898388  -1.35361117  0.0
 0.38700318  -1.29094590  0.0
 0.58570849  -1.21969223  0.0
 0.75000000  -1.15476413  0.0
 0.75000000  -1.30099945  0.0
;;

