# exterior:
# ---------
-0.75000000   1.44080782  0.0
-0.68653050   1.44211671  0.0
-0.48332565   1.43716421  0.0
-0.28016147   1.42436167  0.0
-0.07689766   1.40492700  0.0
 0.12637691   1.37924138  0.0
 0.32958844   1.34760868  0.0
 0.53289038   1.31056153  0.0
 0.73620368   1.26848094  0.0
 0.75000000   1.26530872  0.0
 0.75000000   1.12575993  0.0
 0.70718027   1.13560558  0.0
 0.50691385   1.17705555  0.0
 0.30693478   1.21349718  0.0
 0.10738917   1.24455923  0.0
-0.09189793   1.26974099  0.0
-0.29091305   1.28876943  0.0
-0.48926124   1.30126849  0.0
-0.68678540   1.30608254  0.0
-0.75000000   1.30477890  0.0
-0.75000000   1.44080782  0.0
;;

