# exterior:
# ---------
 3.96774632   0.05886729  0.0
 3.92284672   0.05280538  0.0
 3.92140906   0.05259352  0.0
 3.92114121   0.05255073  0.0
 3.91970910   0.05230412  0.0
 3.76318254   0.02339400  0.0
 3.76177625   0.02311685  0.0
 3.76151440   0.02306199  0.0
 3.76011513   0.02275133  0.0
 3.72936000   0.01553663  0.0
 3.72936000   0.07716543  0.0
 3.74641202   0.08116558  0.0
 3.74711073   0.08132509  0.0
 3.74850999   0.08163575  0.0
 3.74921056   0.08178690  0.0
 3.74947241   0.08184177  0.0
 3.75017472   0.08198454  0.0
 3.75158101   0.08226169  0.0
 3.75228499   0.08239606  0.0
 3.90881155   0.11130618  0.0
 3.90952685   0.11143382  0.0
 3.91095896   0.11168044  0.0
 3.91167577   0.11179941  0.0
 3.91194361   0.11184220  0.0
 3.91266180   0.11195248  0.0
 3.91409946   0.11216434  0.0
 3.91481894   0.11226591  0.0
 3.96774632   0.11941165  0.0
 3.96774632   0.05886729  0.0
;;

