# exterior:
# ---------
 4.72376000  -0.01927632  0.0
 4.70479802  -0.01448006  0.0
 4.70458214  -0.01442998  0.0
 4.59588314   0.00853030  0.0
 4.59542353   0.00860756  0.0
 4.47879141   0.02325332  0.0
 4.47833678   0.02329168  0.0
 4.35369526   0.02870756  0.0
 4.35330730   0.02871097  0.0
 4.22065638   0.02527837  0.0
 4.22033193   0.02526054  0.0
 4.07974789   0.01343714  0.0
 4.07946794   0.01340649  0.0
 3.93087450  -0.00665515  0.0
 3.93060665  -0.00669794  0.0
 3.77408009  -0.03560806  0.0
 3.77381824  -0.03566292  0.0
 3.72936000  -0.04609216  0.0
 3.72936000   0.01553663  0.0
 3.76011513   0.02275133  0.0
 3.76151440   0.02306199  0.0
 3.76177625   0.02311685  0.0
 3.76318254   0.02339400  0.0
 3.91970910   0.05230412  0.0
 3.92114121   0.05255073  0.0
 3.92140906   0.05259352  0.0
 3.92284672   0.05280538  0.0
 4.07144016   0.07286702  0.0
 4.07293780   0.07305007  0.0
 4.07321775   0.07308072  0.0
 4.07471952   0.07322606  0.0
 4.21530356   0.08504946  0.0
 4.21704031   0.08517018  0.0
 4.21736476   0.08518801  0.0
 4.21910428   0.08525829  0.0
 4.32494918   0.08799723  0.0
 4.26810761   0.10627014  0.0
 4.13151787   0.15004597  0.0
 4.13143123   0.15007381  0.0
 4.13141506   0.15007902  0.0
 4.13132846   0.15010699  0.0
 3.98670158   0.19694291  0.0
 3.98659428   0.19697777  0.0
 3.98657425   0.19698430  0.0
 3.98646701   0.19701936  0.0
 3.83390701   0.24705904  0.0
 3.83381066   0.24709074  0.0
 3.83379268   0.24709667  0.0
 3.83369638   0.24712853  0.0
 3.72936000   0.28174202  0.0
 3.72936000   0.34495758  0.0
 3.85258882   0.30407653  0.0
 3.85260681   0.30407060  0.0
 4.00516681   0.25403092  0.0
 4.00518683   0.25402439  0.0
 4.14981371   0.20718847  0.0
 4.14982988   0.20718327  0.0
 4.28644499   0.16339930  0.0
 4.41504546   0.12205799  0.0
 4.53571195   0.08300537  0.0
 4.64837428   0.04639202  0.0
 4.64839779   0.04638444  0.0
 4.67532463   0.03776480  0.0
 4.67533525   0.03776141  0.0
 4.70172813   0.02937061  0.0
 4.72376000   0.02237225  0.0
 4.72376000  -0.01927632  0.0
;;

