# exterior:
# ---------
 0.75500000   0.00000000  0.0
 0.69460000   0.00665487  0.0
 0.69392956   0.00667903  0.0
 0.63420000   0.00562686  0.0
 0.63281563   0.00554955  0.0
 0.57380000   0.00111015  0.0
 0.57185754   0.00092895  0.0
 0.51340000  -0.00561478  0.0
 0.51109876  -0.00589746  0.0
 0.45300000  -0.01378690  0.0
 0.45055622  -0.01414326  0.0
 0.39260000  -0.02278650  0.0
 0.39023836  -0.02314649  0.0
 0.33220000  -0.03208569  0.0
 0.33013794  -0.03241185  0.0
 0.27180000  -0.04132326  0.0
 0.27024410  -0.04155158  0.0
 0.21140000  -0.05008730  0.0
 0.21053870  -0.05020206  0.0
 0.15100000  -0.05800091  0.0
 0.09159902  -0.06452774  0.0
 0.09060000  -0.06462800  0.0
 0.03229105  -0.06919666  0.0
 0.03020000  -0.06931383  0.0
-0.02699276  -0.07117536  0.0
-0.03020000  -0.07121039  0.0
-0.08630798  -0.07085041  0.0
-0.09060000  -0.07075739  0.0
-0.14568963  -0.06881130  0.0
-0.15100000  -0.06854313  0.0
-0.20518726  -0.06499523  0.0
-0.21140000  -0.06449270  0.0
-0.26487574  -0.05922824  0.0
-0.27180000  -0.05841646  0.0
-0.32488435  -0.05098122  0.0
-0.33220000  -0.04975873  0.0
-0.35509402  -0.04554643  0.0
-0.36240000  -0.04405334  0.0
-0.38555978  -0.03863063  0.0
-0.39260000  -0.03672199  0.0
-0.41654981  -0.02898717  0.0
-0.42280000  -0.02656875  0.0
-0.43250266  -0.02199285  0.0
-0.43790000  -0.01872158  0.0
-0.43919498  -0.01779505  0.0
-0.44272717  -0.01493450  0.0
-0.44394000  -0.01382073  0.0
-0.44696000  -0.01063886  0.0
-0.45300000   0.00000000  0.0
-0.45119283   0.01856575  0.0
-0.44868502   0.02289039  0.0
-0.44696000   0.02533297  0.0
-0.44394000   0.02903186  0.0
-0.44329734   0.02974458  0.0
-0.43790000   0.03513106  0.0
-0.42905019   0.04247207  0.0
-0.42280000   0.04706006  0.0
-0.39964022   0.06152948  0.0
-0.39260000   0.06532985  0.0
-0.36970598   0.07627554  0.0
-0.36240000   0.07942600  0.0
-0.33951565   0.08848117  0.0
-0.33220000   0.09115206  0.0
-0.27872426   0.10799037  0.0
-0.27180000   0.10987847  0.0
-0.21761274   0.12271951  0.0
-0.21140000   0.12399033  0.0
-0.15631037   0.13367970  0.0
-0.15100000   0.13445886  0.0
-0.09489202   0.14131667  0.0
-0.09060000   0.14173826  0.0
-0.03340724   0.14586238  0.0
-0.03020000   0.14600854  0.0
 0.02810895   0.14683240  0.0
 0.03020000   0.14679616  0.0
 0.08960098   0.14390904  0.0
 0.09060000   0.14383656  0.0
 0.15100000   0.13795964  0.0
 0.21140000   0.12971142  0.0
 0.21226130   0.12958216  0.0
 0.27180000   0.11947241  0.0
 0.27335590   0.11918611  0.0
 0.33220000   0.10753616  0.0
 0.33426206   0.10709766  0.0
 0.39260000   0.09416239  0.0
 0.39496164   0.09361275  0.0
 0.45300000   0.07961445  0.0
 0.45544378   0.07901286  0.0
 0.51340000   0.06421849  0.0
 0.51570124   0.06362174  0.0
 0.57380000   0.04834537  0.0
 0.57574246   0.04783318  0.0
 0.63420000   0.03232125  0.0
 0.63558437   0.03195039  0.0
 0.69460000   0.01640706  0.0
 0.69527044   0.01622102  0.0
 0.75500000   0.00241600  0.0
 0.75500000   0.00000000  0.0
;;

# interior:
# ---------
 0.75440000   0.00066974  0.0
 0.75440000   0.00193886  0.0
 0.69513533   0.01563643  0.0
 0.69511001   0.01564287  0.0
 0.69444337   0.01582785  0.0
 0.63543155   0.03137018  0.0
 0.63542911   0.03137083  0.0
 0.63404543   0.03174150  0.0
 0.57558903   0.04725313  0.0
 0.57364722   0.04776514  0.0
 0.51554965   0.06304120  0.0
 0.51325049   0.06363741  0.0
 0.45529787   0.07843087  0.0
 0.45285795   0.07903150  0.0
 0.39482329   0.09302891  0.0
 0.39246705   0.09357730  0.0
 0.33413471   0.10651132  0.0
 0.33207933   0.10694840  0.0
 0.27324335   0.11859675  0.0
 0.27169548   0.11888157  0.0
 0.21216655   0.12898966  0.0
 0.21131488   0.12911747  0.0
 0.15093033   0.13736359  0.0
 0.09054923   0.14323867  0.0
 0.08956471   0.14331009  0.0
 0.03018023   0.14619641  0.0
 0.02810799   0.14623233  0.0
-0.03018210   0.14540874  0.0
-0.03337200   0.14526336  0.0
-0.09054909   0.14114038  0.0
-0.09482629   0.14072024  0.0
-0.15092004   0.13386416  0.0
-0.15621483   0.13308729  0.0
-0.21128789   0.12340084  0.0
-0.21748342   0.12213354  0.0
-0.27165186   0.10929696  0.0
-0.27855517   0.10741457  0.0
-0.33200691   0.09058381  0.0
-0.33930234   0.08792031  0.0
-0.36217078   0.07887144  0.0
-0.36945770   0.07572919  0.0
-0.39232793   0.06479488  0.0
-0.39933846   0.06101054  0.0
-0.42246305   0.04656310  0.0
-0.42868081   0.04199892  0.0
-0.43749569   0.03468687  0.0
-0.44286232   0.02933105  0.0
-0.44348454   0.02864100  0.0
-0.44648198   0.02496973  0.0
-0.44817944   0.02256619  0.0
-0.45060830   0.01837769  0.0
-0.45238441   0.00013099  0.0
-0.44647439  -0.01027893  0.0
-0.44351899  -0.01339274  0.0
-0.44233507  -0.01447997  0.0
-0.43883128  -0.01731751  0.0
-0.43756946  -0.01822032  0.0
-0.43221842  -0.02146352  0.0
-0.42256347  -0.02601692  0.0
-0.41634919  -0.02842145  0.0
-0.39242921  -0.03614664  0.0
-0.38541284  -0.03804881  0.0
-0.36227151  -0.04346720  0.0
-0.35497965  -0.04495740  0.0
-0.33209626  -0.04916774  0.0
-0.32479328  -0.05038812  0.0
-0.27172345  -0.05782133  0.0
-0.26481142  -0.05863167  0.0
-0.21134642  -0.06389508  0.0
-0.20514347  -0.06439681  0.0
-0.15096527  -0.06794412  0.0
-0.14566391  -0.06821184  0.0
-0.09058291  -0.07015762  0.0
-0.08629955  -0.07025045  0.0
-0.03020135  -0.07061037  0.0
-0.02700580  -0.07057547  0.0
 0.03017345  -0.06871438  0.0
 0.03225082  -0.06859797  0.0
 0.09054660  -0.06403035  0.0
 0.09153629  -0.06393102  0.0
 0.15092826  -0.05740518  0.0
 0.21046011  -0.04960723  0.0
 0.21131731  -0.04949302  0.0
 0.27015747  -0.04095786  0.0
 0.27171114  -0.04072988  0.0
 0.33004577  -0.03181897  0.0
 0.33210626  -0.03149306  0.0
 0.33210866  -0.03149268  0.0
 0.39014702  -0.02255348  0.0
 0.39014795  -0.02255334  0.0
 0.39250959  -0.02219336  0.0
 0.39251150  -0.02219307  0.0
 0.45046771  -0.01354983  0.0
 0.45046964  -0.01354954  0.0
 0.45291342  -0.01319318  0.0
 0.45291926  -0.01319236  0.0
 0.51101802  -0.00530291  0.0
 0.51102561  -0.00530193  0.0
 0.51332685  -0.00501926  0.0
 0.51333325  -0.00501851  0.0
 0.57179079   0.00152523  0.0
 0.57180181   0.00152636  0.0
 0.57374427   0.00170756  0.0
 0.57375499   0.00170846  0.0
 0.63277062   0.00614786  0.0
 0.63278218   0.00614862  0.0
 0.63416654   0.00622593  0.0
 0.63418943   0.00622677  0.0
 0.69391899   0.00727894  0.0
 0.69395117   0.00727864  0.0
 0.69462161   0.00725448  0.0
 0.69466571   0.00725126  0.0
 0.75440000   0.00066974  0.0
;;

