# exterior:
# ---------
-0.31899830   0.07895390  0.0
-0.27432796   0.09301958  0.0
-0.26794834   0.09475918  0.0
-0.21425022   0.10748430  0.0
-0.20848517   0.10866354  0.0
-0.15382639   0.11827713  0.0
-0.14892106   0.11899686  0.0
-0.09318297   0.12580947  0.0
-0.08927628   0.12619321  0.0
-0.03249097   0.13028794  0.0
-0.02973458   0.13041356  0.0
 0.02808398   0.13123049  0.0
 0.02968605   0.13120272  0.0
 0.08865777   0.12833647  0.0
 0.08928001   0.12829132  0.0
 0.14918858   0.12246222  0.0
 0.20918695   0.11426884  0.0
 0.20979773   0.11417718  0.0
 0.26908256   0.10411054  0.0
 0.27042938   0.10386271  0.0
 0.31550000   0.09493963  0.0
 0.31550000   0.08987210  0.0
 0.31552411   0.08938169  0.0
 0.31559620   0.08889602  0.0
 0.31571558   0.08841975  0.0
 0.31588109   0.08795750  0.0
 0.31609115   0.08751370  0.0
 0.31634372   0.08709265  0.0
 0.31663637   0.08669840  0.0
 0.31696628   0.08633475  0.0
 0.31733026   0.08600522  0.0
 0.31772481   0.08571297  0.0
 0.31814612   0.08546083  0.0
 0.31859014   0.08525123  0.0
 0.31905256   0.08508619  0.0
 0.31952895   0.08496730  0.0
 0.32725253   0.08343818  0.0
 0.32904092   0.08305788  0.0
 0.38714910   0.07017356  0.0
 0.38928946   0.06967542  0.0
 0.44717592   0.05571375  0.0
 0.44946133   0.05515115  0.0
 0.50727025   0.04039438  0.0
 0.50948592   0.03981981  0.0
 0.56582184   0.02500696  0.0
 0.51066337   0.01883252  0.0
 0.51065669   0.01883177  0.0
 0.51063000   0.01882875  0.0
 0.51062333   0.01882799  0.0
 0.51060197   0.01882554  0.0
 0.51059530   0.01882477  0.0
 0.51056861   0.01882167  0.0
 0.51056194   0.01882089  0.0
 0.51050217   0.01881388  0.0
 0.51049550   0.01881309  0.0
 0.51046882   0.01880992  0.0
 0.51046215   0.01880913  0.0
 0.51044081   0.01880656  0.0
 0.51043415   0.01880576  0.0
 0.51040748   0.01880252  0.0
 0.51040081   0.01880170  0.0
 0.50809957   0.01851903  0.0
 0.50809166   0.01851805  0.0
 0.50806004   0.01851412  0.0
 0.50805214   0.01851313  0.0
 0.50802685   0.01850994  0.0
 0.50801894   0.01850894  0.0
 0.50798734   0.01850490  0.0
 0.50797944   0.01850389  0.0
 0.50790865   0.01849473  0.0
 0.50790075   0.01849370  0.0
 0.50786915   0.01848957  0.0
 0.50786126   0.01848853  0.0
 0.50783599   0.01848518  0.0
 0.50782809   0.01848413  0.0
 0.50779651   0.01847989  0.0
 0.50778861   0.01847882  0.0
 0.44968985   0.01058937  0.0
 0.44968376   0.01058854  0.0
 0.44965941   0.01058521  0.0
 0.44965332   0.01058437  0.0
 0.44963383   0.01058167  0.0
 0.44962775   0.01058083  0.0
 0.44960340   0.01057743  0.0
 0.44959731   0.01057658  0.0
 0.44954278   0.01056890  0.0
 0.44953669   0.01056804  0.0
 0.44951235   0.01056458  0.0
 0.44950626   0.01056371  0.0
 0.44948679   0.01056092  0.0
 0.44948071   0.01056004  0.0
 0.44945638   0.01055653  0.0
 0.44945030   0.01055564  0.0
 0.44700362   0.01019886  0.0
 0.44698469   0.01019609  0.0
 0.44695521   0.01019174  0.0
 0.44694078   0.01018961  0.0
 0.44693566   0.01018884  0.0
 0.38896856   0.00154398  0.0
 0.38894974   0.00154116  0.0
 0.38892044   0.00153675  0.0
 0.38890610   0.00153458  0.0
 0.38890102   0.00153381  0.0
 0.38652868   0.00117219  0.0
 0.38651031   0.00116938  0.0
 0.38650535   0.00116862  0.0
 0.32845271  -0.00777277  0.0
 0.32844020  -0.00777471  0.0
 0.32842969  -0.00777634  0.0
 0.32841718  -0.00777829  0.0
 0.32839226  -0.00778218  0.0
 0.32837975  -0.00778414  0.0
 0.32836925  -0.00778579  0.0
 0.32835674  -0.00778776  0.0
 0.32635895  -0.00810375  0.0
 0.31974498  -0.00911407  0.0
 0.31924867  -0.00921585  0.0
 0.31876520  -0.00936734  0.0
 0.31829954  -0.00956697  0.0
 0.31785648  -0.00981271  0.0
 0.31744056  -0.01010201  0.0
 0.31705605  -0.01043193  0.0
 0.31670691  -0.01079906  0.0
 0.31639671  -0.01119964  0.0
 0.31612864  -0.01162956  0.0
 0.31590545  -0.01208439  0.0
 0.31572944  -0.01255948  0.0
 0.31560241  -0.01304994  0.0
 0.31552567  -0.01355074  0.0
 0.31550000  -0.01405674  0.0
 0.31550000  -0.01886691  0.0
 0.26948971  -0.02589522  0.0
 0.26799193  -0.02611500  0.0
 0.20925004  -0.03463590  0.0
 0.20849548  -0.03473644  0.0
 0.14913483  -0.04251196  0.0
 0.08996815  -0.04901304  0.0
 0.08921164  -0.04908897  0.0
 0.03124523  -0.05363079  0.0
 0.02950976  -0.05372804  0.0
-0.02733173  -0.05557813  0.0
-0.03023515  -0.05560985  0.0
-0.08608892  -0.05525149  0.0
-0.09015561  -0.05516336  0.0
-0.14502082  -0.05322520  0.0
-0.15009694  -0.05296885  0.0
-0.20404872  -0.04943638  0.0
-0.21000685  -0.04895444  0.0
-0.26320319  -0.04371748  0.0
-0.26980958  -0.04294297  0.0
-0.31980645  -0.03594018  0.0
-0.32251639  -0.03556061  0.0
-0.32950277  -0.03439314  0.0
-0.35212052  -0.03023167  0.0
-0.35905933  -0.02881362  0.0
-0.38173945  -0.02350322  0.0
-0.38815936  -0.02176275  0.0
-0.41133370  -0.01427837  0.0
-0.41665028  -0.01222120  0.0
-0.42511259  -0.00823026  0.0
-0.42930596  -0.00568871  0.0
-0.42973893  -0.00537893  0.0
-0.43253256  -0.00311651  0.0
-0.43299382  -0.00269293  0.0
-0.43433407  -0.00128084  0.0
-0.43699476   0.00340571  0.0
-0.43599504   0.01367625  0.0
-0.43553991   0.01446111  0.0
-0.43453160   0.01588884  0.0
-0.43209811   0.01886938  0.0
-0.43198683   0.01899280  0.0
-0.42738806   0.02358230  0.0
-0.41944629   0.03017008  0.0
-0.41403929   0.03413912  0.0
-0.39179432   0.04803701  0.0
-0.38552617   0.05142060  0.0
-0.36325053   0.06207064  0.0
-0.35644016   0.06500739  0.0
-0.33396975   0.07389877  0.0
-0.32717979   0.07637773  0.0
-0.31899830   0.07895390  0.0
;;

# interior:
# ---------
-0.43113102   0.01203654  0.0
-0.43186488   0.00449729  0.0
-0.43028729   0.00171852  0.0
-0.42948542   0.00087368  0.0
-0.42926506   0.00067131  0.0
-0.42670814  -0.00139941  0.0
-0.42655147  -0.00151151  0.0
-0.42274398  -0.00381918  0.0
-0.41467922  -0.00762263  0.0
-0.40966187  -0.00956401  0.0
-0.38673608  -0.01696812  0.0
-0.38051499  -0.01865469  0.0
-0.35798861  -0.02392910  0.0
-0.35116748  -0.02532310  0.0
-0.32863828  -0.02946827  0.0
-0.32175743  -0.03061811  0.0
-0.31911289  -0.03098852  0.0
-0.26917163  -0.03798352  0.0
-0.26266712  -0.03874609  0.0
-0.20956033  -0.04397423  0.0
-0.20368380  -0.04444956  0.0
-0.14980749  -0.04797710  0.0
-0.14480646  -0.04822965  0.0
-0.09001318  -0.05016527  0.0
-0.08601871  -0.05025184  0.0
-0.03024642  -0.05060967  0.0
-0.02744038  -0.05057902  0.0
 0.02928853  -0.04873259  0.0
 0.03091004  -0.04864173  0.0
 0.08876665  -0.04410851  0.0
 0.08944543  -0.04404039  0.0
 0.14853702  -0.03754756  0.0
 0.20784060  -0.02977951  0.0
 0.20856095  -0.02968353  0.0
 0.26727009  -0.02116738  0.0
 0.26874924  -0.02095033  0.0
 0.31050000  -0.01457269  0.0
 0.31050000  -0.01405674  0.0
 0.31050642  -0.01380341  0.0
 0.31053209  -0.01329742  0.0
 0.31058336  -0.01279338  0.0
 0.31066011  -0.01229258  0.0
 0.31076212  -0.01179631  0.0
 0.31088915  -0.01130585  0.0
 0.31104087  -0.01082245  0.0
 0.31121688  -0.01034736  0.0
 0.31141673  -0.00988180  0.0
 0.31163992  -0.00942697  0.0
 0.31188586  -0.00898402  0.0
 0.31215393  -0.00855411  0.0
 0.31244344  -0.00813832  0.0
 0.31275364  -0.00773774  0.0
 0.31308374  -0.00735339  0.0
 0.31343288  -0.00698626  0.0
 0.31380018  -0.00663729  0.0
 0.31418469  -0.00630737  0.0
 0.31458542  -0.00599736  0.0
 0.31500134  -0.00570806  0.0
 0.31543138  -0.00544019  0.0
 0.31587444  -0.00519446  0.0
 0.31632938  -0.00497149  0.0
 0.31679504  -0.00477185  0.0
 0.31727021  -0.00459607  0.0
 0.31775368  -0.00444458  0.0
 0.31824420  -0.00431779  0.0
 0.31874052  -0.00421600  0.0
 0.31898997  -0.00417140  0.0
 0.32559086  -0.00316309  0.0
 0.32757784  -0.00284880  0.0
 0.32759280  -0.00284644  0.0
 0.32760586  -0.00284439  0.0
 0.32762099  -0.00284202  0.0
 0.32764829  -0.00283776  0.0
 0.32766325  -0.00283543  0.0
 0.32767631  -0.00283341  0.0
 0.32769157  -0.00283105  0.0
 0.38574669   0.00611073  0.0
 0.38575413   0.00611187  0.0
 0.38577524   0.00611510  0.0
 0.38815012   0.00647710  0.0
 0.38815774   0.00647826  0.0
 0.38817537   0.00648092  0.0
 0.38820882   0.00648596  0.0
 0.38823104   0.00648929  0.0
 0.44620071   0.01513453  0.0
 0.44620839   0.01513567  0.0
 0.44622612   0.01513830  0.0
 0.44625977   0.01514326  0.0
 0.44628213   0.01514653  0.0
 0.44873185   0.01550376  0.0
 0.44874098   0.01550508  0.0
 0.44876835   0.01550904  0.0
 0.44877748   0.01551035  0.0
 0.44879999   0.01551358  0.0
 0.44880912   0.01551488  0.0
 0.44883650   0.01551877  0.0
 0.44884563   0.01552006  0.0
 0.44890321   0.01552816  0.0
 0.44891234   0.01552944  0.0
 0.44893973   0.01553326  0.0
 0.44894886   0.01553453  0.0
 0.44897139   0.01553765  0.0
 0.44898052   0.01553890  0.0
 0.44900792   0.01554266  0.0
 0.44901706   0.01554390  0.0
 0.50711977   0.02343388  0.0
 0.50713161   0.02343548  0.0
 0.50716714   0.02344025  0.0
 0.50717898   0.02344182  0.0
 0.50720820   0.02344570  0.0
 0.50722005   0.02344726  0.0
 0.50725559   0.02345191  0.0
 0.50726744   0.02345345  0.0
 0.50734218   0.02346311  0.0
 0.50735403   0.02346463  0.0
 0.50738959   0.02346917  0.0
 0.50740145   0.02347067  0.0
 0.50743069   0.02347436  0.0
 0.50744255   0.02347584  0.0
 0.50747812   0.02348027  0.0
 0.50748998   0.02348173  0.0
 0.50979455   0.02376481  0.0
 0.50980455   0.02376603  0.0
 0.50983456   0.02376968  0.0
 0.50984456   0.02377088  0.0
 0.50986923   0.02377385  0.0
 0.50987924   0.02377504  0.0
 0.50990925   0.02377860  0.0
 0.50991926   0.02377978  0.0
 0.50998236   0.02378719  0.0
 0.50999237   0.02378836  0.0
 0.51002239   0.02379184  0.0
 0.51003240   0.02379299  0.0
 0.51005709   0.02379582  0.0
 0.51006710   0.02379696  0.0
 0.51009713   0.02380036  0.0
 0.51010714   0.02380149  0.0
 0.53860983   0.02699208  0.0
 0.50822264   0.03498202  0.0
 0.50602437   0.03555208  0.0
 0.44824538   0.05030121  0.0
 0.44599216   0.05085588  0.0
 0.38813658   0.06481010  0.0
 0.38604119   0.06529778  0.0
 0.32797971   0.07817174  0.0
 0.32624695   0.07854022  0.0
 0.31855790   0.08006250  0.0
 0.31831824   0.08011609  0.0
 0.31784186   0.08023498  0.0
 0.31737188   0.08037712  0.0
 0.31690946   0.08054216  0.0
 0.31645569   0.08072971  0.0
 0.31601168   0.08093931  0.0
 0.31557850   0.08117046  0.0
 0.31515719   0.08142260  0.0
 0.31474876   0.08169512  0.0
 0.31435421   0.08198737  0.0
 0.31397449   0.08229863  0.0
 0.31361050   0.08262817  0.0
 0.31326314   0.08297518  0.0
 0.31293323   0.08333882  0.0
 0.31262157   0.08371823  0.0
 0.31232892   0.08411248  0.0
 0.31205598   0.08452062  0.0
 0.31180341   0.08494167  0.0
 0.31157182   0.08537462  0.0
 0.31136176   0.08581842  0.0
 0.31117375   0.08627199  0.0
 0.31100823   0.08673425  0.0
 0.31086562   0.08720408  0.0
 0.31074624   0.08768034  0.0
 0.31065039   0.08816189  0.0
 0.31057830   0.08864756  0.0
 0.31053014   0.08913619  0.0
 0.31050603   0.08962660  0.0
 0.31050000   0.08987210  0.0
 0.31050000   0.09083249  0.0
 0.26949139   0.09895137  0.0
 0.26821159   0.09918686  0.0
 0.20900812   0.10923969  0.0
 0.20847763   0.10931930  0.0
 0.14860799   0.11749510  0.0
 0.08885694   0.12330888  0.0
 0.08835546   0.12334526  0.0
 0.02952132   0.12620483  0.0
 0.02807598   0.12622988  0.0
-0.02958540   0.12541517  0.0
-0.03219730   0.12529614  0.0
-0.08885202   0.12121082  0.0
-0.09263519   0.12083921  0.0
-0.14825473   0.11404110  0.0
-0.15303024   0.11334041  0.0
-0.20755092   0.10375111  0.0
-0.21317249   0.10260122  0.0
-0.26671383   0.08991325  0.0
-0.27291889   0.08822125  0.0
-0.31749660   0.07418474  0.0
-0.32557074   0.07164237  0.0
-0.33219221   0.06922492  0.0
-0.35452996   0.06038604  0.0
-0.36118148   0.05751779  0.0
-0.38325891   0.04696251  0.0
-0.38927960   0.04371250  0.0
-0.41123138   0.02999779  0.0
-0.41636812   0.02622714  0.0
-0.42401885   0.01988077  0.0
-0.42833153   0.01557678  0.0
-0.43054814   0.01286187  0.0
-0.43113102   0.01203654  0.0
;;

