# exterior:
# ---------
 0.68863675   0.01218667  0.0
 0.63410137   0.01122600  0.0
 0.63388775   0.01121815  0.0
 0.63250338   0.01114084  0.0
 0.63239556   0.01113377  0.0
 0.57337993   0.00669437  0.0
 0.57327987   0.00668594  0.0
 0.57133741   0.00650474  0.0
 0.57123456   0.00649419  0.0
 0.51277703  -0.00004954  0.0
 0.51271726  -0.00005656  0.0
 0.51041602  -0.00033923  0.0
 0.51034523  -0.00034838  0.0
 0.45224647  -0.00823783  0.0
 0.45219194  -0.00824551  0.0
 0.44974815  -0.00860187  0.0
 0.44973020  -0.00860452  0.0
 0.39177398  -0.01724776  0.0
 0.39175614  -0.01725045  0.0
 0.38939450  -0.01761043  0.0
 0.38938589  -0.01761175  0.0
 0.33134753  -0.02655095  0.0
 0.33132511  -0.02655445  0.0
 0.32927768  -0.02687830  0.0
 0.32050000  -0.02821913  0.0
 0.32050000  -0.02417273  0.0
 0.32866321  -0.02292576  0.0
 0.33070019  -0.02260357  0.0
 0.33070820  -0.02260231  0.0
 0.33073061  -0.02259881  0.0
 0.33073862  -0.02259757  0.0
 0.38878005  -0.01365790  0.0
 0.38879174  -0.01365611  0.0
 0.39115338  -0.01329612  0.0
 0.39115976  -0.01329516  0.0
 0.39117760  -0.01329247  0.0
 0.39118397  -0.01329151  0.0
 0.44914019  -0.00464827  0.0
 0.44914660  -0.00464732  0.0
 0.44916455  -0.00464467  0.0
 0.44917097  -0.00464373  0.0
 0.45161475  -0.00428737  0.0
 0.45163422  -0.00428458  0.0
 0.45168875  -0.00427690  0.0
 0.45170824  -0.00427421  0.0
 0.50980700   0.00361524  0.0
 0.50983227   0.00361859  0.0
 0.50990305   0.00362774  0.0
 0.50992834   0.00363093  0.0
 0.51222958   0.00391360  0.0
 0.51225092   0.00391616  0.0
 0.51231069   0.00392318  0.0
 0.51233205   0.00392563  0.0
 0.57078958   0.01046936  0.0
 0.57082629   0.01047330  0.0
 0.57092914   0.01048385  0.0
 0.57096588   0.01048745  0.0
 0.57290835   0.01066865  0.0
 0.57294407   0.01067182  0.0
 0.57304413   0.01068025  0.0
 0.57307988   0.01068311  0.0
 0.63209551   0.01512251  0.0
 0.63213401   0.01512521  0.0
 0.63224182   0.01513228  0.0
 0.63228034   0.01513462  0.0
 0.63366471   0.01521193  0.0
 0.63374098   0.01521546  0.0
 0.63395460   0.01522330  0.0
 0.63403092   0.01522537  0.0
 0.65967854   0.01567717  0.0
 0.63313933   0.02266698  0.0
 0.63313119   0.02266913  0.0
 0.63310838   0.02267519  0.0
 0.63310023   0.02267736  0.0
 0.63172684   0.02304528  0.0
 0.57328753   0.03855237  0.0
 0.57135555   0.03906180  0.0
 0.51327575   0.05433318  0.0
 0.51100790   0.05492127  0.0
 0.45310917   0.06970098  0.0
 0.45072719   0.07028735  0.0
 0.39274811   0.08427135  0.0
 0.39047282   0.08480090  0.0
 0.33222454   0.09771628  0.0
 0.33026928   0.09813207  0.0
 0.32050000   0.10006619  0.0
 0.32050000   0.10414383  0.0
 0.33107375   0.10205044  0.0
 0.33307350   0.10162519  0.0
 0.39135914   0.08870152  0.0
 0.39367041   0.08816360  0.0
 0.45167419   0.07417364  0.0
 0.45408192   0.07358093  0.0
 0.51200461   0.05879511  0.0
 0.51428637   0.05820341  0.0
 0.57237407   0.04292995  0.0
 0.57431042   0.04241937  0.0
 0.63275732   0.02691027  0.0
 0.63413529   0.02654113  0.0
 0.63415810   0.02653507  0.0
 0.68863675   0.01218667  0.0
;;

