# exterior:
# ---------
-0.75000000   2.74584829  0.0
-0.73686054   2.74999132  0.0
-0.49437586   2.80374838  0.0
-0.24813313   2.83616432  0.0
 0.00000000   2.84700000  0.0
 0.24813313   2.83616432  0.0
 0.49437586   2.80374838  0.0
 0.73686054   2.74999132  0.0
 0.75000000   2.74584829  0.0
 0.75000000   2.74521917  0.0
 0.73670510   2.74941122  0.0
 0.49427157   2.80315693  0.0
 0.24808079   2.83556603  0.0
 0.00000000   2.84639943  0.0
-0.24808079   2.83556603  0.0
-0.49427157   2.80315693  0.0
-0.73670510   2.74941122  0.0
-0.75000000   2.74521917  0.0
-0.75000000   2.74584829  0.0
;;

