# exterior:
# ---------
-0.75000000   2.74521917  0.0
-0.73670510   2.74941122  0.0
-0.49427157   2.80315693  0.0
-0.24808079   2.83556603  0.0
 0.00000000   2.84639943  0.0
 0.24808079   2.83556603  0.0
 0.49427157   2.80315693  0.0
 0.73670510   2.74941122  0.0
 0.75000000   2.74521917  0.0
 0.75000000   2.73997650  0.0
 0.73540974   2.74457699  0.0
 0.49340253   2.79822819  0.0
 0.24764460   2.83058031  0.0
 0.00000000   2.84139466  0.0
-0.24764460   2.83058031  0.0
-0.49340253   2.79822819  0.0
-0.73540974   2.74457699  0.0
-0.75000000   2.73997650  0.0
-0.75000000   2.74521917  0.0
;;

