# exterior:
# ---------
-0.75500000   2.58636253  0.0
-0.75500000   2.57955091  0.0
-0.75497564   2.57905797  0.0
-0.75490280   2.57856982  0.0
-0.75478219   2.57809124  0.0
-0.75461499   2.57762688  0.0
-0.75440281   2.57718127  0.0
-0.75414774   2.57675874  0.0
-0.75385226   2.57636342  0.0
-0.75351924   2.57599916  0.0
-0.75315193   2.57566950  0.0
-0.75275391   2.57537767  0.0
-0.75232906   2.57512649  0.0
-0.75188151   2.57491843  0.0
-0.75141563   2.57475550  0.0
-0.75093596   2.57463930  0.0
-0.75044717   2.57457095  0.0
-0.75000000   2.57455297  0.0
-0.75000000   2.56955658  0.0
-0.75015486   2.56955516  0.0
-0.75064800   2.56957498  0.0
-0.75113957   2.56961912  0.0
-0.75162837   2.56968747  0.0
-0.75211319   2.56977986  0.0
-0.75259286   2.56989606  0.0
-0.75306621   2.57003580  0.0
-0.75353209   2.57019873  0.0
-0.75398936   2.57038445  0.0
-0.75443691   2.57059251  0.0
-0.75487364   2.57082241  0.0
-0.75529849   2.57107359  0.0
-0.75571043   2.57134543  0.0
-0.75610845   2.57163726  0.0
-0.75649158   2.57194839  0.0
-0.75685889   2.57227804  0.0
-0.75720949   2.57262543  0.0
-0.75754251   2.57298969  0.0
-0.75785714   2.57336994  0.0
-0.75815263   2.57376526  0.0
-0.75842824   2.57417468  0.0
-0.75868331   2.57459721  0.0
-0.75891722   2.57503181  0.0
-0.75912939   2.57547742  0.0
-0.75931931   2.57593296  0.0
-0.75948651   2.57639732  0.0
-0.75963060   2.57686937  0.0
-0.75975121   2.57734796  0.0
-0.75984805   2.57783191  0.0
-0.75992089   2.57832005  0.0
-0.75996955   2.57881119  0.0
-0.75999391   2.57930414  0.0
-0.75999982   2.57954345  0.0
-0.75999982   2.57954344  0.0
-0.75999982   2.57954345  0.0
-0.75500000   2.58636253  0.0
;;

