# exterior:
# ---------
-0.75500000  -2.58636253  0.0
-0.75500000  -2.58636262  0.0
-0.92217336  -2.53365077  0.0
-1.13948743  -2.44363845  0.0
-1.34812800  -2.33502844  0.0
-1.54650757  -2.20864424  0.0
-1.73312080  -2.06545151  0.0
-1.90653910  -1.90653910  0.0
-2.06545151  -1.73312080  0.0
-2.20864424  -1.54650757  0.0
-2.33502844  -1.34812800  0.0
-2.44363845  -1.13948743  0.0
-2.53365077  -0.92217336  0.0
-2.60438447  -0.69784448  0.0
-2.65529485  -0.46820042  0.0
-2.68599451  -0.23499514  0.0
-2.69625647   0.00000000  0.0
-2.68599451   0.23499514  0.0
-2.65529485   0.46820042  0.0
-2.60438447   0.69784448  0.0
-2.53365077   0.92217336  0.0
-2.44363845   1.13948743  0.0
-2.33502844   1.34812800  0.0
-2.20864424   1.54650757  0.0
-2.06545151   1.73312080  0.0
-1.90653910   1.90653910  0.0
-1.73312080   2.06545151  0.0
-1.54650757   2.20864424  0.0
-1.34812800   2.33502844  0.0
-1.13948743   2.44363845  0.0
-0.92217336   2.53365077  0.0
-0.75500000   2.58636262  0.0
-0.75500000   2.58636253  0.0
-0.75999982   2.57954345  0.0
-0.75999982   2.57954344  0.0
-0.92046163   2.52894783  0.0
-1.13737235   2.43910258  0.0
-1.34562561   2.33069419  0.0
-1.54363694   2.20454459  0.0
-1.72990378   2.06161765  0.0
-1.90300020   1.90300020  0.0
-2.06161765   1.72990378  0.0
-2.20454459   1.54363694  0.0
-2.33069419   1.34562561  0.0
-2.43910258   1.13737235  0.0
-2.52894783   0.92046163  0.0
-2.59955024   0.69654913  0.0
-2.65036611   0.46733138  0.0
-2.68100879   0.23455896  0.0
-2.69125171   0.00000000  0.0
-2.68100879  -0.23455896  0.0
-2.65036611  -0.46733138  0.0
-2.59955024  -0.69654913  0.0
-2.52894783  -0.92046163  0.0
-2.43910258  -1.13737235  0.0
-2.33069419  -1.34562561  0.0
-2.20454459  -1.54363694  0.0
-2.06161765  -1.72990378  0.0
-1.90300020  -1.90300020  0.0
-1.72990378  -2.06161765  0.0
-1.54363694  -2.20454459  0.0
-1.34562561  -2.33069419  0.0
-1.13737235  -2.43910258  0.0
-0.92046163  -2.52894783  0.0
-0.75999982  -2.57954344  0.0
-0.75999982  -2.57954345  0.0
-0.75500000  -2.58636253  0.0
;;

