# exterior:
# ---------
 0.75500000  -2.58636262  0.0
 0.75500000  -2.57955091  0.0
 0.75497564  -2.57905797  0.0
 0.75490280  -2.57856982  0.0
 0.75478219  -2.57809124  0.0
 0.75461499  -2.57762688  0.0
 0.75440281  -2.57718127  0.0
 0.75414774  -2.57675874  0.0
 0.75385226  -2.57636342  0.0
 0.75351924  -2.57599916  0.0
 0.75315193  -2.57566950  0.0
 0.75275391  -2.57537767  0.0
 0.75232906  -2.57512649  0.0
 0.75188151  -2.57491843  0.0
 0.75141563  -2.57475550  0.0
 0.75093596  -2.57463930  0.0
 0.75044717  -2.57457095  0.0
 0.74995402  -2.57455112  0.0
 0.74946132  -2.57458002  0.0
 0.74897387  -2.57465734  0.0
 0.74849641  -2.57478235  0.0
 0.69447656  -2.59181548  0.0
 0.46594092  -2.64248014  0.0
 0.23386106  -2.67303165  0.0
 0.00000000  -2.68324408  0.0
-0.23386106  -2.67303165  0.0
-0.46594092  -2.64248014  0.0
-0.69447656  -2.59181548  0.0
-0.74849641  -2.57478235  0.0
-0.74897387  -2.57465734  0.0
-0.74946132  -2.57458002  0.0
-0.74995402  -2.57455112  0.0
-0.75044717  -2.57457095  0.0
-0.75093596  -2.57463930  0.0
-0.75141563  -2.57475550  0.0
-0.75188151  -2.57491843  0.0
-0.75232906  -2.57512649  0.0
-0.75275391  -2.57537767  0.0
-0.75315193  -2.57566950  0.0
-0.75351924  -2.57599916  0.0
-0.75385226  -2.57636342  0.0
-0.75414774  -2.57675874  0.0
-0.75440281  -2.57718127  0.0
-0.75461499  -2.57762688  0.0
-0.75478219  -2.57809124  0.0
-0.75490280  -2.57856982  0.0
-0.75497564  -2.57905797  0.0
-0.75500000  -2.57955091  0.0
-0.75500000  -2.58636262  0.0
-0.92217336  -2.53365077  0.0
-1.13948743  -2.44363845  0.0
-1.34812800  -2.33502844  0.0
-1.54650757  -2.20864424  0.0
-1.73312080  -2.06545151  0.0
-1.90653910  -1.90653910  0.0
-2.06545151  -1.73312080  0.0
-2.20864424  -1.54650757  0.0
-2.33502844  -1.34812800  0.0
-2.44363845  -1.13948743  0.0
-2.53365077  -0.92217336  0.0
-2.60438447  -0.69784448  0.0
-2.65529485  -0.46820042  0.0
-2.68599451  -0.23499514  0.0
-2.69625647   0.00000000  0.0
-2.68599451   0.23499514  0.0
-2.65529485   0.46820042  0.0
-2.60438447   0.69784448  0.0
-2.53365077   0.92217336  0.0
-2.44363845   1.13948743  0.0
-2.33502844   1.34812800  0.0
-2.20864424   1.54650757  0.0
-2.06545151   1.73312080  0.0
-1.90653910   1.90653910  0.0
-1.73312080   2.06545151  0.0
-1.54650757   2.20864424  0.0
-1.34812800   2.33502844  0.0
-1.13948743   2.44363845  0.0
-0.92217336   2.53365077  0.0
-0.75500000   2.58636262  0.0
-0.75500000   2.57955091  0.0
-0.75497564   2.57905797  0.0
-0.75490280   2.57856982  0.0
-0.75478219   2.57809124  0.0
-0.75461499   2.57762688  0.0
-0.75440281   2.57718127  0.0
-0.75414774   2.57675874  0.0
-0.75385226   2.57636342  0.0
-0.75351924   2.57599916  0.0
-0.75315193   2.57566950  0.0
-0.75275391   2.57537767  0.0
-0.75232906   2.57512649  0.0
-0.75188151   2.57491843  0.0
-0.75141563   2.57475550  0.0
-0.75093596   2.57463930  0.0
-0.75044717   2.57457095  0.0
-0.74995402   2.57455112  0.0
-0.74946132   2.57458002  0.0
-0.74897387   2.57465734  0.0
-0.74849641   2.57478235  0.0
-0.69447656   2.59181548  0.0
-0.46594092   2.64248014  0.0
-0.23386106   2.67303165  0.0
 0.00000000   2.68324408  0.0
 0.23386106   2.67303165  0.0
 0.46594092   2.64248014  0.0
 0.69447656   2.59181548  0.0
 0.74849641   2.57478235  0.0
 0.74897387   2.57465734  0.0
 0.74946132   2.57458002  0.0
 0.74995402   2.57455112  0.0
 0.75044717   2.57457095  0.0
 0.75093596   2.57463930  0.0
 0.75141563   2.57475550  0.0
 0.75188151   2.57491843  0.0
 0.75232906   2.57512649  0.0
 0.75275391   2.57537767  0.0
 0.75315193   2.57566950  0.0
 0.75351924   2.57599916  0.0
 0.75385226   2.57636342  0.0
 0.75414774   2.57675874  0.0
 0.75440281   2.57718127  0.0
 0.75461499   2.57762688  0.0
 0.75478219   2.57809124  0.0
 0.75490280   2.57856982  0.0
 0.75497564   2.57905797  0.0
 0.75500000   2.57955091  0.0
 0.75500000   2.58636262  0.0
 0.92217336   2.53365077  0.0
 1.13948743   2.44363845  0.0
 1.34812800   2.33502844  0.0
 1.54650757   2.20864424  0.0
 1.73312080   2.06545151  0.0
 1.84209105   1.96559628  0.0
 1.84210700   1.96549450  0.0
 1.84223968   1.96499388  0.0
 1.84242343   1.96450967  0.0
 1.84265628   1.96404706  0.0
 1.84293574   1.96361102  0.0
 1.84325880   1.96320623  0.0
 1.84362200   1.96283703  0.0
 1.90583132   1.90583132  0.0
 2.06468473   1.73247740  0.0
 2.20782431   1.54593345  0.0
 2.33416159   1.34762753  0.0
 2.44273128   1.13906441  0.0
 2.53271018   0.92183102  0.0
 2.60341762   0.69758541  0.0
 2.65430910   0.46802661  0.0
 2.68499737   0.23490791  0.0
 2.69525552   0.00000000  0.0
 2.68499737  -0.23490791  0.0
 2.65430910  -0.46802661  0.0
 2.60341762  -0.69758541  0.0
 2.53271018  -0.92183102  0.0
 2.44273128  -1.13906441  0.0
 2.33416159  -1.34762753  0.0
 2.20782431  -1.54593345  0.0
 2.06468473  -1.73247740  0.0
 1.90583132  -1.90583132  0.0
 1.84362200  -1.96283703  0.0
 1.84325880  -1.96320623  0.0
 1.84293574  -1.96361102  0.0
 1.84265628  -1.96404706  0.0
 1.84242343  -1.96450967  0.0
 1.84223968  -1.96499388  0.0
 1.84210700  -1.96549450  0.0
 1.84209105  -1.96559628  0.0
 1.73312080  -2.06545151  0.0
 1.54650757  -2.20864424  0.0
 1.34812800  -2.33502844  0.0
 1.13948743  -2.44363845  0.0
 0.92217336  -2.53365077  0.0
 0.75500000  -2.58636262  0.0
;;

# interior:
# ---------
-0.75999982  -2.57954345  0.0
-0.75999391  -2.57930414  0.0
-0.75996955  -2.57881119  0.0
-0.75992089  -2.57832005  0.0
-0.75984805  -2.57783191  0.0
-0.75975121  -2.57734796  0.0
-0.75963060  -2.57686937  0.0
-0.75948651  -2.57639732  0.0
-0.75931931  -2.57593296  0.0
-0.75912939  -2.57547742  0.0
-0.75891722  -2.57503181  0.0
-0.75868331  -2.57459721  0.0
-0.75842824  -2.57417468  0.0
-0.75815263  -2.57376526  0.0
-0.75785714  -2.57336994  0.0
-0.75754251  -2.57298969  0.0
-0.75720949  -2.57262543  0.0
-0.75685889  -2.57227804  0.0
-0.75649158  -2.57194839  0.0
-0.75610845  -2.57163726  0.0
-0.75571043  -2.57134543  0.0
-0.75529849  -2.57107359  0.0
-0.75487364  -2.57082241  0.0
-0.75443691  -2.57059251  0.0
-0.75398936  -2.57038445  0.0
-0.75353209  -2.57019873  0.0
-0.75306621  -2.57003580  0.0
-0.75259286  -2.56989606  0.0
-0.75211319  -2.56977986  0.0
-0.75162837  -2.56968747  0.0
-0.75113957  -2.56961912  0.0
-0.75064800  -2.56957498  0.0
-0.75015486  -2.56955516  0.0
-0.74966133  -2.56955970  0.0
-0.74916863  -2.56958859  0.0
-0.74867795  -2.56964176  0.0
-0.74819050  -2.56971909  0.0
-0.74770746  -2.56982038  0.0
-0.74723001  -2.56994538  0.0
-0.74699282  -2.57001378  0.0
-0.69318121  -2.58698126  0.0
-0.46507188  -2.63755140  0.0
-0.23342487  -2.66804593  0.0
 0.00000000  -2.67823932  0.0
 0.23342487  -2.66804593  0.0
 0.46507188  -2.63755140  0.0
 0.69318121  -2.58698126  0.0
 0.74699282  -2.57001378  0.0
 0.74723001  -2.56994538  0.0
 0.74770746  -2.56982038  0.0
 0.74819050  -2.56971909  0.0
 0.74867795  -2.56964176  0.0
 0.74916863  -2.56958859  0.0
 0.74966133  -2.56955970  0.0
 0.75015486  -2.56955516  0.0
 0.75064800  -2.56957498  0.0
 0.75113957  -2.56961912  0.0
 0.75162837  -2.56968747  0.0
 0.75211319  -2.56977986  0.0
 0.75259286  -2.56989606  0.0
 0.75306621  -2.57003580  0.0
 0.75353209  -2.57019873  0.0
 0.75398936  -2.57038445  0.0
 0.75443691  -2.57059251  0.0
 0.75487364  -2.57082241  0.0
 0.75529849  -2.57107359  0.0
 0.75571043  -2.57134543  0.0
 0.75610845  -2.57163726  0.0
 0.75649158  -2.57194839  0.0
 0.75685889  -2.57227804  0.0
 0.75720949  -2.57262543  0.0
 0.75754251  -2.57298969  0.0
 0.75785714  -2.57336994  0.0
 0.75815263  -2.57376526  0.0
 0.75842824  -2.57417468  0.0
 0.75868331  -2.57459721  0.0
 0.75891722  -2.57503181  0.0
 0.75912939  -2.57547742  0.0
 0.75931931  -2.57593296  0.0
 0.75948651  -2.57639732  0.0
 0.75963060  -2.57686937  0.0
 0.75975121  -2.57734796  0.0
 0.75984805  -2.57783191  0.0
 0.75992089  -2.57832005  0.0
 0.75996955  -2.57881119  0.0
 0.75999391  -2.57930414  0.0
 0.75999982  -2.57954345  0.0
 0.92046163  -2.52894783  0.0
 1.13737235  -2.43910258  0.0
 1.34562561  -2.33069419  0.0
 1.54363694  -2.20454459  0.0
 1.72990378  -2.06161765  0.0
 1.83771501  -1.96282449  0.0
 1.83774871  -1.96273569  0.0
 1.83795729  -1.96226164  0.0
 1.83819015  -1.96179903  0.0
 1.83844665  -1.96134911  0.0
 1.83872610  -1.96091307  0.0
 1.83902777  -1.96049209  0.0
 1.83935083  -1.96008730  0.0
 1.83969442  -1.95969978  0.0
 1.84005763  -1.95933058  0.0
 1.84024401  -1.95915068  0.0
 1.90229242  -1.90229242  0.0
 2.06085088  -1.72926038  0.0
 2.20372466  -1.54306282  0.0
 2.32982734  -1.34512514  0.0
 2.43819540  -1.13694934  0.0
 2.52800724  -0.92011928  0.0
 2.59858340  -0.69629006  0.0
 2.64938037  -0.46715757  0.0
 2.68001165  -0.23447172  0.0
 2.69025076   0.00000000  0.0
 2.68001165   0.23447172  0.0
 2.64938037   0.46715757  0.0
 2.59858340   0.69629006  0.0
 2.52800724   0.92011928  0.0
 2.43819540   1.13694934  0.0
 2.32982734   1.34512514  0.0
 2.20372466   1.54306282  0.0
 2.06085088   1.72926038  0.0
 1.90229242   1.90229242  0.0
 1.84024401   1.95915068  0.0
 1.84005763   1.95933058  0.0
 1.83969442   1.95969978  0.0
 1.83935083   1.96008730  0.0
 1.83902777   1.96049209  0.0
 1.83872610   1.96091307  0.0
 1.83844665   1.96134911  0.0
 1.83819015   1.96179903  0.0
 1.83795729   1.96226164  0.0
 1.83774871   1.96273569  0.0
 1.83771501   1.96282449  0.0
 1.72990378   2.06161765  0.0
 1.54363694   2.20454459  0.0
 1.34562561   2.33069419  0.0
 1.13737235   2.43910258  0.0
 0.92046163   2.52894783  0.0
 0.75999982   2.57954345  0.0
 0.75999391   2.57930414  0.0
 0.75996955   2.57881119  0.0
 0.75992089   2.57832005  0.0
 0.75984805   2.57783191  0.0
 0.75975121   2.57734796  0.0
 0.75963060   2.57686937  0.0
 0.75948651   2.57639732  0.0
 0.75931931   2.57593296  0.0
 0.75912939   2.57547742  0.0
 0.75891722   2.57503181  0.0
 0.75868331   2.57459721  0.0
 0.75842824   2.57417468  0.0
 0.75815263   2.57376526  0.0
 0.75785714   2.57336994  0.0
 0.75754251   2.57298969  0.0
 0.75720949   2.57262543  0.0
 0.75685889   2.57227804  0.0
 0.75649158   2.57194839  0.0
 0.75610845   2.57163726  0.0
 0.75571043   2.57134543  0.0
 0.75529849   2.57107359  0.0
 0.75487364   2.57082241  0.0
 0.75443691   2.57059251  0.0
 0.75398936   2.57038445  0.0
 0.75353209   2.57019873  0.0
 0.75306621   2.57003580  0.0
 0.75259286   2.56989606  0.0
 0.75211319   2.56977986  0.0
 0.75162837   2.56968747  0.0
 0.75113957   2.56961912  0.0
 0.75064800   2.56957498  0.0
 0.75015486   2.56955516  0.0
 0.74966133   2.56955970  0.0
 0.74916863   2.56958859  0.0
 0.74867795   2.56964176  0.0
 0.74819050   2.56971909  0.0
 0.74770746   2.56982038  0.0
 0.74723001   2.56994538  0.0
 0.74699282   2.57001378  0.0
 0.69318121   2.58698126  0.0
 0.46507188   2.63755140  0.0
 0.23342487   2.66804593  0.0
 0.00000000   2.67823932  0.0
-0.23342487   2.66804593  0.0
-0.46507188   2.63755140  0.0
-0.69318121   2.58698126  0.0
-0.74699282   2.57001378  0.0
-0.74723001   2.56994538  0.0
-0.74770746   2.56982038  0.0
-0.74819050   2.56971909  0.0
-0.74867795   2.56964176  0.0
-0.74916863   2.56958859  0.0
-0.74966133   2.56955970  0.0
-0.75015486   2.56955516  0.0
-0.75064800   2.56957498  0.0
-0.75113957   2.56961912  0.0
-0.75162837   2.56968747  0.0
-0.75211319   2.56977986  0.0
-0.75259286   2.56989606  0.0
-0.75306621   2.57003580  0.0
-0.75353209   2.57019873  0.0
-0.75398936   2.57038445  0.0
-0.75443691   2.57059251  0.0
-0.75487364   2.57082241  0.0
-0.75529849   2.57107359  0.0
-0.75571043   2.57134543  0.0
-0.75610845   2.57163726  0.0
-0.75649158   2.57194839  0.0
-0.75685889   2.57227804  0.0
-0.75720949   2.57262543  0.0
-0.75754251   2.57298969  0.0
-0.75785714   2.57336994  0.0
-0.75815263   2.57376526  0.0
-0.75842824   2.57417468  0.0
-0.75868331   2.57459721  0.0
-0.75891722   2.57503181  0.0
-0.75912939   2.57547742  0.0
-0.75931931   2.57593296  0.0
-0.75948651   2.57639732  0.0
-0.75963060   2.57686937  0.0
-0.75975121   2.57734796  0.0
-0.75984805   2.57783191  0.0
-0.75992089   2.57832005  0.0
-0.75996955   2.57881119  0.0
-0.75999391   2.57930414  0.0
-0.75999982   2.57954345  0.0
-0.92046163   2.52894783  0.0
-1.13737235   2.43910258  0.0
-1.34562561   2.33069419  0.0
-1.54363694   2.20454459  0.0
-1.72990378   2.06161765  0.0
-1.90300020   1.90300020  0.0
-2.06161765   1.72990378  0.0
-2.20454459   1.54363694  0.0
-2.33069419   1.34562561  0.0
-2.43910258   1.13737235  0.0
-2.52894783   0.92046163  0.0
-2.59955024   0.69654913  0.0
-2.65036611   0.46733138  0.0
-2.68100879   0.23455896  0.0
-2.69125171   0.00000000  0.0
-2.68100879  -0.23455896  0.0
-2.65036611  -0.46733138  0.0
-2.59955024  -0.69654913  0.0
-2.52894783  -0.92046163  0.0
-2.43910258  -1.13737235  0.0
-2.33069419  -1.34562561  0.0
-2.20454459  -1.54363694  0.0
-2.06161765  -1.72990378  0.0
-1.90300020  -1.90300020  0.0
-1.72990378  -2.06161765  0.0
-1.54363694  -2.20454459  0.0
-1.34562561  -2.33069419  0.0
-1.13737235  -2.43910258  0.0
-0.92046163  -2.52894783  0.0
-0.75999982  -2.57954345  0.0
;;

