# exterior:
# ---------
 1.84700000   1.96652337  0.0
 1.90937022   1.90937022  0.0
 2.06851859   1.73569442  0.0
 2.21192396   1.54880407  0.0
 2.33849584   1.35012992  0.0
 2.44726715   1.14117948  0.0
 2.53741311   0.92354276  0.0
 2.60825185   0.69888077  0.0
 2.65923784   0.46889565  0.0
 2.68998309   0.23534410  0.0
 2.70026029   0.00000000  0.0
 2.68998309  -0.23534410  0.0
 2.65923784  -0.46889565  0.0
 2.60825185  -0.69888077  0.0
 2.53741311  -0.92354276  0.0
 2.44726715  -1.14117948  0.0
 2.33849584  -1.35012992  0.0
 2.21192396  -1.54880407  0.0
 2.06851859  -1.73569442  0.0
 1.90937022  -1.90937022  0.0
 1.84700000  -1.96652337  0.0
 1.84700000  -1.95974159  0.0
 1.90583132  -1.90583132  0.0
 2.06468473  -1.73247740  0.0
 2.20782431  -1.54593345  0.0
 2.33416159  -1.34762753  0.0
 2.44273128  -1.13906441  0.0
 2.53271018  -0.92183102  0.0
 2.60341762  -0.69758541  0.0
 2.65430910  -0.46802661  0.0
 2.68499737  -0.23490791  0.0
 2.69525552   0.00000000  0.0
 2.68499737   0.23490791  0.0
 2.65430910   0.46802661  0.0
 2.60341762   0.69758541  0.0
 2.53271018   0.92183102  0.0
 2.44273128   1.13906441  0.0
 2.33416159   1.34762753  0.0
 2.20782431   1.54593345  0.0
 2.06468473   1.73247740  0.0
 1.90583132   1.90583132  0.0
 1.84700000   1.95974159  0.0
 1.84700000   1.96652337  0.0
;;

