# exterior:
# ---------
 2.84139466   0.00000000  0.0
 2.83058031  -0.24764460  0.0
 2.79822819  -0.49340253  0.0
 2.74457699  -0.73540974  0.0
 2.67003584  -0.97181379  0.0
 2.57517870  -1.20082456  0.0
 2.46072166  -1.42069732  0.0
 2.32753413  -1.62975577  0.0
 2.17663335  -1.82641437  0.0
 2.00916721  -2.00916721  0.0
 1.94553285  -2.06747876  0.0
 1.84700000  -1.96787973  0.0
 1.91007800  -1.91007800  0.0
 2.06928536  -1.73633782  0.0
 2.21274389  -1.54937820  0.0
 2.33936269  -1.35063039  0.0
 2.44817432  -1.14160250  0.0
 2.53835370  -0.92388510  0.0
 2.60921869  -0.69913984  0.0
 2.66022359  -0.46906946  0.0
 2.69098023  -0.23543133  0.0
 2.70126124   0.00000000  0.0
 2.69098023   0.23543133  0.0
 2.66022359   0.46906946  0.0
 2.60921869   0.69913984  0.0
 2.53835370   0.92388510  0.0
 2.44817432   1.14160250  0.0
 2.33936269   1.35063039  0.0
 2.21274389   1.54937820  0.0
 2.06928536   1.73633782  0.0
 1.91007800   1.91007800  0.0
 1.84700000   1.96787973  0.0
 1.94553285   2.06747876  0.0
 2.00916721   2.00916721  0.0
 2.17663335   1.82641437  0.0
 2.32753413   1.62975577  0.0
 2.46072166   1.42069732  0.0
 2.57517870   1.20082456  0.0
 2.67003584   0.97181379  0.0
 2.74457699   0.73540974  0.0
 2.79822819   0.49340253  0.0
 2.83058031   0.24764460  0.0
 2.84139466   0.00000000  0.0
;;

