# exterior:
# ---------
 1.94553285  -2.06747876  0.0
 1.82641437  -2.17663335  0.0
 1.62975577  -2.32753413  0.0
 1.42069732  -2.46072166  0.0
 1.20082456  -2.57517870  0.0
 0.97181379  -2.67003584  0.0
 0.75000000  -2.73997650  0.0
 0.75000000  -2.59318185  0.0
 0.75000000  -2.59318184  0.0
 0.92388510  -2.53835370  0.0
 1.14160250  -2.44817432  0.0
 1.35063039  -2.33936269  0.0
 1.54937820  -2.21274389  0.0
 1.73633782  -2.06928536  0.0
 1.84700000  -1.96787973  0.0
 1.94553285  -2.06747876  0.0
;;

