# exterior:
# ---------
 0.75000000  -2.73997650  0.0
 0.73540974  -2.74457699  0.0
 0.49340253  -2.79822819  0.0
 0.24764460  -2.83058031  0.0
 0.00000000  -2.84139466  0.0
-0.24764460  -2.83058031  0.0
-0.49340253  -2.79822819  0.0
-0.73540974  -2.74457699  0.0
-0.75000000  -2.73997650  0.0
-0.75000000  -2.59318185  0.0
-0.69913984  -2.60921869  0.0
-0.46906946  -2.66022359  0.0
-0.23543133  -2.69098023  0.0
 0.00000000  -2.70126124  0.0
 0.23543133  -2.69098023  0.0
 0.46906946  -2.66022359  0.0
 0.69913984  -2.60921869  0.0
 0.75000000  -2.59318185  0.0
 0.75000000  -2.73997650  0.0
;;

