# exterior:
# ---------
 1.96762978  -0.22394529  0.0
 1.93755969  -0.23464126  0.0
 1.93750600  -0.23466067  0.0
 1.76604457  -0.29762630  0.0
 1.76603295  -0.29763058  0.0
 1.59458587  -0.36102164  0.0
 1.42323354  -0.42331522  0.0
 1.25184533  -0.48338785  0.0
 1.08048072  -0.54036160  0.0
 0.90920477  -0.59347256  0.0
 0.83600000  -0.61417960  0.0
 0.83600000  -0.55182542  0.0
 0.89215123  -0.53594222  0.0
 1.06212878  -0.48323388  0.0
 1.23245606  -0.42660501  0.0
 1.40305967  -0.36680739  0.0
 1.57393194  -0.30468833  0.0
 1.74522522  -0.24135413  0.0
 1.74528747  -0.24133115  0.0
 1.74529909  -0.24132687  0.0
 1.74536137  -0.24130396  0.0
 1.91682280  -0.17833834  0.0
 1.91711018  -0.17823363  0.0
 1.91716388  -0.17821422  0.0
 1.91745179  -0.17811098  0.0
 1.96762978  -0.16026260  0.0
 1.96762978  -0.22394529  0.0
;;

