# exterior:
# ---------
 0.75000000  -0.64432569  0.0
 0.73933500  -0.64734244  0.0
 0.56787357  -0.69044246  0.0
 0.39647643  -0.72755064  0.0
 0.22502143  -0.75835198  0.0
 0.05355357  -0.78282718  0.0
-0.11784357  -0.80105983  0.0
-0.28930500  -0.81286347  0.0
-0.46076643  -0.81774951  0.0
-0.63216357  -0.81536435  0.0
-0.75000000  -0.80848946  0.0
-0.75000000  -0.80788844  0.0
-0.63214191  -0.81476460  0.0
-0.46077080  -0.81714939  0.0
-0.28933416  -0.81226406  0.0
-0.11789593  -0.80046201  0.0
 0.05347942  -0.78223169  0.0
 0.22492596  -0.75775953  0.0
 0.39635987  -0.72696198  0.0
 0.56773692  -0.68985814  0.0
 0.73918018  -0.64676269  0.0
 0.75000000  -0.64370215  0.0
 0.75000000  -0.64432569  0.0
;;

