# exterior:
# ---------
-0.75000000   0.81771777  0.0
-0.71784783   0.82260636  0.0
-0.54640991   0.84185857  0.0
-0.37497298   0.85422620  0.0
-0.20360144   0.85936221  0.0
-0.03216410   0.85707380  0.0
 0.13927784   0.84844064  0.0
 0.31065903   0.83497957  0.0
 0.48210613   0.81714701  0.0
 0.65355526   0.79535426  0.0
 0.75000000   0.78127463  0.0
 0.75000000   0.77622163  0.0
 0.65287883   0.79040001  0.0
 0.48153218   0.81217973  0.0
 0.31020457   0.82999986  0.0
 0.13895629   0.84345050  0.0
-0.03232325   0.85207548  0.0
-0.20355990   0.85436121  0.0
-0.37471809   0.84923160  0.0
-0.54595085   0.83687870  0.0
-0.71719279   0.81764849  0.0
-0.75000000   0.81266030  0.0
-0.75000000   0.81771777  0.0
;;

