# exterior:
# ---------
 0.75000000  -0.64370215  0.0
 0.73918018  -0.64676269  0.0
 0.56773692  -0.68985814  0.0
 0.39635987  -0.72696198  0.0
 0.22492596  -0.75775953  0.0
 0.05347942  -0.78223169  0.0
-0.11789593  -0.80046201  0.0
-0.28933416  -0.81226406  0.0
-0.46077080  -0.81714939  0.0
-0.63214191  -0.81476460  0.0
-0.75000000  -0.80788844  0.0
-0.75000000  -0.80287993  0.0
-0.63196143  -0.80976662  0.0
-0.46080725  -0.81214840  0.0
-0.28957717  -0.80726896  0.0
-0.11833222  -0.79548021  0.0
 0.05286151  -0.77726921  0.0
 0.22413040  -0.75282241  0.0
 0.39538852  -0.72205644  0.0
 0.56659814  -0.68498885  0.0
 0.73788997  -0.64193146  0.0
 0.75000000  -0.63850596  0.0
 0.75000000  -0.64370215  0.0
;;

