# exterior:
# ---------
 1.96762978  -0.22925218  0.0
 1.93923535  -0.23935212  0.0
 1.93922960  -0.23935420  0.0
 1.76776817  -0.30231982  0.0
 1.76776692  -0.30232028  0.0
 1.59630703  -0.36571608  0.0
 1.42491469  -0.42802421  0.0
 1.25346111  -0.48811975  0.0
 1.08201005  -0.54512224  0.0
 0.91062589  -0.59826676  0.0
 0.83600000  -0.61937579  0.0
 0.83600000  -0.61417960  0.0
 0.90920477  -0.59347256  0.0
 1.08048072  -0.54036160  0.0
 1.25184533  -0.48338785  0.0
 1.42323354  -0.42331522  0.0
 1.59458587  -0.36102164  0.0
 1.76603295  -0.29763058  0.0
 1.76603813  -0.29762866  0.0
 1.76603938  -0.29762821  0.0
 1.76604457  -0.29762630  0.0
 1.93750600  -0.23466067  0.0
 1.93752995  -0.23465195  0.0
 1.93753570  -0.23464987  0.0
 1.93755969  -0.23464126  0.0
 1.96762978  -0.22394529  0.0
 1.96762978  -0.22925218  0.0
;;

