# exterior:
# ---------
 1.96762978  -0.22988901  0.0
 1.93943643  -0.23991742  0.0
 1.76797500  -0.30288305  0.0
 1.59651357  -0.36627942  0.0
 1.42511643  -0.42858928  0.0
 1.25365500  -0.48868758  0.0
 1.08219357  -0.54569352  0.0
 0.91079643  -0.59884206  0.0
 0.83600000  -0.61999933  0.0
 0.83600000  -0.61937579  0.0
 0.91062589  -0.59826676  0.0
 1.08201005  -0.54512224  0.0
 1.25346111  -0.48811975  0.0
 1.42491469  -0.42802421  0.0
 1.59630703  -0.36571608  0.0
 1.76776692  -0.30232028  0.0
 1.76776817  -0.30231982  0.0
 1.93922960  -0.23935420  0.0
 1.93923535  -0.23935212  0.0
 1.96762978  -0.22925218  0.0
 1.96762978  -0.22988901  0.0
;;

