# exterior:
# ---------
 0.83600000   0.76914049  0.0
 0.99649500   0.74299310  0.0
 1.16795643   0.71240392  0.0
 1.33935357   0.67952601  0.0
 1.51081500   0.64466797  0.0
 1.68227643   0.60799696  0.0
 1.85367357   0.56977655  0.0
 1.96762978   0.54347732  0.0
 1.96762978   0.54286155  0.0
 1.85354081   0.56919142  0.0
 1.68214839   0.60741077  0.0
 1.51069249   0.64408061  0.0
 1.33923728   0.67893738  0.0
 1.16784722   0.71181393  0.0
 0.99639407   0.74240163  0.0
 0.83600000   0.76853258  0.0
 0.83600000   0.76914049  0.0
;;

