# exterior:
# ---------
 4.01812500  -0.01424666  0.0
 3.99626640  -0.00995852  0.0
 3.90465315   0.00723905  0.0
 3.80635374   0.02451378  0.0
 3.70130388   0.04050913  0.0
 3.58950357   0.05375287  0.0
 3.47101710   0.06261203  0.0
 3.34578018   0.06587796  0.0
 3.21385710   0.06284347  0.0
 3.07518357   0.05289781  0.0
 2.92982388   0.03534021  0.0
 2.77771374   0.00941848  0.0
 2.61885315  -0.02545241  0.0
 2.45330640  -0.06938820  0.0
 2.28229500  -0.12150810  0.0
 2.11083357  -0.17895121  0.0
 1.93943643  -0.23991742  0.0
 1.76797500  -0.30288305  0.0
 1.59651357  -0.36627942  0.0
 1.42511643  -0.42858928  0.0
 1.25365500  -0.48868758  0.0
 1.08219357  -0.54569352  0.0
 0.91079643  -0.59884206  0.0
 0.73933500  -0.64734244  0.0
 0.56787357  -0.69044246  0.0
 0.39647643  -0.72755064  0.0
 0.22502143  -0.75835198  0.0
 0.05355357  -0.78282718  0.0
-0.11784357  -0.80105983  0.0
-0.28930500  -0.81286347  0.0
-0.46076643  -0.81774951  0.0
-0.63216357  -0.81536435  0.0
-0.80362500  -0.80536083  0.0
-0.96942891  -0.78820826  0.0
-1.12623222  -0.76494171  0.0
-1.27397064  -0.73624265  0.0
-1.41271489  -0.70274756  0.0
-1.54244568  -0.66531149  0.0
-1.66311801  -0.62459021  0.0
-1.77485403  -0.58118803  0.0
-1.87746087  -0.53588287  0.0
-1.97113140  -0.48915689  0.0
-2.05573704  -0.44126084  0.0
-2.13134208  -0.39214971  0.0
-2.19794652  -0.34179136  0.0
-2.25548607  -0.29050722  0.0
-2.30402502  -0.23939667  0.0
-2.34356337  -0.18955906  0.0
-2.37410112  -0.14066652  0.0
-2.39557398  -0.09083534  0.0
-2.40804624  -0.03823969  0.0
-2.40971778  -0.02408946  0.0
-2.41087500   0.00000000  0.0
-2.40290304   0.06315207  0.0
-2.38593048   0.10409837  0.0
-2.35995732   0.14447892  0.0
-2.32491927   0.18703247  0.0
-2.28088062   0.23148900  0.0
-2.22784137   0.27752707  0.0
-2.16580152   0.32468379  0.0
-2.09469678   0.37259269  0.0
-2.01459144   0.42077162  0.0
-1.92542121   0.46892483  0.0
-1.82731467   0.51651872  0.0
-1.72007895   0.56320612  0.0
-1.60390692   0.60849199  0.0
-1.47873429   0.65195846  0.0
-1.34449677   0.69316835  0.0
-1.20119436   0.73159448  0.0
-1.04895564   0.76655539  0.0
-0.88765203   0.79739530  0.0
-0.71792643   0.82320130  0.0
-0.54646500   0.84245616  0.0
-0.37500357   0.85482556  0.0
-0.20360643   0.85996233  0.0
-0.03214500   0.85767360  0.0
 0.13931643   0.84903946  0.0
 0.31071357   0.83557713  0.0
 0.48217500   0.81774308  0.0
 0.65363643   0.79594877  0.0
 0.82503357   0.77092711  0.0
 0.99649500   0.74299310  0.0
 1.16795643   0.71240392  0.0
 1.33935357   0.67952601  0.0
 1.51081500   0.64466797  0.0
 1.68227643   0.60799696  0.0
 1.85367357   0.56977655  0.0
 2.02513500   0.53020606  0.0
 2.19659643   0.48953621  0.0
 2.36799357   0.44806915  0.0
 2.53694769   0.40639638  0.0
 2.69915136   0.36561080  0.0
 2.85460458   0.32605316  0.0
 3.00337164   0.28790348  0.0
 3.14538825   0.25111674  0.0
 3.28065441   0.21578938  0.0
 3.40923441   0.18202428  0.0
 3.53112825   0.14983427  0.0
 3.64627164   0.11920652  0.0
 3.75466458   0.09003172  0.0
 3.85637136   0.06190484  0.0
 3.95132769   0.03444015  0.0
 3.97402206   0.02767684  0.0
 3.99626640   0.02097140  0.0
 4.01812500   0.01424666  0.0
 4.01812500  -0.01424666  0.0
;;

# interior:
# ---------
 4.01752500  -0.01351752  0.0
 4.01752500   0.01380350  0.0
 3.99609160   0.02039742  0.0
 3.97384979   0.02710211  0.0
 3.95115865   0.03386445  0.0
 3.85620804   0.06132749  0.0
 3.75450664   0.08945287  0.0
 3.64611655   0.11862691  0.0
 3.53097453   0.14925430  0.0
 3.40908161   0.18144406  0.0
 3.28050241   0.21520896  0.0
 3.14523722   0.25053606  0.0
 3.00322189   0.28732246  0.0
 2.85445608   0.32547183  0.0
 2.69900422   0.36502912  0.0
 2.53680269   0.40581416  0.0
 2.36785118   0.44748629  0.0
 2.19645665   0.48895271  0.0
 2.02499830   0.52962184  0.0
 1.85354081   0.56919142  0.0
 1.68214839   0.60741077  0.0
 1.51069249   0.64408061  0.0
 1.33923728   0.67893738  0.0
 1.16784722   0.71181393  0.0
 0.99639407   0.74240163  0.0
 0.82494199   0.77033412  0.0
 0.65355526   0.79535426  0.0
 0.48210613   0.81714701  0.0
 0.31065903   0.83497957  0.0
 0.13927784   0.84844064  0.0
-0.03216410   0.85707380  0.0
-0.20360144   0.85936221  0.0
-0.37497298   0.85422620  0.0
-0.54640991   0.84185857  0.0
-0.71784783   0.82260636  0.0
-0.88755056   0.79680383  0.0
-1.04883212   0.76596814  0.0
-1.20104947   0.73101214  0.0
-1.34433098   0.69259161  0.0
-1.47854777   0.65138808  0.0
-1.60369948   0.60792888  0.0
-1.71985015   0.56265133  0.0
-1.82706387   0.51597351  0.0
-1.92514759   0.46839069  0.0
-2.01429411   0.42025029  0.0
-2.09437431   0.37208648  0.0
-2.16545206   0.32419576  0.0
-2.22746278   0.27706119  0.0
-2.28047026   0.23105070  0.0
-2.32447360   0.18662980  0.0
-2.35947174   0.14412472  0.0
-2.38539679   0.10381898  0.0
-2.40231787   0.06299686  0.0
-2.41027319  -0.00002335  0.0
-2.40911947  -0.02403981  0.0
-2.40745444  -0.03813493  0.0
-2.39500225  -0.09064597  0.0
-2.37356811  -0.14038728  0.0
-2.34307235  -0.18921259  0.0
-2.30357157  -0.23900285  0.0
-2.25506820  -0.29007593  0.0
-2.19756536  -0.34132735  0.0
-2.13099729  -0.39165821  0.0
-2.05542554  -0.44074772  0.0
-1.97084950  -0.48862701  0.0
-1.87720564  -0.53533968  0.0
-1.77462411  -0.58063366  0.0
-1.66291336  -0.62402603  0.0
-1.54226649  -0.66473872  0.0
-1.41256124  -0.70216742  0.0
-1.27384297  -0.73565624  0.0
-1.12613093  -0.76435017  0.0
-0.96935397  -0.78761281  0.0
-0.80357663  -0.80476263  0.0
-0.63214191  -0.81476460  0.0
-0.46077080  -0.81714939  0.0
-0.28933416  -0.81226406  0.0
-0.11789593  -0.80046201  0.0
 0.05347942  -0.78223169  0.0
 0.22492596  -0.75775953  0.0
 0.39635987  -0.72696198  0.0
 0.56773692  -0.68985814  0.0
 0.73918018  -0.64676269  0.0
 0.91062589  -0.59826676  0.0
 1.08201005  -0.54512224  0.0
 1.25346111  -0.48811975  0.0
 1.42491469  -0.42802421  0.0
 1.59630703  -0.36571608  0.0
 1.76776692  -0.30232028  0.0
 1.76776817  -0.30231982  0.0
 1.93922960  -0.23935420  0.0
 1.93923535  -0.23935212  0.0
 2.11063249  -0.17838591  0.0
 2.11064297  -0.17838229  0.0
 2.28210440  -0.12093918  0.0
 2.28212008  -0.12093416  0.0
 2.45313148  -0.06881426  0.0
 2.45315249  -0.06880827  0.0
 2.61869924  -0.02487249  0.0
 2.61872451  -0.02486636  0.0
 2.77758510   0.01000453  0.0
 2.77761294   0.01000996  0.0
 2.92972308   0.03593169  0.0
 2.92975193   0.03593588  0.0
 3.07511162   0.05349348  0.0
 3.07514065   0.05349627  0.0
 3.21381418   0.06344194  0.0
 3.21384330   0.06344332  0.0
 3.34576638   0.06647780  0.0
 3.34579582   0.06647776  0.0
 3.47103274   0.06321183  0.0
 3.47106184   0.06321036  0.0
 3.58954831   0.05435120  0.0
 3.58957415   0.05434870  0.0
 3.70137446   0.04110496  0.0
 3.70139420   0.04110229  0.0
 3.80644406   0.02510694  0.0
 3.80645759   0.02510472  0.0
 3.90475700   0.00783000  0.0
 3.90476385   0.00782875  0.0
 3.99637710  -0.00936882  0.0
 3.99638190  -0.00936974  0.0
 4.01752500  -0.01351752  0.0
;;

