# exterior:
# ---------
 2.05362978   0.52283058  0.0
 2.19645665   0.48895271  0.0
 2.36785118   0.44748629  0.0
 2.53680269   0.40581416  0.0
 2.69900422   0.36502912  0.0
 2.85445608   0.32547183  0.0
 3.00322189   0.28732246  0.0
 3.01812500   0.28346209  0.0
 3.01812500   0.27829707  0.0
 3.00197400   0.28248069  0.0
 2.85321855   0.32062740  0.0
 2.69777806   0.36018179  0.0
 2.53559436   0.40096235  0.0
 2.36666461   0.44262912  0.0
 2.19529178   0.48409028  0.0
 2.05362978   0.51769185  0.0
 2.05362978   0.52283058  0.0
;;

