# exterior:
# ---------
 4.01752500  -0.01351752  0.0
 3.99638190  -0.00936974  0.0
 3.99637710  -0.00936882  0.0
 3.90476385   0.00782875  0.0
 3.90475700   0.00783000  0.0
 3.80645759   0.02510472  0.0
 3.80644406   0.02510694  0.0
 3.70139420   0.04110229  0.0
 3.70137446   0.04110496  0.0
 3.58957415   0.05434870  0.0
 3.58954831   0.05435120  0.0
 3.47106184   0.06321036  0.0
 3.47103274   0.06321183  0.0
 3.34579582   0.06647776  0.0
 3.34576638   0.06647780  0.0
 3.21384330   0.06344332  0.0
 3.21381418   0.06344194  0.0
 3.07514065   0.05349627  0.0
 3.07511162   0.05349348  0.0
 2.92975193   0.03593588  0.0
 2.92972308   0.03593169  0.0
 2.77761294   0.01000996  0.0
 2.77758510   0.01000453  0.0
 2.61872451  -0.02486636  0.0
 2.61869924  -0.02487249  0.0
 2.45315249  -0.06880827  0.0
 2.45313148  -0.06881426  0.0
 2.28212008  -0.12093416  0.0
 2.28210440  -0.12093918  0.0
 2.11064297  -0.17838229  0.0
 2.11063249  -0.17838591  0.0
 1.93923535  -0.23935212  0.0
 1.93922960  -0.23935420  0.0
 1.76776817  -0.30231982  0.0
 1.76776692  -0.30232028  0.0
 1.59630703  -0.36571608  0.0
 1.42491469  -0.42802421  0.0
 1.25346111  -0.48811975  0.0
 1.08201005  -0.54512224  0.0
 0.91062589  -0.59826676  0.0
 0.73918018  -0.64676269  0.0
 0.56773692  -0.68985814  0.0
 0.39635987  -0.72696198  0.0
 0.22492596  -0.75775953  0.0
 0.05347942  -0.78223169  0.0
-0.11789593  -0.80046201  0.0
-0.28933416  -0.81226406  0.0
-0.46077080  -0.81714939  0.0
-0.63214191  -0.81476460  0.0
-0.80357663  -0.80476263  0.0
-0.96935397  -0.78761281  0.0
-1.12613093  -0.76435017  0.0
-1.27384297  -0.73565624  0.0
-1.41256124  -0.70216742  0.0
-1.54226649  -0.66473872  0.0
-1.66291336  -0.62402603  0.0
-1.77462411  -0.58063366  0.0
-1.87720564  -0.53533968  0.0
-1.97084950  -0.48862701  0.0
-2.05542554  -0.44074772  0.0
-2.13099729  -0.39165821  0.0
-2.19756536  -0.34132735  0.0
-2.25506820  -0.29007593  0.0
-2.30357157  -0.23900285  0.0
-2.34307235  -0.18921259  0.0
-2.37356811  -0.14038728  0.0
-2.39500225  -0.09064597  0.0
-2.40745444  -0.03813493  0.0
-2.40911947  -0.02403981  0.0
-2.41027319  -0.00002335  0.0
-2.40231787   0.06299686  0.0
-2.38539679   0.10381898  0.0
-2.35947174   0.14412472  0.0
-2.32447360   0.18662980  0.0
-2.28047026   0.23105070  0.0
-2.22746278   0.27706119  0.0
-2.16545206   0.32419576  0.0
-2.09437431   0.37208648  0.0
-2.01429411   0.42025029  0.0
-1.92514759   0.46839069  0.0
-1.82706387   0.51597351  0.0
-1.71985015   0.56265133  0.0
-1.60369948   0.60792888  0.0
-1.47854777   0.65138808  0.0
-1.34433098   0.69259161  0.0
-1.20104947   0.73101214  0.0
-1.04883212   0.76596814  0.0
-0.88755056   0.79680383  0.0
-0.71784783   0.82260636  0.0
-0.54640991   0.84185857  0.0
-0.37497298   0.85422620  0.0
-0.20360144   0.85936221  0.0
-0.03216410   0.85707380  0.0
 0.13927784   0.84844064  0.0
 0.31065903   0.83497957  0.0
 0.48210613   0.81714701  0.0
 0.65355526   0.79535426  0.0
 0.82494199   0.77033412  0.0
 0.99639407   0.74240163  0.0
 1.16784722   0.71181393  0.0
 1.33923728   0.67893738  0.0
 1.51069249   0.64408061  0.0
 1.68214839   0.60741077  0.0
 1.85354081   0.56919142  0.0
 2.02499830   0.52962184  0.0
 2.19645665   0.48895271  0.0
 2.36785118   0.44748629  0.0
 2.53680269   0.40581416  0.0
 2.69900422   0.36502912  0.0
 2.85445608   0.32547183  0.0
 3.00322189   0.28732246  0.0
 3.14523722   0.25053606  0.0
 3.28050241   0.21520896  0.0
 3.40908161   0.18144406  0.0
 3.53097453   0.14925430  0.0
 3.64611655   0.11862691  0.0
 3.75450664   0.08945287  0.0
 3.85620804   0.06132749  0.0
 3.95115865   0.03386445  0.0
 3.97384979   0.02710211  0.0
 3.99609160   0.02039742  0.0
 4.01752500   0.01380350  0.0
 4.01752500  -0.01351752  0.0
;;

# interior:
# ---------
 4.01252500  -0.00744133  0.0
 4.01252500   0.01011047  0.0
 3.99463493   0.01561429  0.0
 3.97241424   0.02231261  0.0
 3.94975000   0.02906694  0.0
 3.85484701   0.05651620  0.0
 3.75319050   0.08462917  0.0
 3.64482413   0.11379682  0.0
 3.52969356   0.14442117  0.0
 3.40780832   0.17660890  0.0
 3.27923570   0.21037207  0.0
 3.14397859   0.24569706  0.0
 3.00197400   0.28248069  0.0
 2.85321855   0.32062740  0.0
 2.69777806   0.36018179  0.0
 2.53559436   0.40096235  0.0
 2.36666461   0.44262912  0.0
 2.19529178   0.48409028  0.0
 2.02385913   0.52475331  0.0
 1.85243450   0.56431532  0.0
 1.68108139   0.60252590  0.0
 1.50967154   0.63918589  0.0
 1.33826822   0.67403211  0.0
 1.16693714   0.70689734  0.0
 0.99555295   0.73747275  0.0
 0.82417880   0.76539253  0.0
 0.65287883   0.79040001  0.0
 0.48153218   0.81217973  0.0
 0.31020457   0.82999986  0.0
 0.13895629   0.84345050  0.0
-0.03232325   0.85207548  0.0
-0.20355990   0.85436121  0.0
-0.37471809   0.84923160  0.0
-0.54595085   0.83687870  0.0
-0.71719279   0.81764849  0.0
-0.88670499   0.79187493  0.0
-1.04780274   0.76107438  0.0
-1.19984203   0.72615927  0.0
-1.34294935   0.68778545  0.0
-1.47699348   0.64663493  0.0
-1.60197078   0.60323629  0.0
-1.71794348   0.55802812  0.0
-1.82497385   0.51143012  0.0
-1.92286743   0.46393955  0.0
-2.01181637   0.41590584  0.0
-2.09168708   0.36786803  0.0
-2.16253991   0.32012885  0.0
-2.22430785   0.27317882  0.0
-2.27705056   0.22739815  0.0
-2.32075972   0.18327422  0.0
-2.35542528   0.14117306  0.0
-2.38094933   0.10149075  0.0
-2.39744146   0.06170349  0.0
-2.40525807  -0.00021796  0.0
-2.40413358  -0.02362607  0.0
-2.40252281  -0.03726191  0.0
-2.39023781  -0.08906787  0.0
-2.36912640  -0.13806025  0.0
-2.33898055  -0.18632534  0.0
-2.29979280  -0.23572102  0.0
-2.25158599  -0.28648184  0.0
-2.19438905  -0.33746061  0.0
-2.12812405  -0.38756232  0.0
-2.05282967  -0.43647166  0.0
-1.96850033  -0.48421129  0.0
-1.87507873  -0.53081309  0.0
-1.77270813  -0.57601394  0.0
-1.66120795  -0.61932451  0.0
-1.54077327  -0.65996560  0.0
-1.41128079  -0.69733290  0.0
-1.27277901  -0.73076945  0.0
-1.12528685  -0.75942067  0.0
-0.96872948  -0.78265073  0.0
-0.80317357  -0.79977765  0.0
-0.63196143  -0.80976662  0.0
-0.46080725  -0.81214840  0.0
-0.28957717  -0.80726896  0.0
-0.11833222  -0.79548021  0.0
 0.05286151  -0.77726921  0.0
 0.22413040  -0.75282241  0.0
 0.39538852  -0.72205644  0.0
 0.56659814  -0.68498885  0.0
 0.73788997  -0.64193146  0.0
 0.90920477  -0.59347256  0.0
 1.08048072  -0.54036160  0.0
 1.25184533  -0.48338785  0.0
 1.42323354  -0.42331522  0.0
 1.59458587  -0.36102164  0.0
 1.76603295  -0.29763058  0.0
 1.76603813  -0.29762866  0.0
 1.76603938  -0.29762821  0.0
 1.76604457  -0.29762630  0.0
 1.93750600  -0.23466067  0.0
 1.93752995  -0.23465195  0.0
 1.93753570  -0.23464987  0.0
 1.93755969  -0.23464126  0.0
 2.10895683  -0.17367506  0.0
 2.10900042  -0.17365978  0.0
 2.10901090  -0.17365616  0.0
 2.10905463  -0.17364128  0.0
 2.28051606  -0.11619817  0.0
 2.28058125  -0.11617682  0.0
 2.28059693  -0.11617181  0.0
 2.28066240  -0.11615136  0.0
 2.45167380  -0.06403146  0.0
 2.45176112  -0.06400571  0.0
 2.45178213  -0.06399973  0.0
 2.45186990  -0.06397558  0.0
 2.61741665  -0.02003979  0.0
 2.61752166  -0.02001313  0.0
 2.61754693  -0.02000701  0.0
 2.61765250  -0.01998264  0.0
 2.77651309   0.01488826  0.0
 2.77662885   0.01491224  0.0
 2.77665669   0.01491766  0.0
 2.77677298   0.01493890  0.0
 2.92888312   0.04086063  0.0
 2.92900310   0.04087958  0.0
 2.92903195   0.04088377  0.0
 2.92915235   0.04089980  0.0
 3.07451204   0.05845740  0.0
 3.07463285   0.05847051  0.0
 3.07466188   0.05847330  0.0
 3.07478297   0.05848346  0.0
 3.21345650   0.06842913  0.0
 3.21357778   0.06843635  0.0
 3.21360690   0.06843772  0.0
 3.21372832   0.06844199  0.0
 3.34565140   0.07147648  0.0
 3.34577407   0.07147780  0.0
 3.34580351   0.07147775  0.0
 3.34592617   0.07147606  0.0
 3.47116309   0.06821013  0.0
 3.47128439   0.06820549  0.0
 3.47131349   0.06820402  0.0
 3.47143464   0.06819644  0.0
 3.58992111   0.05933728  0.0
 3.59002891   0.05932805  0.0
 3.59005476   0.05932555  0.0
 3.59016233   0.05931399  0.0
 3.70196264   0.04607025  0.0
 3.70204497   0.04605980  0.0
 3.70206470   0.04605713  0.0
 3.70214684   0.04604532  0.0
 3.80719670   0.03004997  0.0
 3.80725314   0.03004104  0.0
 3.80726667   0.03003883  0.0
 3.80732301   0.03002926  0.0
 3.90562242   0.01275453  0.0
 3.90565097   0.01274943  0.0
 3.90565781   0.01274819  0.0
 3.90568633   0.01274292  0.0
 3.99729958  -0.00445466  0.0
 3.99731962  -0.00445846  0.0
 3.99732442  -0.00445938  0.0
 3.99734444  -0.00446327  0.0
 4.01252500  -0.00744133  0.0
;;

