# exterior:
# ---------
-0.83600000  -0.80140840  0.0
-0.96935397  -0.78761281  0.0
-1.12613093  -0.76435017  0.0
-1.27384297  -0.73565624  0.0
-1.41256124  -0.70216742  0.0
-1.54226649  -0.66473872  0.0
-1.66291336  -0.62402603  0.0
-1.77462411  -0.58063366  0.0
-1.87720564  -0.53533968  0.0
-1.97084950  -0.48862701  0.0
-2.05542554  -0.44074772  0.0
-2.13099729  -0.39165821  0.0
-2.19756536  -0.34132735  0.0
-2.25506820  -0.29007593  0.0
-2.30357157  -0.23900285  0.0
-2.34307235  -0.18921259  0.0
-2.37356811  -0.14038728  0.0
-2.39500225  -0.09064597  0.0
-2.40745444  -0.03813493  0.0
-2.40911947  -0.02403981  0.0
-2.41027319  -0.00002335  0.0
-2.40231787   0.06299686  0.0
-2.38539679   0.10381898  0.0
-2.35947174   0.14412472  0.0
-2.32447360   0.18662980  0.0
-2.28047026   0.23105070  0.0
-2.22746278   0.27706119  0.0
-2.16545206   0.32419576  0.0
-2.09437431   0.37208648  0.0
-2.01429411   0.42025029  0.0
-1.92514759   0.46839069  0.0
-1.82706387   0.51597351  0.0
-1.71985015   0.56265133  0.0
-1.60369948   0.60792888  0.0
-1.47854777   0.65138808  0.0
-1.34433098   0.69259161  0.0
-1.20104947   0.73101214  0.0
-1.04883212   0.76596814  0.0
-0.88755056   0.79680383  0.0
-0.83600000   0.80464186  0.0
-0.83600000   0.79958440  0.0
-0.88670499   0.79187493  0.0
-1.04780274   0.76107438  0.0
-1.19984203   0.72615927  0.0
-1.34294935   0.68778545  0.0
-1.47699348   0.64663493  0.0
-1.60197078   0.60323629  0.0
-1.71794348   0.55802812  0.0
-1.82497385   0.51143012  0.0
-1.92286743   0.46393955  0.0
-2.01181637   0.41590584  0.0
-2.09168708   0.36786803  0.0
-2.16253991   0.32012885  0.0
-2.22430785   0.27317882  0.0
-2.27705056   0.22739815  0.0
-2.32075972   0.18327422  0.0
-2.35542528   0.14117306  0.0
-2.38094933   0.10149075  0.0
-2.39744146   0.06170349  0.0
-2.40525807  -0.00021796  0.0
-2.40413358  -0.02362607  0.0
-2.40252281  -0.03726191  0.0
-2.39023781  -0.08906787  0.0
-2.36912640  -0.13806025  0.0
-2.33898055  -0.18632534  0.0
-2.29979280  -0.23572102  0.0
-2.25158599  -0.28648184  0.0
-2.19438905  -0.33746061  0.0
-2.12812405  -0.38756232  0.0
-2.05282967  -0.43647166  0.0
-1.96850033  -0.48421129  0.0
-1.87507873  -0.53081309  0.0
-1.77270813  -0.57601394  0.0
-1.66120795  -0.61932451  0.0
-1.54077327  -0.65996560  0.0
-1.41128079  -0.69733290  0.0
-1.27277901  -0.73076945  0.0
-1.12528685  -0.75942067  0.0
-0.96872948  -0.78265073  0.0
-0.83600000  -0.79638172  0.0
-0.83600000  -0.80140840  0.0
;;

