# exterior:
# ---------
 3.71194008   0.03949653  0.0
 3.70139420   0.04110229  0.0
 3.70137446   0.04110496  0.0
 3.58957415   0.05434870  0.0
 3.58954831   0.05435120  0.0
 3.57814887   0.05520353  0.0
 3.57814887   0.06021748  0.0
 3.58992111   0.05933728  0.0
 3.59002891   0.05932805  0.0
 3.59005476   0.05932555  0.0
 3.59016233   0.05931399  0.0
 3.70196264   0.04607025  0.0
 3.70204497   0.04605980  0.0
 3.70206470   0.04605713  0.0
 3.70214684   0.04604532  0.0
 3.71194008   0.04455416  0.0
 3.71194008   0.03949653  0.0
;;

