# exterior:
# ---------
 4.01752500  -0.01351752  0.0
 3.99638190  -0.00936974  0.0
 3.99637710  -0.00936882  0.0
 3.90476385   0.00782875  0.0
 3.90475700   0.00783000  0.0
 3.89003603   0.01041700  0.0
 3.89003603   0.01549362  0.0
 3.90562242   0.01275453  0.0
 3.90565097   0.01274943  0.0
 3.90565781   0.01274819  0.0
 3.90568633   0.01274292  0.0
 3.99729958  -0.00445466  0.0
 3.99731962  -0.00445846  0.0
 3.99732442  -0.00445938  0.0
 3.99734444  -0.00446327  0.0
 4.01252500  -0.00744133  0.0
 4.01252500  -0.00744133  0.0
 4.01752500  -0.01351752  0.0
 4.01752500  -0.01351752  0.0
;;

