# exterior:
# ---------
 3.57814887   0.05520353  0.0
 3.47106184   0.06321036  0.0
 3.47103274   0.06321183  0.0
 3.34579582   0.06647776  0.0
 3.34576638   0.06647780  0.0
 3.21384330   0.06344332  0.0
 3.21381418   0.06344194  0.0
 3.07514065   0.05349627  0.0
 3.07511162   0.05349348  0.0
 3.01812500   0.04661022  0.0
 3.01812500   0.05164657  0.0
 3.07451204   0.05845740  0.0
 3.07463285   0.05847051  0.0
 3.07466188   0.05847330  0.0
 3.07478297   0.05848346  0.0
 3.21345650   0.06842913  0.0
 3.21357778   0.06843635  0.0
 3.21360690   0.06843772  0.0
 3.21372832   0.06844199  0.0
 3.34565140   0.07147648  0.0
 3.34577407   0.07147780  0.0
 3.34580351   0.07147775  0.0
 3.34592617   0.07147606  0.0
 3.47116309   0.06821013  0.0
 3.47128439   0.06820549  0.0
 3.47131349   0.06820402  0.0
 3.47143464   0.06819644  0.0
 3.57814887   0.06021748  0.0
 3.57814887   0.05520353  0.0
;;

