# exterior:
# ---------
-0.83600000  -0.80201161  0.0
-0.96942891  -0.78820826  0.0
-1.12623222  -0.76494171  0.0
-1.27397064  -0.73624265  0.0
-1.41271489  -0.70274756  0.0
-1.54244568  -0.66531149  0.0
-1.66311801  -0.62459021  0.0
-1.77485403  -0.58118803  0.0
-1.87746087  -0.53588287  0.0
-1.97113140  -0.48915689  0.0
-2.05573704  -0.44126084  0.0
-2.13134208  -0.39214971  0.0
-2.19794652  -0.34179136  0.0
-2.25548607  -0.29050722  0.0
-2.30402502  -0.23939667  0.0
-2.34356337  -0.18955906  0.0
-2.37410112  -0.14066652  0.0
-2.39557398  -0.09083534  0.0
-2.40804624  -0.03823969  0.0
-2.40971778  -0.02408946  0.0
-2.41087500   0.00000000  0.0
-2.40290304   0.06315207  0.0
-2.38593048   0.10409837  0.0
-2.35995732   0.14447892  0.0
-2.32491927   0.18703247  0.0
-2.28088062   0.23148900  0.0
-2.22784137   0.27752707  0.0
-2.16580152   0.32468379  0.0
-2.09469678   0.37259269  0.0
-2.01459144   0.42077162  0.0
-1.92542121   0.46892483  0.0
-1.82731467   0.51651872  0.0
-1.72007895   0.56320612  0.0
-1.60390692   0.60849199  0.0
-1.47873429   0.65195846  0.0
-1.34449677   0.69316835  0.0
-1.20119436   0.73159448  0.0
-1.04895564   0.76655539  0.0
-0.88765203   0.79739530  0.0
-0.83600000   0.80524876  0.0
-0.83600000   0.80464186  0.0
-0.88755056   0.79680383  0.0
-1.04883212   0.76596814  0.0
-1.20104947   0.73101214  0.0
-1.34433098   0.69259161  0.0
-1.47854777   0.65138808  0.0
-1.60369948   0.60792888  0.0
-1.71985015   0.56265133  0.0
-1.82706387   0.51597351  0.0
-1.92514759   0.46839069  0.0
-2.01429411   0.42025029  0.0
-2.09437431   0.37208648  0.0
-2.16545206   0.32419576  0.0
-2.22746278   0.27706119  0.0
-2.28047026   0.23105070  0.0
-2.32447360   0.18662980  0.0
-2.35947174   0.14412472  0.0
-2.38539679   0.10381898  0.0
-2.40231787   0.06299686  0.0
-2.41027319  -0.00002335  0.0
-2.40911947  -0.02403981  0.0
-2.40745444  -0.03813493  0.0
-2.39500225  -0.09064597  0.0
-2.37356811  -0.14038728  0.0
-2.34307235  -0.18921259  0.0
-2.30357157  -0.23900285  0.0
-2.25506820  -0.29007593  0.0
-2.19756536  -0.34132735  0.0
-2.13099729  -0.39165821  0.0
-2.05542554  -0.44074772  0.0
-1.97084950  -0.48862701  0.0
-1.87720564  -0.53533968  0.0
-1.77462411  -0.58063366  0.0
-1.66291336  -0.62402603  0.0
-1.54226649  -0.66473872  0.0
-1.41256124  -0.70216742  0.0
-1.27384297  -0.73565624  0.0
-1.12613093  -0.76435017  0.0
-0.96935397  -0.78761281  0.0
-0.83600000  -0.80140840  0.0
-0.83600000  -0.80201161  0.0
;;

