# exterior:
# ---------
 3.01812500   0.04661022  0.0
 2.92975193   0.03593588  0.0
 2.92972308   0.03593169  0.0
 2.77761294   0.01000996  0.0
 2.77758510   0.01000453  0.0
 2.61872451  -0.02486636  0.0
 2.61869924  -0.02487249  0.0
 2.45315249  -0.06880827  0.0
 2.45313148  -0.06881426  0.0
 2.28212008  -0.12093416  0.0
 2.28210440  -0.12093918  0.0
 2.11064297  -0.17838229  0.0
 2.11063249  -0.17838591  0.0
 2.05362978  -0.19866186  0.0
 2.05362978  -0.19335497  0.0
 2.10895683  -0.17367506  0.0
 2.10900042  -0.17365978  0.0
 2.10901090  -0.17365616  0.0
 2.10905463  -0.17364128  0.0
 2.28051606  -0.11619817  0.0
 2.28058125  -0.11617682  0.0
 2.28059693  -0.11617181  0.0
 2.28066240  -0.11615136  0.0
 2.45167380  -0.06403146  0.0
 2.45176112  -0.06400571  0.0
 2.45178213  -0.06399973  0.0
 2.45186990  -0.06397558  0.0
 2.61741665  -0.02003979  0.0
 2.61752166  -0.02001313  0.0
 2.61754693  -0.02000701  0.0
 2.61765250  -0.01998264  0.0
 2.77651309   0.01488826  0.0
 2.77662885   0.01491224  0.0
 2.77665669   0.01491766  0.0
 2.77677298   0.01493890  0.0
 2.92888312   0.04086063  0.0
 2.92900310   0.04087958  0.0
 2.92903195   0.04088377  0.0
 2.92915235   0.04089980  0.0
 3.01812500   0.05164657  0.0
 3.01812500   0.04661022  0.0
;;

