# exterior:
# ---------
 2.05362978   0.45602710  0.0
 2.18131342   0.42574113  0.0
 2.35242576   0.38434298  0.0
 2.52109437   0.34274063  0.0
 2.68306413   0.30201387  0.0
 2.83836827   0.26249417  0.0
 2.98699927   0.22437937  0.0
 3.01812500   0.21631684  0.0
 3.01812500   0.21132215  0.0
 3.01781803   0.21132627  0.0
 3.01734101   0.21137868  0.0
 3.01687122   0.21147658  0.0
 2.98575138   0.21953760  0.0
 2.83713075   0.25764973  0.0
 2.68183797   0.29716654  0.0
 2.51988604   0.33788882  0.0
 2.35123919   0.37948581  0.0
 2.18014855   0.42087870  0.0
 2.05862978   0.44970239  0.0
 2.05362978   0.45602710  0.0
;;

