# exterior:
# ---------
-0.75000000  -0.69169118  0.0
-0.75000000   0.70038460  0.0
-0.70265097   0.70758380  0.0
-0.53575974   0.72632543  0.0
-0.36905956   0.73835134  0.0
-0.20263765   0.74333901  0.0
-0.03585646   0.74111276  0.0
 0.13181781   0.73266932  0.0
 0.30011543   0.71945044  0.0
 0.46879059   0.70190620  0.0
 0.63786202   0.68041568  0.0
 0.75000000   0.66404505  0.0
 0.75000000  -0.52315072  0.0
 0.70924747  -0.53467817  0.0
 0.54131730  -0.57689054  0.0
 0.37382455  -0.61315341  0.0
 0.20646884  -0.64321832  0.0
 0.03914379  -0.66710218  0.0
-0.12801804  -0.68488429  0.0
-0.29497194  -0.69637763  0.0
-0.46161626  -0.70112640  0.0
-0.62795467  -0.69881164  0.0
-0.75000000  -0.69169118  0.0
;;

# interior:
# ---------
-0.74500000  -0.68697439  0.0
-0.62777419  -0.69381366  0.0
-0.46165270  -0.69612541  0.0
-0.29521495  -0.69138252  0.0
-0.12845433  -0.67990249  0.0
 0.03852588  -0.66213970  0.0
 0.20567328  -0.63828120  0.0
 0.37285320  -0.60824787  0.0
 0.54017852  -0.57202124  0.0
 0.70795726  -0.52984694  0.0
 0.74500000  -0.51936886  0.0
 0.74500000   0.65972198  0.0
 0.63718559   0.67546143  0.0
 0.46821664   0.69693893  0.0
 0.29966096   0.71447074  0.0
 0.13149626   0.72767917  0.0
-0.03601561   0.73611444  0.0
-0.20259610   0.73833801  0.0
-0.36880467   0.73335674  0.0
-0.53530068   0.72134555  0.0
-0.70199593   0.70262593  0.0
-0.74500000   0.69608736  0.0
-0.74500000  -0.68697439  0.0
;;

