# exterior:
# ---------
-0.74500000  -0.68697439  0.0
-0.74500000   0.69608736  0.0
-0.70199593   0.70262593  0.0
-0.53530068   0.72134555  0.0
-0.36880467   0.73335674  0.0
-0.20259610   0.73833801  0.0
-0.03601561   0.73611444  0.0
 0.13149626   0.72767917  0.0
 0.29966096   0.71447074  0.0
 0.46821664   0.69693893  0.0
 0.63718559   0.67546143  0.0
 0.74500000   0.65972198  0.0
 0.74500000  -0.51936886  0.0
 0.70795726  -0.52984694  0.0
 0.54017852  -0.57202124  0.0
 0.37285320  -0.60824787  0.0
 0.20567328  -0.63828120  0.0
 0.03852588  -0.66213970  0.0
-0.12845433  -0.67990249  0.0
-0.29521495  -0.69138252  0.0
-0.46165270  -0.69612541  0.0
-0.62777419  -0.69381366  0.0
-0.74500000  -0.68697439  0.0
;;

# interior:
# ---------
-0.74000000  -0.68225760  0.0
-0.62759370  -0.68881569  0.0
-0.46168914  -0.69112441  0.0
-0.29545795  -0.68638742  0.0
-0.12889063  -0.67492069  0.0
 0.03790796  -0.65717723  0.0
 0.20487771  -0.63334408  0.0
 0.37188185  -0.60334232  0.0
 0.53903975  -0.56715195  0.0
 0.70666706  -0.52501571  0.0
 0.74000000  -0.51558700  0.0
 0.74000000   0.65539892  0.0
 0.63650915   0.67050718  0.0
 0.46764270   0.69197165  0.0
 0.29920649   0.70949104  0.0
 0.13117470   0.72268903  0.0
-0.03617476   0.73111612  0.0
-0.20255456   0.73333701  0.0
-0.36854978   0.72836213  0.0
-0.53484162   0.71636568  0.0
-0.70134089   0.69766806  0.0
-0.74000000   0.69179012  0.0
-0.74000000  -0.68225760  0.0
;;

