# exterior:
# ---------
 3.57814887   0.08528727  0.0
 3.47329867   0.09312685  0.0
 3.47317756   0.09313517  0.0
 3.47281410   0.09315791  0.0
 3.47269289   0.09316476  0.0
 3.47242134   0.09317844  0.0
 3.47230006   0.09318382  0.0
 3.47193615   0.09319773  0.0
 3.47181482   0.09320163  0.0
 3.34657790   0.09646756  0.0
 3.34645525   0.09647001  0.0
 3.34608727   0.09647509  0.0
 3.34596460   0.09647603  0.0
 3.34568983   0.09647645  0.0
 3.34556716   0.09647589  0.0
 3.34519916   0.09647194  0.0
 3.34507651   0.09646987  0.0
 3.21315343   0.09343538  0.0
 3.21303198   0.09343185  0.0
 3.21266772   0.09341904  0.0
 3.21254632   0.09341404  0.0
 3.21227450   0.09340117  0.0
 3.21215317   0.09339469  0.0
 3.21178933   0.09337303  0.0
 3.21166809   0.09336508  0.0
 3.07299456   0.08341941  0.0
 3.07287341   0.08340999  0.0
 3.07251014   0.08337949  0.0
 3.07238911   0.08336859  0.0
 3.07211819   0.08334253  0.0
 3.07199730   0.08333016  0.0
 3.07163488   0.08329084  0.0
 3.07151415   0.08327700  0.0
 3.01812500   0.07682828  0.0
 3.02312500   0.08246855  0.0
 3.02312500   0.08246855  0.0
 3.07091457   0.08824093  0.0
 3.07094474   0.08824448  0.0
 3.07106547   0.08825832  0.0
 3.07109566   0.08826168  0.0
 3.07145809   0.08830100  0.0
 3.07148830   0.08830418  0.0
 3.07160918   0.08831655  0.0
 3.07163942   0.08831955  0.0
 3.07191034   0.08834562  0.0
 3.07194059   0.08834843  0.0
 3.07206162   0.08835933  0.0
 3.07209188   0.08836197  0.0
 3.07245515   0.08839246  0.0
 3.07248543   0.08839491  0.0
 3.07260658   0.08840434  0.0
 3.07263688   0.08840660  0.0
 3.21131041   0.09835227  0.0
 3.21134071   0.09835435  0.0
 3.21146195   0.09836230  0.0
 3.21149227   0.09836420  0.0
 3.21185611   0.09838586  0.0
 3.21188644   0.09838757  0.0
 3.21200776   0.09839405  0.0
 3.21203810   0.09839558  0.0
 3.21230992   0.09840844  0.0
 3.21234027   0.09840979  0.0
 3.21246166   0.09841480  0.0
 3.21249202   0.09841595  0.0
 3.21285628   0.09842876  0.0
 3.21288664   0.09842974  0.0
 3.21300808   0.09843327  0.0
 3.21303845   0.09843406  0.0
 3.34496153   0.10146855  0.0
 3.34499219   0.10146916  0.0
 3.34511485   0.10147123  0.0
 3.34514551   0.10147165  0.0
 3.34551351   0.10147560  0.0
 3.34554417   0.10147584  0.0
 3.34566685   0.10147640  0.0
 3.34569752   0.10147645  0.0
 3.34597228   0.10147602  0.0
 3.34600295   0.10147588  0.0
 3.34612562   0.10147494  0.0
 3.34615629   0.10147461  0.0
 3.34652427   0.10146953  0.0
 3.34655493   0.10146902  0.0
 3.34667758   0.10146657  0.0
 3.34670824   0.10146586  0.0
 3.47194516   0.09819993  0.0
 3.47197550   0.09819905  0.0
 3.47209683   0.09819515  0.0
 3.47212716   0.09819408  0.0
 3.47249107   0.09818017  0.0
 3.47252140   0.09817892  0.0
 3.47264267   0.09817354  0.0
 3.47267299   0.09817211  0.0
 3.47294454   0.09815842  0.0
 3.47297485   0.09815680  0.0
 3.47309605   0.09814996  0.0
 3.47312635   0.09814815  0.0
 3.47348982   0.09812541  0.0
 3.47352010   0.09812342  0.0
 3.47364121   0.09811511  0.0
 3.47367148   0.09811294  0.0
 3.57814887   0.09030122  0.0
 3.57814887   0.08528727  0.0
;;

