# exterior:
# ---------
 3.57814887   0.09030122  0.0
 3.47367148   0.09811294  0.0
 3.47364121   0.09811511  0.0
 3.47352010   0.09812342  0.0
 3.47348982   0.09812541  0.0
 3.47312635   0.09814815  0.0
 3.47309605   0.09814996  0.0
 3.47297485   0.09815680  0.0
 3.47294454   0.09815842  0.0
 3.47267299   0.09817211  0.0
 3.47264267   0.09817354  0.0
 3.47252140   0.09817892  0.0
 3.47249107   0.09818017  0.0
 3.47212716   0.09819408  0.0
 3.47209683   0.09819515  0.0
 3.47197550   0.09819905  0.0
 3.47194516   0.09819993  0.0
 3.34670824   0.10146586  0.0
 3.34667758   0.10146657  0.0
 3.34655493   0.10146902  0.0
 3.34652427   0.10146953  0.0
 3.34615629   0.10147461  0.0
 3.34612562   0.10147494  0.0
 3.34600295   0.10147588  0.0
 3.34597228   0.10147602  0.0
 3.34569752   0.10147645  0.0
 3.34566685   0.10147640  0.0
 3.34554417   0.10147584  0.0
 3.34551351   0.10147560  0.0
 3.34514551   0.10147165  0.0
 3.34511485   0.10147123  0.0
 3.34499219   0.10146916  0.0
 3.34496153   0.10146855  0.0
 3.21303845   0.09843406  0.0
 3.21300808   0.09843327  0.0
 3.21288664   0.09842974  0.0
 3.21285628   0.09842876  0.0
 3.21249202   0.09841595  0.0
 3.21246166   0.09841480  0.0
 3.21234027   0.09840979  0.0
 3.21230992   0.09840844  0.0
 3.21203810   0.09839558  0.0
 3.21200776   0.09839405  0.0
 3.21188644   0.09838757  0.0
 3.21185611   0.09838586  0.0
 3.21149227   0.09836420  0.0
 3.21146195   0.09836230  0.0
 3.21134071   0.09835435  0.0
 3.21131041   0.09835227  0.0
 3.07263688   0.08840660  0.0
 3.07260658   0.08840434  0.0
 3.07248543   0.08839491  0.0
 3.07245515   0.08839246  0.0
 3.07209188   0.08836197  0.0
 3.07206162   0.08835933  0.0
 3.07194059   0.08834843  0.0
 3.07191034   0.08834562  0.0
 3.07163942   0.08831955  0.0
 3.07160918   0.08831655  0.0
 3.07148830   0.08830418  0.0
 3.07145809   0.08830100  0.0
 3.07109566   0.08826168  0.0
 3.07106547   0.08825832  0.0
 3.07094474   0.08824448  0.0
 3.07091457   0.08824093  0.0
 3.02312500   0.08246855  0.0
 3.02312500   0.08246855  0.0
 3.02812500   0.08810883  0.0
 3.07031499   0.09320485  0.0
 3.07033008   0.09320664  0.0
 3.07036025   0.09321020  0.0
 3.07037534   0.09321195  0.0
 3.07049606   0.09322579  0.0
 3.07051116   0.09322749  0.0
 3.07054135   0.09323086  0.0
 3.07055645   0.09323252  0.0
 3.07091887   0.09327184  0.0
 3.07093397   0.09327345  0.0
 3.07096419   0.09327664  0.0
 3.07097930   0.09327821  0.0
 3.07110018   0.09329058  0.0
 3.07111530   0.09329210  0.0
 3.07114553   0.09329510  0.0
 3.07116064   0.09329658  0.0
 3.07143157   0.09332264  0.0
 3.07144669   0.09332407  0.0
 3.07147694   0.09332689  0.0
 3.07149207   0.09332827  0.0
 3.07161309   0.09333917  0.0
 3.07162823   0.09334051  0.0
 3.07165849   0.09334315  0.0
 3.07167363   0.09334444  0.0
 3.07203690   0.09337494  0.0
 3.07205203   0.09337618  0.0
 3.07208231   0.09337863  0.0
 3.07209746   0.09337984  0.0
 3.07221861   0.09338926  0.0
 3.07223375   0.09339042  0.0
 3.07226405   0.09339269  0.0
 3.07227920   0.09339379  0.0
 3.21095273   0.10333946  0.0
 3.21096788   0.10334052  0.0
 3.21099818   0.10334260  0.0
 3.21101334   0.10334362  0.0
 3.21113457   0.10335157  0.0
 3.21114973   0.10335255  0.0
 3.21118004   0.10335444  0.0
 3.21119520   0.10335537  0.0
 3.21155905   0.10337702  0.0
 3.21157421   0.10337790  0.0
 3.21160453   0.10337962  0.0
 3.21161970   0.10338045  0.0
 3.21174102   0.10338693  0.0
 3.21175619   0.10338772  0.0
 3.21178653   0.10338925  0.0
 3.21180170   0.10338999  0.0
 3.21207352   0.10340285  0.0
 3.21208869   0.10340355  0.0
 3.21211904   0.10340489  0.0
 3.21213421   0.10340554  0.0
 3.21225561   0.10341055  0.0
 3.21227078   0.10341115  0.0
 3.21230114   0.10341231  0.0
 3.21231631   0.10341287  0.0
 3.21268057   0.10342568  0.0
 3.21269575   0.10342619  0.0
 3.21272611   0.10342716  0.0
 3.21274129   0.10342763  0.0
 3.21286274   0.10343116  0.0
 3.21287792   0.10343158  0.0
 3.21290829   0.10343237  0.0
 3.21292347   0.10343274  0.0
 3.34484655   0.10646723  0.0
 3.34486188   0.10646756  0.0
 3.34489254   0.10646817  0.0
 3.34490787   0.10646845  0.0
 3.34503053   0.10647052  0.0
 3.34504586   0.10647075  0.0
 3.34507653   0.10647118  0.0
 3.34509186   0.10647136  0.0
 3.34545986   0.10647531  0.0
 3.34547519   0.10647545  0.0
 3.34550586   0.10647569  0.0
 3.34552119   0.10647578  0.0
 3.34564386   0.10647635  0.0
 3.34565920   0.10647639  0.0
 3.34568987   0.10647644  0.0
 3.34570520   0.10647644  0.0
 3.34597997   0.10647602  0.0
 3.34599530   0.10647597  0.0
 3.34602597   0.10647583  0.0
 3.34604130   0.10647574  0.0
 3.34616397   0.10647480  0.0
 3.34617931   0.10647465  0.0
 3.34620997   0.10647432  0.0
 3.34622531   0.10647414  0.0
 3.34659329   0.10646906  0.0
 3.34660862   0.10646882  0.0
 3.34663929   0.10646830  0.0
 3.34665462   0.10646802  0.0
 3.34677727   0.10646558  0.0
 3.34679260   0.10646525  0.0
 3.34682326   0.10646454  0.0
 3.34683859   0.10646416  0.0
 3.47207551   0.10319823  0.0
 3.47209068   0.10319781  0.0
 3.47212101   0.10319693  0.0
 3.47213618   0.10319647  0.0
 3.47225751   0.10319257  0.0
 3.47227268   0.10319205  0.0
 3.47230301   0.10319099  0.0
 3.47231817   0.10319043  0.0
 3.47268209   0.10317652  0.0
 3.47269725   0.10317592  0.0
 3.47272757   0.10317466  0.0
 3.47274273   0.10317401  0.0
 3.47286401   0.10316864  0.0
 3.47287917   0.10316795  0.0
 3.47290948   0.10316651  0.0
 3.47292464   0.10316577  0.0
 3.47319619   0.10315209  0.0
 3.47321135   0.10315130  0.0
 3.47324165   0.10314968  0.0
 3.47325681   0.10314885  0.0
 3.47337801   0.10314200  0.0
 3.47339316   0.10314112  0.0
 3.47342345   0.10313932  0.0
 3.47343860   0.10313839  0.0
 3.47380207   0.10311565  0.0
 3.47381721   0.10311468  0.0
 3.47384749   0.10311269  0.0
 3.47386264   0.10311168  0.0
 3.47398375   0.10310336  0.0
 3.47399888   0.10310230  0.0
 3.47402915   0.10310013  0.0
 3.47404429   0.10309902  0.0
 3.57814887   0.09531518  0.0
 3.57814887   0.09030122  0.0
;;

