# exterior:
# ---------
-0.74500000   0.69608736  0.0
-0.74500000   0.69608736  0.0
-0.70199593   0.70262593  0.0
-0.53530068   0.72134555  0.0
-0.36880467   0.73335674  0.0
-0.20259610   0.73833801  0.0
-0.03601561   0.73611444  0.0
 0.13149626   0.72767917  0.0
 0.29966096   0.71447074  0.0
 0.46821664   0.69693893  0.0
 0.63718559   0.67546143  0.0
 0.74500000   0.65972198  0.0
 0.74000000   0.65539892  0.0
 0.73999998   0.65539892  0.0
 0.63650915   0.67050718  0.0
 0.46764270   0.69197165  0.0
 0.29920649   0.70949104  0.0
 0.13117470   0.72268903  0.0
-0.03617476   0.73111612  0.0
-0.20255456   0.73333701  0.0
-0.36854978   0.72836213  0.0
-0.53484162   0.71636568  0.0
-0.70134089   0.69766806  0.0
-0.74000000   0.69179012  0.0
-0.74000000   0.69179012  0.0
-0.74500000   0.69608736  0.0
;;

