# exterior:
# ---------
 0.75000000  -0.52315072  0.0
 0.70924747  -0.53467817  0.0
 0.54131730  -0.57689054  0.0
 0.37382455  -0.61315341  0.0
 0.20646884  -0.64321832  0.0
 0.03914379  -0.66710218  0.0
-0.12801804  -0.68488429  0.0
-0.29497194  -0.69637763  0.0
-0.46161626  -0.70112640  0.0
-0.62795467  -0.69881164  0.0
-0.75000000  -0.69169118  0.0
-0.74500000  -0.68697439  0.0
-0.74500000  -0.68697439  0.0
-0.62777419  -0.69381366  0.0
-0.46165270  -0.69612541  0.0
-0.29521495  -0.69138252  0.0
-0.12845433  -0.67990249  0.0
 0.03852588  -0.66213970  0.0
 0.20567328  -0.63828120  0.0
 0.37285320  -0.60824787  0.0
 0.54017852  -0.57202124  0.0
 0.70795726  -0.52984694  0.0
 0.74500000  -0.51936886  0.0
 0.75000000  -0.52315072  0.0
;;

