# exterior:
# ---------
 3.63887599   0.08375318  0.0
 3.59369143   0.08910569  0.0
 3.59366456   0.08910880  0.0
 3.59355704   0.08912094  0.0
 3.59353016   0.08912391  0.0
 3.59320743   0.08915860  0.0
 3.59318053   0.08916142  0.0
 3.59307289   0.08917240  0.0
 3.59304597   0.08917508  0.0
 3.59280475   0.08919837  0.0
 3.59277782   0.08920090  0.0
 3.59267007   0.08921071  0.0
 3.59264313   0.08921310  0.0
 3.59231973   0.08924080  0.0
 3.59229277   0.08924303  0.0
 3.59218492   0.08925168  0.0
 3.59215795   0.08925377  0.0
 3.57814887   0.09030122  0.0
 3.57814887   0.09531518  0.0
 3.63887599   0.08375318  0.0
;;

