# exterior:
# ---------
 3.71194008   0.05972705  0.0
 3.70440479   0.06087440  0.0
 3.70415837   0.06090983  0.0
 3.70397416   0.06093476  0.0
 3.70372719   0.06096610  0.0
 3.59192688   0.07420984  0.0
 3.59160415   0.07424453  0.0
 3.59136293   0.07426783  0.0
 3.59103953   0.07429553  0.0
 3.57814887   0.07525935  0.0
 3.57814887   0.08528727  0.0
 3.59178514   0.08426769  0.0
 3.59189300   0.08425904  0.0
 3.59221640   0.08423134  0.0
 3.59232415   0.08422152  0.0
 3.59256537   0.08419823  0.0
 3.59267301   0.08418724  0.0
 3.59299573   0.08415255  0.0
 3.59310324   0.08414041  0.0
 3.70490355   0.07089667  0.0
 3.70498592   0.07088656  0.0
 3.70523290   0.07085522  0.0
 3.70531518   0.07084444  0.0
 3.70549938   0.07081951  0.0
 3.70558157   0.07080804  0.0
 3.70582799   0.07077261  0.0
 3.70591008   0.07076046  0.0
 3.71193997   0.06984232  0.0
 3.71194008   0.06984230  0.0
 3.71194008   0.05972705  0.0
;;

