# exterior:
# ---------
 3.57814887   0.07525935  0.0
 3.47255306   0.08315469  0.0
 3.47218959   0.08317743  0.0
 3.47191804   0.08319112  0.0
 3.47155412   0.08320503  0.0
 3.34631720   0.08647096  0.0
 3.34594922   0.08647604  0.0
 3.34567446   0.08647646  0.0
 3.34530647   0.08647252  0.0
 3.21338339   0.08343803  0.0
 3.21301912   0.08342522  0.0
 3.21274730   0.08341235  0.0
 3.21238345   0.08339070  0.0
 3.07370992   0.07344503  0.0
 3.07334665   0.07341454  0.0
 3.07307573   0.07338848  0.0
 3.07271331   0.07334916  0.0
 3.01812500   0.06675559  0.0
 3.01812500   0.07682828  0.0
 3.07151415   0.08327700  0.0
 3.07163488   0.08329084  0.0
 3.07199730   0.08333016  0.0
 3.07211819   0.08334253  0.0
 3.07238911   0.08336859  0.0
 3.07251014   0.08337949  0.0
 3.07287341   0.08340999  0.0
 3.07299456   0.08341941  0.0
 3.21166809   0.09336508  0.0
 3.21178933   0.09337303  0.0
 3.21215317   0.09339469  0.0
 3.21227450   0.09340117  0.0
 3.21254632   0.09341404  0.0
 3.21266772   0.09341904  0.0
 3.21303198   0.09343185  0.0
 3.21315343   0.09343538  0.0
 3.34507651   0.09646987  0.0
 3.34519916   0.09647194  0.0
 3.34556716   0.09647589  0.0
 3.34568983   0.09647645  0.0
 3.34596460   0.09647603  0.0
 3.34608727   0.09647509  0.0
 3.34645525   0.09647001  0.0
 3.34657790   0.09646756  0.0
 3.47181482   0.09320163  0.0
 3.47193615   0.09319773  0.0
 3.47230006   0.09318382  0.0
 3.47242134   0.09317844  0.0
 3.47269289   0.09316476  0.0
 3.47281410   0.09315791  0.0
 3.47317756   0.09313517  0.0
 3.47329867   0.09312685  0.0
 3.57814887   0.08528727  0.0
 3.57814887   0.07525935  0.0
;;

