# exterior:
# ---------
-0.32050000  -0.05098946  0.0
-0.32479328  -0.05038812  0.0
-0.33209626  -0.04916774  0.0
-0.35497965  -0.04495740  0.0
-0.36227151  -0.04346720  0.0
-0.38541284  -0.03804881  0.0
-0.39242921  -0.03614664  0.0
-0.41634919  -0.02842145  0.0
-0.42256347  -0.02601692  0.0
-0.43221842  -0.02146352  0.0
-0.43756946  -0.01822032  0.0
-0.43883128  -0.01731751  0.0
-0.44233507  -0.01447997  0.0
-0.44351899  -0.01339274  0.0
-0.44647439  -0.01027893  0.0
-0.45238441   0.00013099  0.0
-0.45060830   0.01837769  0.0
-0.44817944   0.02256619  0.0
-0.44648198   0.02496973  0.0
-0.44348454   0.02864100  0.0
-0.44286232   0.02933105  0.0
-0.43749569   0.03468687  0.0
-0.42868081   0.04199892  0.0
-0.42246305   0.04656310  0.0
-0.39933846   0.06101054  0.0
-0.39232793   0.06479488  0.0
-0.36945770   0.07572919  0.0
-0.36217078   0.07887144  0.0
-0.33930234   0.08792031  0.0
-0.33200691   0.09058381  0.0
-0.32050000   0.09420708  0.0
-0.32050000   0.08896507  0.0
-0.33039787   0.08584845  0.0
-0.33752481   0.08324646  0.0
-0.36026057   0.07425009  0.0
-0.36738864   0.07117634  0.0
-0.39006068   0.06033679  0.0
-0.39682374   0.05668603  0.0
-0.41965513   0.04242177  0.0
-0.42560264   0.03805597  0.0
-0.43412648   0.03098535  0.0
-0.43923716   0.02588497  0.0
-0.43968906   0.02538379  0.0
-0.44249852   0.02194277  0.0
-0.44396626   0.01986450  0.0
-0.44573721   0.01681055  0.0
-0.44725453   0.00122256  0.0
-0.44242761  -0.00727957  0.0
-0.44001060  -0.00982613  0.0
-0.43906757  -0.01069215  0.0
-0.43580050  -0.01333798  0.0
-0.43481496  -0.01404312  0.0
-0.42984981  -0.01705243  0.0
-0.42059241  -0.02141835  0.0
-0.41467736  -0.02370709  0.0
-0.39100593  -0.03135201  0.0
-0.38418838  -0.03320028  0.0
-0.36120079  -0.03858268  0.0
-0.35402661  -0.04004883  0.0
-0.33123176  -0.04424288  0.0
-0.32403431  -0.04544562  0.0
-0.32050000  -0.04594065  0.0
-0.32050000  -0.05098946  0.0
;;

