# exterior:
# ---------
 0.59524819   0.00332527  0.0
 0.57375499   0.00170846  0.0
 0.57374427   0.00170756  0.0
 0.57180181   0.00152636  0.0
 0.57179079   0.00152523  0.0
 0.53860983  -0.00218905  0.0
 0.53860983   0.00284218  0.0
 0.57123456   0.00649419  0.0
 0.57128045   0.00649912  0.0
 0.57129147   0.00650025  0.0
 0.57133741   0.00650474  0.0
 0.57327987   0.00668594  0.0
 0.57332452   0.00668991  0.0
 0.57333524   0.00669081  0.0
 0.57337993   0.00669437  0.0
 0.59524819   0.00833940  0.0
 0.59524819   0.00332527  0.0
;;

