# exterior:
# ---------
 0.32050000   0.10985253  0.0
 0.33220000   0.10753616  0.0
 0.33426206   0.10709766  0.0
 0.39260000   0.09416239  0.0
 0.39496164   0.09361275  0.0
 0.45300000   0.07961445  0.0
 0.45544378   0.07901286  0.0
 0.51340000   0.06421849  0.0
 0.51570124   0.06362174  0.0
 0.53860983   0.05759820  0.0
 0.53860983   0.05697780  0.0
 0.51554965   0.06304120  0.0
 0.51325049   0.06363741  0.0
 0.45529787   0.07843087  0.0
 0.45285795   0.07903150  0.0
 0.39482329   0.09302891  0.0
 0.39246705   0.09357730  0.0
 0.33413471   0.10651132  0.0
 0.33207933   0.10694840  0.0
 0.32050000   0.10924088  0.0
 0.32050000   0.10985253  0.0
;;

