# exterior:
# ---------
 0.32050000  -0.03327713  0.0
 0.27171114  -0.04072988  0.0
 0.27015747  -0.04095786  0.0
 0.21131731  -0.04949302  0.0
 0.21046011  -0.04960723  0.0
 0.15092826  -0.05740518  0.0
 0.09153629  -0.06393102  0.0
 0.09054660  -0.06403035  0.0
 0.03225082  -0.06859797  0.0
 0.03017345  -0.06871438  0.0
-0.02700580  -0.07057547  0.0
-0.03020135  -0.07061037  0.0
-0.08629955  -0.07025045  0.0
-0.09058291  -0.07015762  0.0
-0.14566391  -0.06821184  0.0
-0.15096527  -0.06794412  0.0
-0.20514347  -0.06439681  0.0
-0.21134642  -0.06389508  0.0
-0.26481142  -0.05863167  0.0
-0.27172345  -0.05782133  0.0
-0.32050000  -0.05098946  0.0
-0.32050000  -0.04594065  0.0
-0.27108549  -0.05286188  0.0
-0.26427534  -0.05366028  0.0
-0.21089989  -0.05891487  0.0
-0.20477855  -0.05941000  0.0
-0.15067582  -0.06295236  0.0
-0.14544955  -0.06321629  0.0
-0.09044047  -0.06515953  0.0
-0.08622934  -0.06525080  0.0
-0.03021262  -0.06561020  0.0
-0.02711444  -0.06557636  0.0
 0.02995222  -0.06371893  0.0
 0.03191563  -0.06360891  0.0
 0.09010161  -0.05904989  0.0
 0.09101358  -0.05895836  0.0
 0.15033045  -0.05244078  0.0
 0.20980523  -0.04465030  0.0
 0.21062822  -0.04454065  0.0
 0.26943563  -0.03601024  0.0
 0.27097067  -0.03578499  0.0
 0.32050000  -0.02821913  0.0
 0.32050000  -0.03327713  0.0
;;

