# exterior:
# ---------
-0.32050000   0.09420708  0.0
-0.27855517   0.10741457  0.0
-0.27165186   0.10929696  0.0
-0.21748342   0.12213354  0.0
-0.21128789   0.12340084  0.0
-0.15621483   0.13308729  0.0
-0.15092004   0.13386416  0.0
-0.09482629   0.14072024  0.0
-0.09054909   0.14114038  0.0
-0.03337200   0.14526336  0.0
-0.03018210   0.14540874  0.0
 0.02810799   0.14623233  0.0
 0.03018023   0.14619641  0.0
 0.08956471   0.14331009  0.0
 0.09054923   0.14323867  0.0
 0.15093033   0.13736359  0.0
 0.21131488   0.12911747  0.0
 0.21216655   0.12898966  0.0
 0.27169548   0.11888157  0.0
 0.27324335   0.11859675  0.0
 0.32050000   0.10924088  0.0
 0.32050000   0.10414383  0.0
 0.27230536   0.11368541  0.0
 0.27082451   0.11395789  0.0
 0.21137694   0.12405217  0.0
 0.21060557   0.12416793  0.0
 0.15034975   0.13239646  0.0
 0.09012616   0.13825622  0.0
 0.08926239   0.13831889  0.0
 0.03001550   0.14119852  0.0
 0.02809999   0.14123171  0.0
-0.03003293   0.14041035  0.0
-0.03307832   0.14027155  0.0
-0.09012482   0.13615799  0.0
-0.09427852   0.13574998  0.0
-0.15025371   0.12890840  0.0
-0.15541868   0.12815057  0.0
-0.21035365   0.11848841  0.0
-0.21640569   0.11725046  0.0
-0.27041735   0.10445103  0.0
-0.27714610   0.10261624  0.0
-0.32050000   0.08896507  0.0
-0.32050000   0.09420708  0.0
;;

