# exterior:
# ---------
 0.53860983  -0.00279280  0.0
 0.51340000  -0.00561478  0.0
 0.51109876  -0.00589746  0.0
 0.45300000  -0.01378690  0.0
 0.45055622  -0.01414326  0.0
 0.39260000  -0.02278650  0.0
 0.39023836  -0.02314649  0.0
 0.33220000  -0.03208569  0.0
 0.33013794  -0.03241185  0.0
 0.32050000  -0.03388409  0.0
 0.32050000  -0.03327713  0.0
 0.33004577  -0.03181897  0.0
 0.33210626  -0.03149306  0.0
 0.33210866  -0.03149268  0.0
 0.39014702  -0.02255348  0.0
 0.39014795  -0.02255334  0.0
 0.39250959  -0.02219336  0.0
 0.39251150  -0.02219307  0.0
 0.45046771  -0.01354983  0.0
 0.45046964  -0.01354954  0.0
 0.45291342  -0.01319318  0.0
 0.45291926  -0.01319236  0.0
 0.51101802  -0.00530291  0.0
 0.51102561  -0.00530193  0.0
 0.51332685  -0.00501926  0.0
 0.51333325  -0.00501851  0.0
 0.53860983  -0.00218905  0.0
 0.53860983  -0.00279280  0.0
;;

