# exterior:
# ---------
 0.32050000  -0.02316114  0.0
 0.27023019  -0.03084010  0.0
 0.26871378  -0.03106262  0.0
 0.20993913  -0.03958827  0.0
 0.20915035  -0.03969337  0.0
 0.14973264  -0.04747637  0.0
 0.09049086  -0.05398570  0.0
 0.08965662  -0.05406943  0.0
 0.03158043  -0.05861985  0.0
 0.02973099  -0.05872348  0.0
-0.02722309  -0.06057724  0.0
-0.03022389  -0.06061002  0.0
-0.08615913  -0.06025114  0.0
-0.09029804  -0.06016145  0.0
-0.14523518  -0.05822075  0.0
-0.15038638  -0.05796061  0.0
-0.20441363  -0.05442319  0.0
-0.21045337  -0.05393465  0.0
-0.26373927  -0.04868888  0.0
-0.27044754  -0.04790243  0.0
-0.32050000  -0.04089185  0.0
-0.32050000  -0.03584304  0.0
-0.31980645  -0.03594018  0.0
-0.26980958  -0.04294297  0.0
-0.26320319  -0.04371748  0.0
-0.21000685  -0.04895444  0.0
-0.20404872  -0.04943638  0.0
-0.15009694  -0.05296885  0.0
-0.14502082  -0.05322520  0.0
-0.09015561  -0.05516336  0.0
-0.08608892  -0.05525149  0.0
-0.03023515  -0.05560985  0.0
-0.02733173  -0.05557813  0.0
 0.02950976  -0.05372804  0.0
 0.03124523  -0.05363079  0.0
 0.08921164  -0.04908897  0.0
 0.08996815  -0.04901304  0.0
 0.14913483  -0.04251196  0.0
 0.20849548  -0.03473644  0.0
 0.20925004  -0.03463590  0.0
 0.26799193  -0.02611500  0.0
 0.26948971  -0.02589522  0.0
 0.31550000  -0.01886691  0.0
 0.31550000  -0.01860894  0.0
 0.32050000  -0.02316114  0.0
;;

