# exterior:
# ---------
 0.31550000  -0.01860894  0.0
 0.31550000  -0.01886691  0.0
 0.26948971  -0.02589522  0.0
 0.26799193  -0.02611500  0.0
 0.20925004  -0.03463590  0.0
 0.20849548  -0.03473644  0.0
 0.14913483  -0.04251196  0.0
 0.08996815  -0.04901304  0.0
 0.08921164  -0.04908897  0.0
 0.03124523  -0.05363079  0.0
 0.02950976  -0.05372804  0.0
-0.02733173  -0.05557813  0.0
-0.03023515  -0.05560985  0.0
-0.08608892  -0.05525149  0.0
-0.09015561  -0.05516336  0.0
-0.14502082  -0.05322520  0.0
-0.15009694  -0.05296885  0.0
-0.20404872  -0.04943638  0.0
-0.21000685  -0.04895444  0.0
-0.26320319  -0.04371748  0.0
-0.26980958  -0.04294297  0.0
-0.31980645  -0.03594018  0.0
-0.32050000  -0.03584304  0.0
-0.32050000  -0.03079423  0.0
-0.31911289  -0.03098852  0.0
-0.26917163  -0.03798352  0.0
-0.26266712  -0.03874609  0.0
-0.20956033  -0.04397423  0.0
-0.20368380  -0.04444956  0.0
-0.14980749  -0.04797710  0.0
-0.14480646  -0.04822965  0.0
-0.09001318  -0.05016527  0.0
-0.08601871  -0.05025184  0.0
-0.03024642  -0.05060967  0.0
-0.02744038  -0.05057902  0.0
 0.02928853  -0.04873259  0.0
 0.03091004  -0.04864173  0.0
 0.08876665  -0.04410851  0.0
 0.08944543  -0.04404039  0.0
 0.14853702  -0.03754756  0.0
 0.20784060  -0.02977951  0.0
 0.20856095  -0.02968353  0.0
 0.26727009  -0.02116738  0.0
 0.26874924  -0.02095033  0.0
 0.31050000  -0.01457269  0.0
 0.31050000  -0.01405674  0.0
 0.31550000  -0.01860894  0.0
;;

