# exterior:
# ---------
 0.59524819   0.02237895  0.0
 0.57232976   0.02065493  0.0
 0.57228507   0.02065147  0.0
 0.57224932   0.02064862  0.0
 0.57220464   0.02064495  0.0
 0.57210458   0.02063652  0.0
 0.57205991   0.02063266  0.0
 0.57202419   0.02062949  0.0
 0.57197955   0.02062543  0.0
 0.57003708   0.02044423  0.0
 0.56999114   0.02043983  0.0
 0.56995439   0.02043623  0.0
 0.56990847   0.02043163  0.0
 0.56980562   0.02042108  0.0
 0.56975972   0.02041626  0.0
 0.56972301   0.02041232  0.0
 0.56967713   0.02040729  0.0
 0.53860983   0.01692962  0.0
 0.53860983   0.02196085  0.0
 0.56582184   0.02500696  0.0
 0.59524819   0.02237895  0.0
;;

