# exterior:
# ---------
-0.32050000   0.08372306  0.0
-0.27573703   0.09781791  0.0
-0.26918285   0.09960510  0.0
-0.21532795   0.11236738  0.0
-0.20941941   0.11357597  0.0
-0.15462254   0.12321385  0.0
-0.14958739   0.12395263  0.0
-0.09373074   0.13077973  0.0
-0.08970055   0.13117560  0.0
-0.03278465   0.13527975  0.0
-0.02988375   0.13541195  0.0
 0.02809198   0.13623110  0.0
 0.02985078   0.13620062  0.0
 0.08896008   0.13332768  0.0
 0.08970308   0.13327377  0.0
 0.14976916   0.12742934  0.0
 0.20989626   0.11921839  0.0
 0.21058734   0.11911468  0.0
 0.26995353   0.10903421  0.0
 0.27136737   0.10877406  0.0
 0.32050000   0.09904678  0.0
 0.32050000   0.10187848  0.0
 0.32050000   0.10006619  0.0
 0.32050000   0.08987210  0.0
 0.32825812   0.08833614  0.0
 0.33010212   0.08794401  0.0
 0.38825700   0.07504934  0.0
 0.39044234   0.07454073  0.0
 0.44835967   0.06057161  0.0
 0.45067727   0.06000109  0.0
 0.50851613   0.04523667  0.0
 0.51074919   0.04465760  0.0
 0.56880924   0.02939141  0.0
 0.57073030   0.02888487  0.0
 0.59524819   0.02237895  0.0
 0.57232976   0.02065493  0.0
 0.57228507   0.02065147  0.0
 0.57224932   0.02064862  0.0
 0.57220464   0.02064495  0.0
 0.57210458   0.02063652  0.0
 0.57205991   0.02063266  0.0
 0.57202419   0.02062949  0.0
 0.57197955   0.02062543  0.0
 0.57003708   0.02044423  0.0
 0.56999114   0.02043983  0.0
 0.56995439   0.02043623  0.0
 0.56990847   0.02043163  0.0
 0.56980562   0.02042108  0.0
 0.56975972   0.02041626  0.0
 0.56972301   0.02041232  0.0
 0.56967713   0.02040729  0.0
 0.51121959   0.01386356  0.0
 0.51119290   0.01386053  0.0
 0.51117155   0.01385809  0.0
 0.51114486   0.01385499  0.0
 0.51108509   0.01384797  0.0
 0.51105841   0.01384481  0.0
 0.51103707   0.01384224  0.0
 0.51101040   0.01383900  0.0
 0.50870916   0.01355633  0.0
 0.50867754   0.01355240  0.0
 0.50865225   0.01354921  0.0
 0.50862064   0.01354517  0.0
 0.50854985   0.01353602  0.0
 0.50851826   0.01353188  0.0
 0.50849299   0.01352853  0.0
 0.50846141   0.01352429  0.0
 0.45036265   0.00563485  0.0
 0.45033829   0.00563151  0.0
 0.45031881   0.00562881  0.0
 0.45029446   0.00562542  0.0
 0.45023992   0.00561774  0.0
 0.45021558   0.00561428  0.0
 0.45019611   0.00561149  0.0
 0.45017178   0.00560797  0.0
 0.44772800   0.00525161  0.0
 0.44771357   0.00524950  0.0
 0.44768760   0.00524567  0.0
 0.44767318   0.00524354  0.0
 0.38970895  -0.00340090  0.0
 0.38969461  -0.00340304  0.0
 0.38966880  -0.00340693  0.0
 0.38965446  -0.00340910  0.0
 0.38728485  -0.00377030  0.0
 0.38726648  -0.00377311  0.0
 0.32921635  -0.01271412  0.0
 0.32920634  -0.01271566  0.0
 0.32919833  -0.01271690  0.0
 0.32918832  -0.01271846  0.0
 0.32916591  -0.01272196  0.0
 0.32915590  -0.01272353  0.0
 0.32914790  -0.01272478  0.0
 0.32913789  -0.01272636  0.0
 0.32712704  -0.01304442  0.0
 0.32050000  -0.01405674  0.0
 0.32050000  -0.02316114  0.0
 0.27023019  -0.03084010  0.0
 0.26871378  -0.03106262  0.0
 0.20993913  -0.03958827  0.0
 0.20915035  -0.03969337  0.0
 0.14973264  -0.04747637  0.0
 0.09049086  -0.05398570  0.0
 0.08965662  -0.05406943  0.0
 0.03158043  -0.05861985  0.0
 0.02973099  -0.05872348  0.0
-0.02722309  -0.06057724  0.0
-0.03022389  -0.06061002  0.0
-0.08615913  -0.06025114  0.0
-0.09029804  -0.06016145  0.0
-0.14523518  -0.05822075  0.0
-0.15038638  -0.05796061  0.0
-0.20441363  -0.05442319  0.0
-0.21045337  -0.05393465  0.0
-0.26373927  -0.04868888  0.0
-0.27044754  -0.04790243  0.0
-0.32050000  -0.04089185  0.0
-0.32327535  -0.04050312  0.0
-0.33036727  -0.03931801  0.0
-0.35307357  -0.03514025  0.0
-0.36013006  -0.03369815  0.0
-0.38296391  -0.02835175  0.0
-0.38958264  -0.02655738  0.0
-0.41300553  -0.01899273  0.0
-0.41862134  -0.01681978  0.0
-0.42748120  -0.01264135  0.0
-0.43206046  -0.00986591  0.0
-0.43276971  -0.00935846  0.0
-0.43580006  -0.00690433  0.0
-0.43650221  -0.00625953  0.0
-0.43838084  -0.00428020  0.0
-0.44212465   0.00231414  0.0
-0.44086613   0.01524340  0.0
-0.43975309   0.01716280  0.0
-0.43851506   0.01891580  0.0
-0.43589358   0.02212659  0.0
-0.43561199   0.02243888  0.0
-0.43075727   0.02728382  0.0
-0.42252447   0.03411303  0.0
-0.41684721   0.03828044  0.0
-0.39430903   0.05236152  0.0
-0.38779342   0.05587870  0.0
-0.36531959   0.06662349  0.0
-0.35835037   0.06962874  0.0
-0.33574728   0.07857261  0.0
-0.32878883   0.08111309  0.0
-0.32050000   0.08372306  0.0
;;

# interior:
# ---------
-0.31899830   0.07895390  0.0
-0.32717979   0.07637773  0.0
-0.33396975   0.07389877  0.0
-0.35644016   0.06500739  0.0
-0.36325053   0.06207064  0.0
-0.38552617   0.05142060  0.0
-0.39179432   0.04803701  0.0
-0.41403929   0.03413912  0.0
-0.41944629   0.03017008  0.0
-0.42738806   0.02358230  0.0
-0.43198683   0.01899280  0.0
-0.43209811   0.01886938  0.0
-0.43453160   0.01588884  0.0
-0.43553991   0.01446111  0.0
-0.43599504   0.01367625  0.0
-0.43699476   0.00340571  0.0
-0.43433407  -0.00128084  0.0
-0.43299382  -0.00269293  0.0
-0.43253256  -0.00311651  0.0
-0.42973893  -0.00537893  0.0
-0.42930596  -0.00568871  0.0
-0.42511259  -0.00823026  0.0
-0.41665028  -0.01222120  0.0
-0.41133370  -0.01427837  0.0
-0.38815936  -0.02176275  0.0
-0.38173945  -0.02350322  0.0
-0.35905933  -0.02881362  0.0
-0.35212052  -0.03023167  0.0
-0.32950277  -0.03439314  0.0
-0.32251639  -0.03556061  0.0
-0.31980645  -0.03594018  0.0
-0.26980958  -0.04294297  0.0
-0.26320319  -0.04371748  0.0
-0.21000685  -0.04895444  0.0
-0.20404872  -0.04943638  0.0
-0.15009694  -0.05296885  0.0
-0.14502082  -0.05322520  0.0
-0.09015561  -0.05516336  0.0
-0.08608892  -0.05525149  0.0
-0.03023515  -0.05560985  0.0
-0.02733173  -0.05557813  0.0
 0.02950976  -0.05372804  0.0
 0.03124523  -0.05363079  0.0
 0.08921164  -0.04908897  0.0
 0.08996815  -0.04901304  0.0
 0.14913483  -0.04251196  0.0
 0.20849548  -0.03473644  0.0
 0.20925004  -0.03463590  0.0
 0.26799193  -0.02611500  0.0
 0.26948971  -0.02589522  0.0
 0.31550000  -0.01886691  0.0
 0.31550000  -0.01405674  0.0
 0.31552567  -0.01355074  0.0
 0.31560241  -0.01304994  0.0
 0.31572944  -0.01255948  0.0
 0.31590545  -0.01208439  0.0
 0.31612864  -0.01162956  0.0
 0.31639671  -0.01119964  0.0
 0.31670691  -0.01079906  0.0
 0.31705605  -0.01043193  0.0
 0.31744056  -0.01010201  0.0
 0.31785648  -0.00981271  0.0
 0.31829954  -0.00956697  0.0
 0.31876520  -0.00936734  0.0
 0.31924867  -0.00921585  0.0
 0.31974498  -0.00911407  0.0
 0.32635895  -0.00810375  0.0
 0.32835674  -0.00778776  0.0
 0.32836925  -0.00778579  0.0
 0.32837975  -0.00778414  0.0
 0.32839226  -0.00778218  0.0
 0.32841718  -0.00777829  0.0
 0.32842969  -0.00777634  0.0
 0.32844020  -0.00777471  0.0
 0.32845271  -0.00777277  0.0
 0.38650535   0.00116862  0.0
 0.38651031   0.00116938  0.0
 0.38652868   0.00117219  0.0
 0.38890102   0.00153381  0.0
 0.38890610   0.00153458  0.0
 0.38892044   0.00153675  0.0
 0.38894974   0.00154116  0.0
 0.38896856   0.00154398  0.0
 0.44693566   0.01018884  0.0
 0.44694078   0.01018961  0.0
 0.44695521   0.01019174  0.0
 0.44698469   0.01019609  0.0
 0.44700362   0.01019886  0.0
 0.44945030   0.01055564  0.0
 0.44945638   0.01055653  0.0
 0.44948071   0.01056004  0.0
 0.44948679   0.01056092  0.0
 0.44950626   0.01056371  0.0
 0.44951235   0.01056458  0.0
 0.44953669   0.01056804  0.0
 0.44954278   0.01056890  0.0
 0.44959731   0.01057658  0.0
 0.44960340   0.01057743  0.0
 0.44962775   0.01058083  0.0
 0.44963383   0.01058167  0.0
 0.44965332   0.01058437  0.0
 0.44965941   0.01058521  0.0
 0.44968376   0.01058854  0.0
 0.44968985   0.01058937  0.0
 0.50778861   0.01847882  0.0
 0.50779651   0.01847989  0.0
 0.50782809   0.01848413  0.0
 0.50783599   0.01848518  0.0
 0.50786126   0.01848853  0.0
 0.50786915   0.01848957  0.0
 0.50790075   0.01849370  0.0
 0.50790865   0.01849473  0.0
 0.50797944   0.01850389  0.0
 0.50798734   0.01850490  0.0
 0.50801894   0.01850894  0.0
 0.50802685   0.01850994  0.0
 0.50805214   0.01851313  0.0
 0.50806004   0.01851412  0.0
 0.50809166   0.01851805  0.0
 0.50809957   0.01851903  0.0
 0.51040081   0.01880170  0.0
 0.51040748   0.01880252  0.0
 0.51043415   0.01880576  0.0
 0.51044081   0.01880656  0.0
 0.51046215   0.01880913  0.0
 0.51046882   0.01880992  0.0
 0.51049550   0.01881309  0.0
 0.51050217   0.01881388  0.0
 0.51056194   0.01882089  0.0
 0.51056861   0.01882167  0.0
 0.51059530   0.01882477  0.0
 0.51060197   0.01882554  0.0
 0.51062333   0.01882799  0.0
 0.51063000   0.01882875  0.0
 0.51065669   0.01883177  0.0
 0.51066337   0.01883252  0.0
 0.56582184   0.02500696  0.0
 0.50948592   0.03981981  0.0
 0.50727025   0.04039438  0.0
 0.44946133   0.05515115  0.0
 0.44717592   0.05571375  0.0
 0.38928946   0.06967542  0.0
 0.38714910   0.07017356  0.0
 0.32904092   0.08305788  0.0
 0.32725253   0.08343818  0.0
 0.31952895   0.08496730  0.0
 0.31905256   0.08508619  0.0
 0.31859014   0.08525123  0.0
 0.31814612   0.08546083  0.0
 0.31772481   0.08571297  0.0
 0.31733026   0.08600522  0.0
 0.31696628   0.08633475  0.0
 0.31663637   0.08669840  0.0
 0.31634372   0.08709265  0.0
 0.31609115   0.08751370  0.0
 0.31588109   0.08795750  0.0
 0.31571558   0.08841975  0.0
 0.31559620   0.08889602  0.0
 0.31552411   0.08938169  0.0
 0.31550000   0.08987210  0.0
 0.31550000   0.09493963  0.0
 0.27042938   0.10386271  0.0
 0.26908256   0.10411054  0.0
 0.20979773   0.11417718  0.0
 0.20918695   0.11426884  0.0
 0.14918858   0.12246222  0.0
 0.08928001   0.12829132  0.0
 0.08865777   0.12833647  0.0
 0.02968605   0.13120272  0.0
 0.02808398   0.13123049  0.0
-0.02973458   0.13041356  0.0
-0.03249097   0.13028794  0.0
-0.08927628   0.12619321  0.0
-0.09318297   0.12580947  0.0
-0.14892106   0.11899686  0.0
-0.15382639   0.11827713  0.0
-0.20848517   0.10866354  0.0
-0.21425022   0.10748430  0.0
-0.26794834   0.09475918  0.0
-0.27432796   0.09301958  0.0
-0.31899830   0.07895390  0.0
;;

