# exterior:
# ---------
-0.32050000   0.08372306  0.0
-0.27573703   0.09781791  0.0
-0.26918285   0.09960510  0.0
-0.21532795   0.11236738  0.0
-0.20941941   0.11357597  0.0
-0.15462254   0.12321385  0.0
-0.14958739   0.12395263  0.0
-0.09373074   0.13077973  0.0
-0.08970055   0.13117560  0.0
-0.03278465   0.13527975  0.0
-0.02988375   0.13541195  0.0
 0.02809198   0.13623110  0.0
 0.02985078   0.13620062  0.0
 0.08896008   0.13332768  0.0
 0.08970308   0.13327377  0.0
 0.14976916   0.12742934  0.0
 0.20989626   0.11921839  0.0
 0.21058734   0.11911468  0.0
 0.26995353   0.10903421  0.0
 0.27136737   0.10877406  0.0
 0.32050000   0.09904678  0.0
 0.31550000   0.09493963  0.0
 0.27042938   0.10386271  0.0
 0.26908256   0.10411054  0.0
 0.20979773   0.11417718  0.0
 0.20918695   0.11426884  0.0
 0.14918858   0.12246222  0.0
 0.08928001   0.12829132  0.0
 0.08865777   0.12833647  0.0
 0.02968605   0.13120272  0.0
 0.02808398   0.13123049  0.0
-0.02973458   0.13041356  0.0
-0.03249097   0.13028794  0.0
-0.08927628   0.12619321  0.0
-0.09318297   0.12580947  0.0
-0.14892106   0.11899686  0.0
-0.15382639   0.11827713  0.0
-0.20848517   0.10866354  0.0
-0.21425022   0.10748430  0.0
-0.26794834   0.09475918  0.0
-0.27432796   0.09301958  0.0
-0.31899830   0.07895390  0.0
-0.32050000   0.07848104  0.0
-0.32050000   0.08372306  0.0
;;

