# exterior:
# ---------
 0.31691228   0.08639427  0.0
 0.31696628   0.08633475  0.0
 0.31733026   0.08600522  0.0
 0.31772481   0.08571297  0.0
 0.31814612   0.08546083  0.0
 0.31859014   0.08525123  0.0
 0.31905256   0.08508619  0.0
 0.31952895   0.08496730  0.0
 0.32725253   0.08343818  0.0
 0.32904092   0.08305788  0.0
 0.38714910   0.07017356  0.0
 0.38928946   0.06967542  0.0
 0.44717592   0.05571375  0.0
 0.44946133   0.05515115  0.0
 0.50727025   0.04039438  0.0
 0.50948592   0.03981981  0.0
 0.53860983   0.03216203  0.0
 0.53860983   0.02699208  0.0
 0.50822264   0.03498202  0.0
 0.50602437   0.03555208  0.0
 0.44824538   0.05030121  0.0
 0.44599216   0.05085588  0.0
 0.38813658   0.06481010  0.0
 0.38604119   0.06529778  0.0
 0.32797971   0.07817174  0.0
 0.32624695   0.07854022  0.0
 0.31855790   0.08006250  0.0
 0.31831824   0.08011609  0.0
 0.31784186   0.08023498  0.0
 0.31737188   0.08037712  0.0
 0.31690946   0.08054216  0.0
 0.31645569   0.08072971  0.0
 0.31601168   0.08093931  0.0
 0.31557850   0.08117046  0.0
 0.31515719   0.08142260  0.0
 0.31474876   0.08169512  0.0
 0.31435421   0.08198737  0.0
 0.31397449   0.08229863  0.0
 0.31361050   0.08262817  0.0
 0.31332323   0.08291515  0.0
 0.31691228   0.08639427  0.0
;;

