# exterior:
# ---------
-0.32050000  -0.03584304  0.0
-0.32251639  -0.03556061  0.0
-0.32950277  -0.03439314  0.0
-0.35212052  -0.03023167  0.0
-0.35905933  -0.02881362  0.0
-0.38173945  -0.02350322  0.0
-0.38815936  -0.02176275  0.0
-0.41133370  -0.01427837  0.0
-0.41665028  -0.01222120  0.0
-0.42511259  -0.00823026  0.0
-0.42930596  -0.00568871  0.0
-0.42973893  -0.00537893  0.0
-0.43253256  -0.00311651  0.0
-0.43299382  -0.00269293  0.0
-0.43433407  -0.00128084  0.0
-0.43699476   0.00340571  0.0
-0.43599504   0.01367625  0.0
-0.43553991   0.01446111  0.0
-0.43453160   0.01588884  0.0
-0.43209811   0.01886938  0.0
-0.43198683   0.01899280  0.0
-0.42738806   0.02358230  0.0
-0.41944629   0.03017008  0.0
-0.41403929   0.03413912  0.0
-0.39179432   0.04803701  0.0
-0.38552617   0.05142060  0.0
-0.36325053   0.06207064  0.0
-0.35644016   0.06500739  0.0
-0.33396975   0.07389877  0.0
-0.32717979   0.07637773  0.0
-0.32050000   0.07848104  0.0
-0.32050000   0.07323903  0.0
-0.32557074   0.07164237  0.0
-0.33219221   0.06922492  0.0
-0.35452996   0.06038604  0.0
-0.36118148   0.05751779  0.0
-0.38325891   0.04696251  0.0
-0.38927960   0.04371250  0.0
-0.41123138   0.02999779  0.0
-0.41636812   0.02622714  0.0
-0.42401885   0.01988077  0.0
-0.42833153   0.01557678  0.0
-0.43054814   0.01286187  0.0
-0.43113102   0.01203654  0.0
-0.43186488   0.00449729  0.0
-0.43028729   0.00171852  0.0
-0.42948542   0.00087368  0.0
-0.42926506   0.00067131  0.0
-0.42670814  -0.00139941  0.0
-0.42655147  -0.00151151  0.0
-0.42274398  -0.00381918  0.0
-0.41467922  -0.00762263  0.0
-0.40966187  -0.00956401  0.0
-0.38673608  -0.01696812  0.0
-0.38051499  -0.01865469  0.0
-0.35798861  -0.02392910  0.0
-0.35116748  -0.02532310  0.0
-0.32863828  -0.02946827  0.0
-0.32175743  -0.03061811  0.0
-0.32050000  -0.03079423  0.0
-0.32050000  -0.03584304  0.0
;;

