# exterior:
# ---------
 0.53860983   0.01692962  0.0
 0.51121959   0.01386356  0.0
 0.51119290   0.01386053  0.0
 0.51117155   0.01385809  0.0
 0.51114486   0.01385499  0.0
 0.51108509   0.01384797  0.0
 0.51105841   0.01384481  0.0
 0.51103707   0.01384224  0.0
 0.51101040   0.01383900  0.0
 0.50870916   0.01355633  0.0
 0.50867754   0.01355240  0.0
 0.50865225   0.01354921  0.0
 0.50862064   0.01354517  0.0
 0.50854985   0.01353602  0.0
 0.50851826   0.01353188  0.0
 0.50849299   0.01352853  0.0
 0.50846141   0.01352429  0.0
 0.45036265   0.00563485  0.0
 0.45033829   0.00563151  0.0
 0.45031881   0.00562881  0.0
 0.45029446   0.00562542  0.0
 0.45023992   0.00561774  0.0
 0.45021558   0.00561428  0.0
 0.45019611   0.00561149  0.0
 0.45017178   0.00560797  0.0
 0.44772800   0.00525161  0.0
 0.44771357   0.00524950  0.0
 0.44768760   0.00524567  0.0
 0.44767318   0.00524354  0.0
 0.38970895  -0.00340090  0.0
 0.38969461  -0.00340304  0.0
 0.38966880  -0.00340693  0.0
 0.38965446  -0.00340910  0.0
 0.38728485  -0.00377030  0.0
 0.38726648  -0.00377311  0.0
 0.32921635  -0.01271412  0.0
 0.32920634  -0.01271566  0.0
 0.32919833  -0.01271690  0.0
 0.32918832  -0.01271846  0.0
 0.32916591  -0.01272196  0.0
 0.32915590  -0.01272353  0.0
 0.32914790  -0.01272478  0.0
 0.32913789  -0.01272636  0.0
 0.32712704  -0.01304442  0.0
 0.32050000  -0.01405674  0.0
 0.31637771  -0.01123011  0.0
 0.31639671  -0.01119964  0.0
 0.31670691  -0.01079906  0.0
 0.31705605  -0.01043193  0.0
 0.31744056  -0.01010201  0.0
 0.31785648  -0.00981271  0.0
 0.31829954  -0.00956697  0.0
 0.31876520  -0.00936734  0.0
 0.31924867  -0.00921585  0.0
 0.31974498  -0.00911407  0.0
 0.32635895  -0.00810375  0.0
 0.32835674  -0.00778776  0.0
 0.32836925  -0.00778579  0.0
 0.32837975  -0.00778414  0.0
 0.32839226  -0.00778218  0.0
 0.32841718  -0.00777829  0.0
 0.32842969  -0.00777634  0.0
 0.32844020  -0.00777471  0.0
 0.32845271  -0.00777277  0.0
 0.38650535   0.00116862  0.0
 0.38651031   0.00116938  0.0
 0.38652868   0.00117219  0.0
 0.38890102   0.00153381  0.0
 0.38890610   0.00153458  0.0
 0.38892044   0.00153675  0.0
 0.38894974   0.00154116  0.0
 0.38896856   0.00154398  0.0
 0.44693566   0.01018884  0.0
 0.44694078   0.01018961  0.0
 0.44695521   0.01019174  0.0
 0.44698469   0.01019609  0.0
 0.44700362   0.01019886  0.0
 0.44945030   0.01055564  0.0
 0.44945638   0.01055653  0.0
 0.44948071   0.01056004  0.0
 0.44948679   0.01056092  0.0
 0.44950626   0.01056371  0.0
 0.44951235   0.01056458  0.0
 0.44953669   0.01056804  0.0
 0.44954278   0.01056890  0.0
 0.44959731   0.01057658  0.0
 0.44960340   0.01057743  0.0
 0.44962775   0.01058083  0.0
 0.44963383   0.01058167  0.0
 0.44965332   0.01058437  0.0
 0.44965941   0.01058521  0.0
 0.44968376   0.01058854  0.0
 0.44968985   0.01058937  0.0
 0.50778861   0.01847882  0.0
 0.50779651   0.01847989  0.0
 0.50782809   0.01848413  0.0
 0.50783599   0.01848518  0.0
 0.50786126   0.01848853  0.0
 0.50786915   0.01848957  0.0
 0.50790075   0.01849370  0.0
 0.50790865   0.01849473  0.0
 0.50797944   0.01850389  0.0
 0.50798734   0.01850490  0.0
 0.50801894   0.01850894  0.0
 0.50802685   0.01850994  0.0
 0.50805214   0.01851313  0.0
 0.50806004   0.01851412  0.0
 0.50809166   0.01851805  0.0
 0.50809957   0.01851903  0.0
 0.51040081   0.01880170  0.0
 0.51040748   0.01880252  0.0
 0.51043415   0.01880576  0.0
 0.51044081   0.01880656  0.0
 0.51046215   0.01880913  0.0
 0.51046882   0.01880992  0.0
 0.51049550   0.01881309  0.0
 0.51050217   0.01881388  0.0
 0.51056194   0.01882089  0.0
 0.51056861   0.01882167  0.0
 0.51059530   0.01882477  0.0
 0.51060197   0.01882554  0.0
 0.51062333   0.01882799  0.0
 0.51063000   0.01882875  0.0
 0.51065669   0.01883177  0.0
 0.51066337   0.01883252  0.0
 0.53860983   0.02196085  0.0
 0.53860983   0.01692962  0.0
;;

