# exterior:
# ---------
-0.32050000  -0.04594065  0.0
-0.32403431  -0.04544562  0.0
-0.33123176  -0.04424288  0.0
-0.35402661  -0.04004883  0.0
-0.36120079  -0.03858268  0.0
-0.38418838  -0.03320028  0.0
-0.39100593  -0.03135201  0.0
-0.41467736  -0.02370709  0.0
-0.42059241  -0.02141835  0.0
-0.42984981  -0.01705243  0.0
-0.43481496  -0.01404312  0.0
-0.43580050  -0.01333798  0.0
-0.43906757  -0.01069215  0.0
-0.44001060  -0.00982613  0.0
-0.44242761  -0.00727957  0.0
-0.44725453   0.00122256  0.0
-0.44573721   0.01681055  0.0
-0.44396626   0.01986450  0.0
-0.44249852   0.02194277  0.0
-0.43968906   0.02538379  0.0
-0.43923716   0.02588497  0.0
-0.43412648   0.03098535  0.0
-0.42560264   0.03805597  0.0
-0.41965513   0.04242177  0.0
-0.39682374   0.05668603  0.0
-0.39006068   0.06033679  0.0
-0.36738864   0.07117634  0.0
-0.36026057   0.07425009  0.0
-0.33752481   0.08324646  0.0
-0.33039787   0.08584845  0.0
-0.32050000   0.08896507  0.0
-0.32050000   0.08372306  0.0
-0.32878883   0.08111309  0.0
-0.33574728   0.07857261  0.0
-0.35835037   0.06962874  0.0
-0.36531959   0.06662349  0.0
-0.38779342   0.05587870  0.0
-0.39430903   0.05236152  0.0
-0.41684721   0.03828044  0.0
-0.42252447   0.03411303  0.0
-0.43075727   0.02728382  0.0
-0.43561199   0.02243888  0.0
-0.43589358   0.02212659  0.0
-0.43851506   0.01891580  0.0
-0.43975309   0.01716280  0.0
-0.44086613   0.01524340  0.0
-0.44212465   0.00231414  0.0
-0.43838084  -0.00428020  0.0
-0.43650221  -0.00625953  0.0
-0.43580006  -0.00690433  0.0
-0.43276971  -0.00935846  0.0
-0.43206046  -0.00986591  0.0
-0.42748120  -0.01264135  0.0
-0.41862134  -0.01681978  0.0
-0.41300553  -0.01899273  0.0
-0.38958264  -0.02655738  0.0
-0.38296391  -0.02835175  0.0
-0.36013006  -0.03369815  0.0
-0.35307357  -0.03514025  0.0
-0.33036727  -0.03931801  0.0
-0.32327535  -0.04050312  0.0
-0.32050000  -0.04089185  0.0
-0.32050000  -0.04594065  0.0
;;

