# exterior:
# ---------
-0.32050000   0.08896507  0.0
-0.27714610   0.10261624  0.0
-0.27041735   0.10445103  0.0
-0.21640569   0.11725046  0.0
-0.21035365   0.11848841  0.0
-0.15541868   0.12815057  0.0
-0.15025371   0.12890840  0.0
-0.09427852   0.13574998  0.0
-0.09012482   0.13615799  0.0
-0.03307832   0.14027155  0.0
-0.03003293   0.14041035  0.0
 0.02809999   0.14123171  0.0
 0.03001550   0.14119852  0.0
 0.08926239   0.13831889  0.0
 0.09012616   0.13825622  0.0
 0.15034975   0.13239646  0.0
 0.21060557   0.12416793  0.0
 0.21137694   0.12405217  0.0
 0.27082451   0.11395789  0.0
 0.27230536   0.11368541  0.0
 0.32050000   0.10414383  0.0
 0.32050000   0.09904678  0.0
 0.27136737   0.10877406  0.0
 0.26995353   0.10903421  0.0
 0.21058734   0.11911468  0.0
 0.20989626   0.11921839  0.0
 0.14976916   0.12742934  0.0
 0.08970308   0.13327377  0.0
 0.08896008   0.13332768  0.0
 0.02985078   0.13620062  0.0
 0.02809198   0.13623110  0.0
-0.02988375   0.13541195  0.0
-0.03278465   0.13527975  0.0
-0.08970055   0.13117560  0.0
-0.09373074   0.13077973  0.0
-0.14958739   0.12395263  0.0
-0.15462254   0.12321385  0.0
-0.20941941   0.11357597  0.0
-0.21532795   0.11236738  0.0
-0.26918285   0.09960510  0.0
-0.27573703   0.09781791  0.0
-0.32050000   0.08372306  0.0
-0.32050000   0.08896507  0.0
;;

