# exterior:
# ---------
 0.53860983   0.04767189  0.0
 0.51327575   0.05433318  0.0
 0.51100790   0.05492127  0.0
 0.45310917   0.06970098  0.0
 0.45072719   0.07028735  0.0
 0.39274811   0.08427135  0.0
 0.39047282   0.08480090  0.0
 0.33222454   0.09771628  0.0
 0.33026928   0.09813207  0.0
 0.32050000   0.10006619  0.0
 0.32050000   0.10414383  0.0
 0.33107375   0.10205044  0.0
 0.33307350   0.10162519  0.0
 0.39135914   0.08870152  0.0
 0.39367041   0.08816360  0.0
 0.45167419   0.07417364  0.0
 0.45408192   0.07358093  0.0
 0.51200461   0.05879511  0.0
 0.51428637   0.05820341  0.0
 0.53860983   0.05180785  0.0
 0.53860983   0.04767189  0.0
;;

