# exterior:
# ---------
 0.68863675   0.01218667  0.0
 0.63410137   0.01122600  0.0
 0.63388775   0.01121815  0.0
 0.63250338   0.01114084  0.0
 0.63239556   0.01113377  0.0
 0.59524819   0.00833940  0.0
 0.59524819   0.01235070  0.0
 0.63209551   0.01512251  0.0
 0.63213401   0.01512521  0.0
 0.63224182   0.01513228  0.0
 0.63228034   0.01513462  0.0
 0.63366471   0.01521193  0.0
 0.63374098   0.01521546  0.0
 0.63395460   0.01522330  0.0
 0.63403092   0.01522537  0.0
 0.65967854   0.01567717  0.0
 0.68863675   0.01218667  0.0
;;

