# exterior:
# ---------
 0.53860983   0.00686716  0.0
 0.51233205   0.00392563  0.0
 0.51231069   0.00392318  0.0
 0.51225092   0.00391616  0.0
 0.51222958   0.00391360  0.0
 0.50992834   0.00363093  0.0
 0.50990305   0.00362774  0.0
 0.50983227   0.00361859  0.0
 0.50980700   0.00361524  0.0
 0.45170824  -0.00427421  0.0
 0.45168875  -0.00427690  0.0
 0.45163422  -0.00428458  0.0
 0.45161475  -0.00428737  0.0
 0.44917097  -0.00464373  0.0
 0.44916455  -0.00464467  0.0
 0.44914660  -0.00464732  0.0
 0.44914019  -0.00464827  0.0
 0.39118397  -0.01329151  0.0
 0.39117760  -0.01329247  0.0
 0.39115976  -0.01329516  0.0
 0.39115338  -0.01329612  0.0
 0.38879174  -0.01365611  0.0
 0.38878005  -0.01365790  0.0
 0.33073862  -0.02259757  0.0
 0.33073061  -0.02259881  0.0
 0.33070820  -0.02260231  0.0
 0.33070019  -0.02260357  0.0
 0.32866321  -0.02292576  0.0
 0.32050000  -0.02417273  0.0
 0.32050000  -0.01405674  0.0
 0.32712704  -0.01304442  0.0
 0.32913789  -0.01272636  0.0
 0.32914790  -0.01272478  0.0
 0.32915590  -0.01272353  0.0
 0.32916591  -0.01272196  0.0
 0.32918832  -0.01271846  0.0
 0.32919833  -0.01271690  0.0
 0.32920634  -0.01271566  0.0
 0.32921635  -0.01271412  0.0
 0.38726648  -0.00377311  0.0
 0.38728485  -0.00377030  0.0
 0.38965446  -0.00340910  0.0
 0.38966880  -0.00340693  0.0
 0.38969461  -0.00340304  0.0
 0.38970895  -0.00340090  0.0
 0.44767318   0.00524354  0.0
 0.44768760   0.00524567  0.0
 0.44771357   0.00524950  0.0
 0.44772800   0.00525161  0.0
 0.45017178   0.00560797  0.0
 0.45019611   0.00561149  0.0
 0.45021558   0.00561428  0.0
 0.45023992   0.00561774  0.0
 0.45029446   0.00562542  0.0
 0.45031881   0.00562881  0.0
 0.45033829   0.00563151  0.0
 0.45036265   0.00563485  0.0
 0.50846141   0.01352429  0.0
 0.50849299   0.01352853  0.0
 0.50851826   0.01353188  0.0
 0.50854985   0.01353602  0.0
 0.50862064   0.01354517  0.0
 0.50865225   0.01354921  0.0
 0.50867754   0.01355240  0.0
 0.50870916   0.01355633  0.0
 0.51101040   0.01383900  0.0
 0.51103707   0.01384224  0.0
 0.51105841   0.01384481  0.0
 0.51108509   0.01384797  0.0
 0.51114486   0.01385499  0.0
 0.51117155   0.01385809  0.0
 0.51119290   0.01386053  0.0
 0.51121959   0.01386356  0.0
 0.53860983   0.01692962  0.0
 0.53860983   0.00686716  0.0
;;

