# exterior:
# ---------
 0.59524819   0.01235070  0.0
 0.57307988   0.01068311  0.0
 0.57304413   0.01068025  0.0
 0.57294407   0.01067182  0.0
 0.57290835   0.01066865  0.0
 0.57096588   0.01048745  0.0
 0.57092914   0.01048385  0.0
 0.57082629   0.01047330  0.0
 0.57078958   0.01046936  0.0
 0.53860983   0.00686716  0.0
 0.53860983   0.01692962  0.0
 0.56967713   0.02040729  0.0
 0.56972301   0.02041232  0.0
 0.56975972   0.02041626  0.0
 0.56980562   0.02042108  0.0
 0.56990847   0.02043163  0.0
 0.56995439   0.02043623  0.0
 0.56999114   0.02043983  0.0
 0.57003708   0.02044423  0.0
 0.57197955   0.02062543  0.0
 0.57202419   0.02062949  0.0
 0.57205991   0.02063266  0.0
 0.57210458   0.02063652  0.0
 0.57220464   0.02064495  0.0
 0.57224932   0.02064862  0.0
 0.57228507   0.02065147  0.0
 0.57232976   0.02065493  0.0
 0.59524819   0.02237895  0.0
 0.59524819   0.01235070  0.0
;;

