# exterior:
# ---------
 1.74318500  -0.04044683  0.0
 1.74318500   0.34849699  0.0
 1.83510811   0.32769624  0.0
 1.97924289   0.29447928  0.0
 2.12130793   0.26110373  0.0
 2.25770977   0.22843865  0.0
 2.38444336   0.19761482  0.0
 2.38493687   0.19752077  0.0
 2.38543733   0.19747671  0.0
 2.38593968   0.19748310  0.0
 2.38643886   0.19753987  0.0
 2.38692982   0.19764645  0.0
 2.38740761   0.19780175  0.0
 2.38786740   0.19800422  0.0
 2.38830455   0.19825181  0.0
 2.38871464   0.19854202  0.0
 2.38909355   0.19887191  0.0
 2.38943743   0.19923817  0.0
 2.38974283   0.19963709  0.0
 2.39000665   0.20006463  0.0
 2.39022624   0.20051650  0.0
 2.39039937   0.20098812  0.0
 2.39052429   0.20147473  0.0
 2.39059976   0.20197143  0.0
 2.39062500   0.20247319  0.0
 2.39062500   0.24345235  0.0
 2.39940664   0.24131650  0.0
 2.52469417   0.21044401  0.0
 2.64431270   0.18069371  0.0
 2.75824158   0.15218441  0.0
 2.86652217   0.12482190  0.0
 2.96916407   0.09859300  0.0
 3.06609940   0.07353920  0.0
 3.15730618   0.04955279  0.0
 3.20013354   0.03800673  0.0
 3.12106813   0.04573423  0.0
 3.12105430   0.04573557  0.0
 3.12099896   0.04574082  0.0
 3.12098512   0.04574211  0.0
 3.12094083   0.04574619  0.0
 3.12092699   0.04574745  0.0
 3.12087161   0.04575240  0.0
 3.12085777   0.04575361  0.0
 3.12073371   0.04576435  0.0
 3.12071986   0.04576553  0.0
 3.12066446   0.04577016  0.0
 3.12065061   0.04577131  0.0
 3.12060628   0.04577489  0.0
 3.12059242   0.04577599  0.0
 3.12053700   0.04578032  0.0
 3.12052314   0.04578139  0.0
 3.02632151   0.05287766  0.0
 3.02630502   0.05287887  0.0
 3.02623907   0.05288362  0.0
 3.02622258   0.05288478  0.0
 3.02616981   0.05288841  0.0
 3.02615332   0.05288951  0.0
 3.02608734   0.05289382  0.0
 3.02607084   0.05289487  0.0
 3.02592302   0.05290405  0.0
 3.02590652   0.05290504  0.0
 3.02584052   0.05290892  0.0
 3.02582401   0.05290986  0.0
 3.02577120   0.05291279  0.0
 3.02575469   0.05291367  0.0
 3.02568866   0.05291711  0.0
 3.02567215   0.05291795  0.0
 2.92583684   0.05778783  0.0
 2.92581782   0.05778872  0.0
 2.92574173   0.05779214  0.0
 2.92572271   0.05779296  0.0
 2.92566182   0.05779547  0.0
 2.92564279   0.05779621  0.0
 2.92556668   0.05779905  0.0
 2.92554765   0.05779973  0.0
 2.92537713   0.05780544  0.0
 2.92535810   0.05780605  0.0
 2.92528197   0.05780831  0.0
 2.92526293   0.05780884  0.0
 2.92520202   0.05781041  0.0
 2.92518298   0.05781087  0.0
 2.92510683   0.05781255  0.0
 2.92508779   0.05781294  0.0
 2.81956463   0.05974139  0.0
 2.81954429   0.05974172  0.0
 2.81946292   0.05974288  0.0
 2.81944258   0.05974312  0.0
 2.81937748   0.05974378  0.0
 2.81935714   0.05974395  0.0
 2.81927576   0.05974444  0.0
 2.81925542   0.05974452  0.0
 2.81907314   0.05974489  0.0
 2.81905280   0.05974489  0.0
 2.81897142   0.05974472  0.0
 2.81895108   0.05974463  0.0
 2.81888598   0.05974423  0.0
 2.81886563   0.05974407  0.0
 2.81878426   0.05974324  0.0
 2.81876392   0.05974299  0.0
 2.70760708   0.05815581  0.0
 2.70758627   0.05815547  0.0
 2.70750304   0.05815393  0.0
 2.70748223   0.05815351  0.0
 2.70741565   0.05815200  0.0
 2.70739484   0.05815149  0.0
 2.70731163   0.05814926  0.0
 2.70729083   0.05814866  0.0
 2.70710445   0.05814289  0.0
 2.70708365   0.05814221  0.0
 2.70700045   0.05813929  0.0
 2.70697966   0.05813851  0.0
 2.70691311   0.05813590  0.0
 2.70689232   0.05813504  0.0
 2.70680915   0.05813143  0.0
 2.70678836   0.05813048  0.0
 2.58994367   0.05256722  0.0
 2.58992263   0.05256617  0.0
 2.58983846   0.05256181  0.0
 2.58981742   0.05256068  0.0
 2.58975010   0.05255690  0.0
 2.58972907   0.05255568  0.0
 2.58964494   0.05255061  0.0
 2.58962391   0.05254929  0.0
 2.58943552   0.05253714  0.0
 2.58941450   0.05253574  0.0
 2.58933041   0.05252996  0.0
 2.58930940   0.05252847  0.0
 2.58924215   0.05252356  0.0
 2.58922114   0.05252198  0.0
 2.58913711   0.05251549  0.0
 2.58911611   0.05251382  0.0
 2.46663774   0.04253571  0.0
 2.46661682   0.04253396  0.0
 2.46653315   0.04252679  0.0
 2.46651224   0.04252496  0.0
 2.46644534   0.04251894  0.0
 2.46642443   0.04251701  0.0
 2.46634083   0.04250914  0.0
 2.46631994   0.04250713  0.0
 2.46613276   0.04248871  0.0
 2.46611187   0.04248661  0.0
 2.46602834   0.04247804  0.0
 2.46600746   0.04247585  0.0
 2.46594067   0.04246871  0.0
 2.46591980   0.04246644  0.0
 2.46583635   0.04245716  0.0
 2.46581549   0.04245480  0.0
 2.39062500   0.03377898  0.0
 2.39062500   0.07447408  0.0
 2.39060044   0.07496905  0.0
 2.39052700   0.07545917  0.0
 2.39040540   0.07593960  0.0
 2.39023684   0.07640564  0.0
 2.39002297   0.07685270  0.0
 2.38976590   0.07727639  0.0
 2.38946815   0.07767255  0.0
 2.38913264   0.07803729  0.0
 2.38876267   0.07836703  0.0
 2.38836187   0.07865852  0.0
 2.38793419   0.07890890  0.0
 2.38748382   0.07911571  0.0
 2.38701520   0.07927693  0.0
 2.38653291   0.07939096  0.0
 2.38604171   0.07945669  0.0
 2.38554641   0.07947346  0.0
 2.38505188   0.07944112  0.0
 2.33237656   0.07336320  0.0
 2.33233564   0.07335831  0.0
 2.33135421   0.07323687  0.0
 2.33131334   0.07323164  0.0
 2.33113034   0.07320746  0.0
 2.33108951   0.07320189  0.0
 2.33011021   0.07306429  0.0
 2.33006943   0.07305839  0.0
 2.19621536   0.05312383  0.0
 2.19617789   0.05311810  0.0
 2.19527904   0.05297726  0.0
 2.19524162   0.05297125  0.0
 2.19507404   0.05294369  0.0
 2.19503666   0.05293740  0.0
 2.19414006   0.05278295  0.0
 2.19410272   0.05277637  0.0
 2.05461497   0.02765774  0.0
 2.05458316   0.02765191  0.0
 2.05382027   0.02750943  0.0
 2.05378850   0.02750339  0.0
 2.05364627   0.02747587  0.0
 2.05361454   0.02746963  0.0
 2.05285356   0.02731729  0.0
 2.05282187   0.02731084  0.0
 1.90872967  -0.00250432  0.0
 1.90870547  -0.00250939  0.0
 1.90812491  -0.00263252  0.0
 1.90810074  -0.00263771  0.0
 1.90799248  -0.00266123  0.0
 1.90796833  -0.00266654  0.0
 1.90738902  -0.00279540  0.0
 1.90736490  -0.00280082  0.0
 1.76289351  -0.03568743  0.0
 1.76287713  -0.03569119  0.0
 1.76248406  -0.03578206  0.0
 1.76246769  -0.03578587  0.0
 1.76239437  -0.03580308  0.0
 1.76237801  -0.03580695  0.0
 1.76198557  -0.03590045  0.0
 1.76196922  -0.03590438  0.0
 1.74318500  -0.04044683  0.0
;;

# interior:
# ---------
 1.74818500  -0.03409360  0.0
 1.76079398  -0.03104446  0.0
 1.76080215  -0.03104249  0.0
 1.76081850  -0.03103857  0.0
 1.76082667  -0.03103661  0.0
 1.76121912  -0.03094310  0.0
 1.76122730  -0.03094116  0.0
 1.76124366  -0.03093729  0.0
 1.76125184  -0.03093537  0.0
 1.76132515  -0.03091816  0.0
 1.76133334  -0.03091625  0.0
 1.76134971  -0.03091243  0.0
 1.76135789  -0.03091053  0.0
 1.76175096  -0.03081967  0.0
 1.76175915  -0.03081778  0.0
 1.76177554  -0.03081402  0.0
 1.76178373  -0.03081215  0.0
 1.90625512   0.00207446  0.0
 1.90626718   0.00207719  0.0
 1.90629130   0.00208262  0.0
 1.90630337   0.00208532  0.0
 1.90688268   0.00221418  0.0
 1.90689475   0.00221685  0.0
 1.90691890   0.00222216  0.0
 1.90693098   0.00222480  0.0
 1.90703923   0.00224831  0.0
 1.90705132   0.00225092  0.0
 1.90707549   0.00225611  0.0
 1.90708759   0.00225869  0.0
 1.90766814   0.00238182  0.0
 1.90768024   0.00238437  0.0
 1.90770444   0.00238944  0.0
 1.90771654   0.00239196  0.0
 2.05180874   0.03220713  0.0
 2.05182458   0.03221038  0.0
 2.05185627   0.03221683  0.0
 2.05187212   0.03222003  0.0
 2.05263311   0.03237236  0.0
 2.05264897   0.03237551  0.0
 2.05268069   0.03238175  0.0
 2.05269656   0.03238485  0.0
 2.05283879   0.03241237  0.0
 2.05285467   0.03241541  0.0
 2.05288644   0.03242145  0.0
 2.05290233   0.03242445  0.0
 2.05366522   0.03256693  0.0
 2.05368112   0.03256987  0.0
 2.05371293   0.03257570  0.0
 2.05372884   0.03257859  0.0
 2.19321659   0.05769722  0.0
 2.19323525   0.05770055  0.0
 2.19327258   0.05770712  0.0
 2.19329125   0.05771038  0.0
 2.19418786   0.05786483  0.0
 2.19420654   0.05786801  0.0
 2.19424392   0.05787430  0.0
 2.19426262   0.05787741  0.0
 2.19443020   0.05790497  0.0
 2.19444891   0.05790801  0.0
 2.19448634   0.05791402  0.0
 2.19450506   0.05791699  0.0
 2.19540390   0.05805783  0.0
 2.19542263   0.05806073  0.0
 2.19546010   0.05806646  0.0
 2.19547885   0.05806928  0.0
 2.32933292   0.07800384  0.0
 2.32935330   0.07800684  0.0
 2.32939408   0.07801274  0.0
 2.32941448   0.07801565  0.0
 2.33039377   0.07815325  0.0
 2.33041418   0.07815608  0.0
 2.33045501   0.07816164  0.0
 2.33047543   0.07816438  0.0
 2.33065843   0.07818856  0.0
 2.33067886   0.07819122  0.0
 2.33071973   0.07819645  0.0
 2.33074018   0.07819902  0.0
 2.33172161   0.07832046  0.0
 2.33174206   0.07832295  0.0
 2.33178298   0.07832784  0.0
 2.33180344   0.07833025  0.0
 2.38447876   0.08440817  0.0
 2.38472562   0.08443047  0.0
 2.38522015   0.08446281  0.0
 2.38571567   0.08447060  0.0
 2.38621097   0.08445382  0.0
 2.38670483   0.08441252  0.0
 2.38719603   0.08434679  0.0
 2.38768338   0.08425680  0.0
 2.38816566   0.08414277  0.0
 2.38864171   0.08400498  0.0
 2.38911033   0.08384377  0.0
 2.38957040   0.08365952  0.0
 2.39002076   0.08345271  0.0
 2.39046033   0.08322383  0.0
 2.39088801   0.08297345  0.0
 2.39130276   0.08270218  0.0
 2.39170355   0.08241069  0.0
 2.39208941   0.08209969  0.0
 2.39245938   0.08176996  0.0
 2.39281255   0.08142229  0.0
 2.39314806   0.08105755  0.0
 2.39346508   0.08067663  0.0
 2.39376284   0.08028047  0.0
 2.39404059   0.07987004  0.0
 2.39429767   0.07944635  0.0
 2.39453343   0.07901043  0.0
 2.39474729   0.07856337  0.0
 2.39493874   0.07810626  0.0
 2.39510730   0.07764023  0.0
 2.39525256   0.07716641  0.0
 2.39537416   0.07668598  0.0
 2.39547180   0.07620011  0.0
 2.39554524   0.07570999  0.0
 2.39559430   0.07521685  0.0
 2.39561886   0.07472187  0.0
 2.39562500   0.07447408  0.0
 2.39562500   0.03938907  0.0
 2.46524237   0.04742185  0.0
 2.46525279   0.04742304  0.0
 2.46527365   0.04742540  0.0
 2.46528408   0.04742657  0.0
 2.46536754   0.04743585  0.0
 2.46537797   0.04743699  0.0
 2.46539884   0.04743927  0.0
 2.46540928   0.04744040  0.0
 2.46547607   0.04744753  0.0
 2.46548651   0.04744864  0.0
 2.46550739   0.04745083  0.0
 2.46551783   0.04745191  0.0
 2.46560136   0.04746048  0.0
 2.46561180   0.04746154  0.0
 2.46563269   0.04746364  0.0
 2.46564313   0.04746468  0.0
 2.46583031   0.04748310  0.0
 2.46584076   0.04748412  0.0
 2.46586165   0.04748613  0.0
 2.46587210   0.04748712  0.0
 2.46595570   0.04749500  0.0
 2.46596615   0.04749597  0.0
 2.46598706   0.04749789  0.0
 2.46599751   0.04749884  0.0
 2.46606441   0.04750486  0.0
 2.46607487   0.04750579  0.0
 2.46609578   0.04750763  0.0
 2.46610624   0.04750853  0.0
 2.46618990   0.04751570  0.0
 2.46620036   0.04751659  0.0
 2.46622128   0.04751834  0.0
 2.46623174   0.04751920  0.0
 2.58871011   0.05749731  0.0
 2.58872061   0.05749816  0.0
 2.58874161   0.05749982  0.0
 2.58875212   0.05750065  0.0
 2.58883615   0.05750714  0.0
 2.58884665   0.05750794  0.0
 2.58886766   0.05750951  0.0
 2.58887817   0.05751029  0.0
 2.58894541   0.05751520  0.0
 2.58895592   0.05751596  0.0
 2.58897694   0.05751745  0.0
 2.58898745   0.05751818  0.0
 2.58907153   0.05752396  0.0
 2.58908204   0.05752467  0.0
 2.58910307   0.05752607  0.0
 2.58911358   0.05752676  0.0
 2.58930197   0.05753892  0.0
 2.58931248   0.05753958  0.0
 2.58933351   0.05754090  0.0
 2.58934403   0.05754154  0.0
 2.58942815   0.05754661  0.0
 2.58943867   0.05754724  0.0
 2.58945971   0.05754846  0.0
 2.58947022   0.05754906  0.0
 2.58953754   0.05755284  0.0
 2.58954806   0.05755341  0.0
 2.58956910   0.05755455  0.0
 2.58957962   0.05755511  0.0
 2.58966379   0.05755947  0.0
 2.58967431   0.05756000  0.0
 2.58969535   0.05756105  0.0
 2.58970588   0.05756156  0.0
 2.70655057   0.06312482  0.0
 2.70656096   0.06312531  0.0
 2.70658175   0.06312625  0.0
 2.70659215   0.06312671  0.0
 2.70667532   0.06313033  0.0
 2.70668571   0.06313077  0.0
 2.70670651   0.06313163  0.0
 2.70671690   0.06313205  0.0
 2.70678345   0.06313466  0.0
 2.70679385   0.06313506  0.0
 2.70681464   0.06313583  0.0
 2.70682504   0.06313621  0.0
 2.70690824   0.06313913  0.0
 2.70691864   0.06313948  0.0
 2.70693944   0.06314017  0.0
 2.70694984   0.06314050  0.0
 2.70713621   0.06314627  0.0
 2.70714662   0.06314658  0.0
 2.70716742   0.06314718  0.0
 2.70717782   0.06314747  0.0
 2.70726104   0.06314970  0.0
 2.70727144   0.06314996  0.0
 2.70729224   0.06315048  0.0
 2.70730265   0.06315072  0.0
 2.70736923   0.06315223  0.0
 2.70737963   0.06315245  0.0
 2.70740044   0.06315288  0.0
 2.70741084   0.06315308  0.0
 2.70749407   0.06315462  0.0
 2.70750448   0.06315480  0.0
 2.70752529   0.06315514  0.0
 2.70753569   0.06315530  0.0
 2.81869253   0.06474248  0.0
 2.81870270   0.06474261  0.0
 2.81872305   0.06474286  0.0
 2.81873322   0.06474298  0.0
 2.81881459   0.06474381  0.0
 2.81882476   0.06474390  0.0
 2.81884511   0.06474407  0.0
 2.81885528   0.06474414  0.0
 2.81892038   0.06474454  0.0
 2.81893055   0.06474459  0.0
 2.81895089   0.06474468  0.0
 2.81896107   0.06474471  0.0
 2.81904244   0.06474488  0.0
 2.81905261   0.06474489  0.0
 2.81907296   0.06474489  0.0
 2.81908313   0.06474488  0.0
 2.81926541   0.06474451  0.0
 2.81927558   0.06474448  0.0
 2.81929592   0.06474440  0.0
 2.81930610   0.06474435  0.0
 2.81938747   0.06474386  0.0
 2.81939764   0.06474378  0.0
 2.81941799   0.06474362  0.0
 2.81942816   0.06474353  0.0
 2.81949326   0.06474287  0.0
 2.81950343   0.06474275  0.0
 2.81952377   0.06474251  0.0
 2.81953394   0.06474237  0.0
 2.81961531   0.06474122  0.0
 2.81962548   0.06474106  0.0
 2.81964582   0.06474073  0.0
 2.81965599   0.06474055  0.0
 2.92517915   0.06281210  0.0
 2.92518867   0.06281192  0.0
 2.92520771   0.06281154  0.0
 2.92521723   0.06281133  0.0
 2.92529338   0.06280965  0.0
 2.92530290   0.06280943  0.0
 2.92532194   0.06280898  0.0
 2.92533145   0.06280874  0.0
 2.92539237   0.06280716  0.0
 2.92540189   0.06280691  0.0
 2.92542092   0.06280638  0.0
 2.92543044   0.06280610  0.0
 2.92550657   0.06280384  0.0
 2.92551609   0.06280355  0.0
 2.92553512   0.06280295  0.0
 2.92554464   0.06280264  0.0
 2.92571515   0.06279692  0.0
 2.92572467   0.06279659  0.0
 2.92574370   0.06279592  0.0
 2.92575321   0.06279557  0.0
 2.92582933   0.06279273  0.0
 2.92583884   0.06279237  0.0
 2.92585787   0.06279162  0.0
 2.92586738   0.06279124  0.0
 2.92592827   0.06278873  0.0
 2.92593778   0.06278833  0.0
 2.92595680   0.06278751  0.0
 2.92596631   0.06278710  0.0
 2.92604241   0.06278367  0.0
 2.92605192   0.06278324  0.0
 2.92607094   0.06278235  0.0
 2.92608045   0.06278189  0.0
 3.02591576   0.05791201  0.0
 3.02592401   0.05791160  0.0
 3.02594052   0.05791077  0.0
 3.02594878   0.05791034  0.0
 3.02601481   0.05790690  0.0
 3.02602306   0.05790647  0.0
 3.02603957   0.05790558  0.0
 3.02604782   0.05790513  0.0
 3.02610063   0.05790220  0.0
 3.02610889   0.05790174  0.0
 3.02612539   0.05790080  0.0
 3.02613364   0.05790032  0.0
 3.02619965   0.05789644  0.0
 3.02620790   0.05789595  0.0
 3.02622440   0.05789495  0.0
 3.02623265   0.05789445  0.0
 3.02638047   0.05788528  0.0
 3.02638872   0.05788476  0.0
 3.02640521   0.05788371  0.0
 3.02641346   0.05788318  0.0
 3.02647944   0.05787886  0.0
 3.02648769   0.05787832  0.0
 3.02650418   0.05787721  0.0
 3.02651243   0.05787665  0.0
 3.02656520   0.05787303  0.0
 3.02657344   0.05787246  0.0
 3.02658993   0.05787130  0.0
 3.02659818   0.05787071  0.0
 3.02666413   0.05786596  0.0
 3.02667237   0.05786536  0.0
 3.02668886   0.05786415  0.0
 3.02669710   0.05786353  0.0
 3.12089873   0.05076726  0.0
 3.12090566   0.05076673  0.0
 3.12091951   0.05076567  0.0
 3.12092644   0.05076513  0.0
 3.12098187   0.05076080  0.0
 3.12098880   0.05076026  0.0
 3.12100265   0.05075916  0.0
 3.12100958   0.05075860  0.0
 3.12105391   0.05075501  0.0
 3.12106083   0.05075445  0.0
 3.12107468   0.05075331  0.0
 3.12108161   0.05075273  0.0
 3.12113701   0.05074809  0.0
 3.12114393   0.05074751  0.0
 3.12115778   0.05074633  0.0
 3.12116471   0.05074574  0.0
 3.12128877   0.05073500  0.0
 3.12129569   0.05073440  0.0
 3.12130954   0.05073318  0.0
 3.12131646   0.05073257  0.0
 3.12137183   0.05072762  0.0
 3.12137876   0.05072700  0.0
 3.12139260   0.05072574  0.0
 3.12139952   0.05072511  0.0
 3.12144381   0.05072103  0.0
 3.12145072   0.05072039  0.0
 3.12146456   0.05071909  0.0
 3.12147148   0.05071844  0.0
 3.12152683   0.05071319  0.0
 3.12153374   0.05071253  0.0
 3.12154758   0.05071119  0.0
 3.12155450   0.05071052  0.0
 3.14015958   0.04889214  0.0
 3.06483795   0.06870093  0.0
 2.96791952   0.09375036  0.0
 2.86529072   0.11997592  0.0
 2.75702220   0.14733537  0.0
 2.64310242   0.17584239  0.0
 2.52349263   0.20559052  0.0
 2.39821767   0.23645992  0.0
 2.39562500   0.23709050  0.0
 2.39562500   0.20247319  0.0
 2.39561869   0.20222199  0.0
 2.39559345   0.20172023  0.0
 2.39554303   0.20122037  0.0
 2.39546756   0.20072368  0.0
 2.39536724   0.20023140  0.0
 2.39524231   0.19974479  0.0
 2.39509309   0.19926507  0.0
 2.39491996   0.19879345  0.0
 2.39472336   0.19833112  0.0
 2.39450377   0.19787925  0.0
 2.39426176   0.19743899  0.0
 2.39399794   0.19701144  0.0
 2.39371297   0.19659769  0.0
 2.39340758   0.19619877  0.0
 2.39308253   0.19581570  0.0
 2.39273864   0.19544945  0.0
 2.39237679   0.19510093  0.0
 2.39199789   0.19477103  0.0
 2.39160289   0.19446059  0.0
 2.39119279   0.19417038  0.0
 2.39076863   0.19390114  0.0
 2.39033148   0.19365356  0.0
 2.38988244   0.19342824  0.0
 2.38942265   0.19322577  0.0
 2.38895327   0.19304666  0.0
 2.38847549   0.19289135  0.0
 2.38799050   0.19276025  0.0
 2.38749954   0.19265367  0.0
 2.38700385   0.19257189  0.0
 2.38650467   0.19251512  0.0
 2.38600327   0.19248351  0.0
 2.38550092   0.19247712  0.0
 2.38499888   0.19249597  0.0
 2.38449842   0.19254003  0.0
 2.38400081   0.19260917  0.0
 2.38350729   0.19270323  0.0
 2.38326172   0.19275645  0.0
 2.25653672   0.22357820  0.0
 2.12015394   0.25623871  0.0
 1.97810970   0.28960938  0.0
 1.83399491   0.32282173  0.0
 1.74818500   0.34223916  0.0
 1.74818500  -0.03409360  0.0
;;

