# exterior:
# ---------
 0.84100000  -0.25753693  0.0
 0.84100000   0.52791440  0.0
 0.97200353   0.50608621  0.0
 1.11550985   0.48005483  0.0
 1.25920182   0.45222158  0.0
 1.40301690   0.42277912  0.0
 1.54691644   0.39206148  0.0
 1.64718500   0.36996255  0.0
 1.64718500  -0.06366184  0.0
 1.61755200  -0.07082778  0.0
 1.61754287  -0.07082999  0.0
 1.61732379  -0.07088341  0.0
 1.61731466  -0.07088564  0.0
 1.61727379  -0.07089569  0.0
 1.61726467  -0.07089794  0.0
 1.61704579  -0.07095218  0.0
 1.61703667  -0.07095445  0.0
 1.47256300  -0.10704307  0.0
 1.47250696  -0.10705710  0.0
 1.47250137  -0.10705850  0.0
 1.32811904  -0.14337332  0.0
 1.18411671  -0.17898366  0.0
 1.04033248  -0.21327859  0.0
 0.89676320  -0.24577143  0.0
 0.84100000  -0.25753693  0.0
;;

# interior:
# ---------
 0.84600000  -0.25137189  0.0
 0.89569519  -0.24088669  0.0
 1.03920057  -0.20840831  0.0
 1.18293652  -0.17412490  0.0
 1.32690908  -0.13852191  0.0
 1.47128456  -0.10220882  0.0
 1.47129294  -0.10220672  0.0
 1.47135127  -0.10219212  0.0
 1.61582949  -0.06610236  0.0
 1.61584317  -0.06609896  0.0
 1.61606661  -0.06604360  0.0
 1.61608029  -0.06604022  0.0
 1.61612573  -0.06602906  0.0
 1.61613942  -0.06602571  0.0
 1.61636307  -0.06597118  0.0
 1.61637676  -0.06596786  0.0
 1.64218500  -0.05972683  0.0
 1.64218500   0.36594453  0.0
 1.54585645   0.38717510  0.0
 1.40199356   0.41788492  0.0
 1.25822497   0.44731786  0.0
 1.11458819   0.47514041  0.0
 0.97114638   0.50116009  0.0
 0.84600000   0.52201235  0.0
 0.84600000  -0.25137189  0.0
;;

