# exterior:
# ---------
-0.75000000   0.60882617  0.0
-0.74701263   0.60936864  0.0
-0.60418177   0.63062014  0.0
-0.45989044   0.64734321  0.0
-0.31559912   0.65934315  0.0
-0.17136362   0.66668476  0.0
-0.02707776   0.66928159  0.0
 0.11721196   0.66705800  0.0
 0.26145926   0.66028930  0.0
 0.40577407   0.64927766  0.0
 0.55010129   0.63436330  0.0
 0.69439163   0.61580473  0.0
 0.75000000   0.60747671  0.0
 0.75000000   0.52152878  0.0
 0.68267401   0.53161165  0.0
 0.54030953   0.54992252  0.0
 0.39817066   0.56461074  0.0
 0.25623258   0.57544103  0.0
 0.11456434   0.58208871  0.0
-0.02696782   0.58426980  0.0
-0.16843758   0.58172366  0.0
-0.30991485   0.57452244  0.0
-0.45147298   0.56274981  0.0
-0.59303131   0.54634348  0.0
-0.73316122   0.52549385  0.0
-0.75000000   0.52243616  0.0
-0.75000000   0.60882617  0.0
;;

