# exterior:
# ---------
 0.83600000   0.80864046  0.0
 0.88755304   0.80083209  0.0
 1.07211290   0.77035470  0.0
 1.25669382   0.73761998  0.0
 1.44120497   0.70284246  0.0
 1.62579133   0.66621588  0.0
 1.81038287   0.62792715  0.0
 1.99491042   0.58816305  0.0
 2.12772044   0.55860324  0.0
 2.12772044   0.49713505  0.0
 1.98207292   0.52955213  0.0
 1.79796999   0.56922473  0.0
 1.61385916   0.60741375  0.0
 1.42980910   0.64393392  0.0
 1.24589817   0.67859830  0.0
 1.06198604   0.71121441  0.0
 0.87817210   0.74156863  0.0
 0.83600000   0.74795613  0.0
 0.83600000   0.80864046  0.0
;;

