# exterior:
# ---------
 3.32687500   0.00535791  0.0
 3.31067013   0.00299367  0.0
 3.31044267   0.00295569  0.0
 3.15391364  -0.02650860  0.0
 3.15371227  -0.02655035  0.0
 2.98991409  -0.06365763  0.0
 2.98972942  -0.06370277  0.0
 2.81866209  -0.10861227  0.0
 2.81850344  -0.10865643  0.0
 2.64023619  -0.16110507  0.0
 2.64011042  -0.16114369  0.0
 2.45595862  -0.22005842  0.0
 2.45586463  -0.22008941  0.0
 2.27122822  -0.28277717  0.0
 2.27115801  -0.28280153  0.0
 2.21372044  -0.30315675  0.0
 2.21372044  -0.23950042  0.0
 2.25111602  -0.22624785  0.0
 2.25149172  -0.22611611  0.0
 2.25156193  -0.22609175  0.0
 2.25193850  -0.22596250  0.0
 2.43657491  -0.16327474  0.0
 2.43707771  -0.16310650  0.0
 2.43717170  -0.16307551  0.0
 2.43767597  -0.16291172  0.0
 2.62182777  -0.10399699  0.0
 2.62250035  -0.10378617  0.0
 2.62262612  -0.10374755  0.0
 2.62330113  -0.10354464  0.0
 2.80156838  -0.05109599  0.0
 2.80241654  -0.05085321  0.0
 2.80257519  -0.05080906  0.0
 2.80342683  -0.05057878  0.0
 2.97449416  -0.00566927  0.0
 2.97548142  -0.00541903  0.0
 2.97566609  -0.00537389  0.0
 2.97665745  -0.00514044  0.0
 3.14045563   0.03196684  0.0
 3.14153230   0.03220038  0.0
 3.14173366   0.03224213  0.0
 3.14281444   0.03245586  0.0
 3.29934347   0.06192015  0.0
 3.30055991   0.06213618  0.0
 3.30078737   0.06217417  0.0
 3.30200801   0.06236511  0.0
 3.32687500   0.06599313  0.0
 3.32687500   0.00535791  0.0
;;

