# exterior:
# ---------
 2.12772044  -0.33363417  0.0
 2.08659083  -0.34821004  0.0
 2.08654245  -0.34822743  0.0
 1.90190604  -0.41557437  0.0
 1.90187498  -0.41558581  0.0
 1.71723857  -0.48417197  0.0
 1.71722170  -0.48417827  0.0
 1.53265452  -0.55341519  0.0
 1.34802298  -0.62276797  0.0
 1.16340917  -0.69153956  0.0
 0.97887828  -0.75904630  0.0
 0.83600000  -0.81003676  0.0
 0.83600000  -0.74633033  0.0
 0.95848762  -0.70261690  0.0
 1.14262971  -0.63525239  0.0
 1.32700132  -0.56657103  0.0
 1.51158064  -0.49723787  0.0
 1.69614782  -0.42800094  0.0
 1.69623821  -0.42796712  0.0
 1.69625509  -0.42796082  0.0
 1.69634553  -0.42792714  0.0
 1.88098194  -0.35934098  0.0
 1.88114825  -0.35927948  0.0
 1.88117931  -0.35926804  0.0
 1.88134581  -0.35920703  0.0
 2.06598222  -0.29186009  0.0
 2.06624113  -0.29176632  0.0
 2.06628950  -0.29174893  0.0
 2.06654884  -0.29165635  0.0
 2.12772044  -0.26997784  0.0
 2.12772044  -0.33363417  0.0
;;

