# exterior:
# ---------
 4.32687500  -0.01703058  0.0
 4.30333680  -0.01093834  0.0
 4.20468405   0.01131218  0.0
 4.09883138   0.02801046  0.0
 3.98570956   0.03864419  0.0
 3.86531859   0.04310260  0.0
 3.73772770   0.04153108  0.0
 3.60286766   0.03372886  0.0
 3.46080770   0.01923902  0.0
 3.31147859  -0.00254766  0.0
 3.15494956  -0.03201195  0.0
 2.99115138  -0.06911923  0.0
 2.82008405  -0.11402873  0.0
 2.64181680  -0.16647738  0.0
 2.45766500  -0.22539211  0.0
 2.27302859  -0.28807988  0.0
 2.08846141  -0.35348838  0.0
 1.90382500  -0.42083532  0.0
 1.71918859  -0.48942148  0.0
 1.53462141  -0.55865841  0.0
 1.34998500  -0.62801302  0.0
 1.16534859  -0.69679303  0.0
 0.98078141  -0.76431305  0.0
 0.79614500  -0.83020616  0.0
 0.61150859  -0.89364853  0.0
 0.42694141  -0.95342171  0.0
 0.24230500  -1.00836956  0.0
 0.05766859  -1.05716979  0.0
-0.12689859  -1.09766242  0.0
-0.31153500  -1.12784670  0.0
-0.49617141  -1.14563189  0.0
-0.68073859  -1.14863647  0.0
-0.86537500  -1.13530969  0.0
-1.04391917  -1.10602540  0.0
-1.21277114  -1.06415510  0.0
-1.37186168  -1.01305644  0.0
-1.52126002  -0.95517323  0.0
-1.66096616  -0.89224316  0.0
-1.79091087  -0.82545006  0.0
-1.91123261  -0.75592237  0.0
-2.02172369  -0.68505162  0.0
-2.12259180  -0.61351626  0.0
-2.21369848  -0.54211936  0.0
-2.29511296  -0.47149784  0.0
-2.36683524  -0.40244784  0.0
-2.42879609  -0.33586934  0.0
-2.48106474  -0.27197698  0.0
-2.52364119  -0.21134534  0.0
-2.55652544  -0.15346906  0.0
-2.57964826  -0.09772507  0.0
-2.59307888  -0.04157954  0.0
-2.59487886  -0.02644586  0.0
-2.59612500   0.00000000  0.0
-2.58754048   0.06993615  0.0
-2.56926376   0.11942867  0.0
-2.54129484   0.16963427  0.0
-2.50356449   0.22227676  0.0
-2.45614194   0.27686462  0.0
-2.39902719   0.33286476  0.0
-2.33222024   0.38966798  0.0
-2.25565186   0.44677580  0.0
-2.16939128   0.50355825  0.0
-2.07336927   0.55949609  0.0
-1.96772429   0.61396625  0.0
-1.85224865   0.66648413  0.0
-1.72715004   0.71641973  0.0
-1.59235923   0.76319152  0.0
-1.44780699   0.80611412  0.0
-1.29349332   0.84442600  0.0
-1.12955668   0.87703333  0.0
-0.95585861   0.90245459  0.0
-0.77309141   0.91934671  0.0
-0.58845500   0.92775815  0.0
-0.40381859   0.92906660  0.0
-0.21925141   0.92437281  0.0
-0.03461500   0.91451445  0.0
 0.15002141   0.90008000  0.0
 0.33458859   0.88158867  0.0
 0.51922500   0.85951122  0.0
 0.70386141   0.83431842  0.0
 0.88842859   0.80636335  0.0
 1.07305808   0.77587446  0.0
 1.25770141   0.74312867  0.0
 1.44226859   0.70834059  0.0
 1.62690500   0.67170407  0.0
 1.81154141   0.63340604  0.0
 1.99610859   0.59363340  0.0
 2.18074500   0.55253848  0.0
 2.36538141   0.51030125  0.0
 2.54994859   0.46710866  0.0
 2.73188503   0.42367375  0.0
 2.90655232   0.38128422  0.0
 3.07395046   0.34009237  0.0
 3.23414868   0.30027128  0.0
 3.38707775   0.26197324  0.0
 3.53273767   0.22531596  0.0
 3.67119767   0.19030635  0.0
 3.80245775   0.15697902  0.0
 3.92644868   0.12527168  0.0
 4.04317046   0.09491433  0.0
 4.15269232   0.06552619  0.0
 4.25494503   0.03713497  0.0
 4.27938322   0.03026043  0.0
 4.30333680   0.02355205  0.0
 4.32687500   0.01703058  0.0
 4.32687500  -0.01703058  0.0
;;

# interior:
# ---------
 4.32627500  -0.01625551  0.0
 4.32627500   0.01657421  0.0
 4.30317660   0.02297383  0.0
 4.30317499   0.02297428  0.0
 4.27922141   0.02968266  0.0
 4.27922074   0.02968285  0.0
 4.25478353   0.03655711  0.0
 4.15253431   0.06494737  0.0
 4.04301720   0.09433423  0.0
 3.92629884   0.12469069  0.0
 3.80230960   0.15639760  0.0
 3.67105030   0.18972473  0.0
 3.53259091   0.22473418  0.0
 3.38693166   0.26139130  0.0
 3.23400343   0.29968913  0.0
 3.07380641   0.33950992  0.0
 2.90640988   0.38070138  0.0
 2.73174461   0.42309041  0.0
 2.54981057   0.46652475  0.0
 2.36524615   0.50971670  0.0
 2.18061292   0.55195319  0.0
 1.99598022   0.59304729  0.0
 1.81141728   0.63281901  0.0
 1.62678568   0.67111605  0.0
 1.44215463   0.70775151  0.0
 1.25759345   0.74253845  0.0
 1.07295681   0.77528305  0.0
 0.88833478   0.80577071  0.0
 0.70377592   0.83372453  0.0
 0.51914882   0.85891605  0.0
 0.33452306   0.88099223  0.0
 0.14996812   0.89948233  0.0
-0.03465438   0.91391570  0.0
-0.21927504   0.92377321  0.0
-0.40382409   0.92846655  0.0
-0.58843922   0.92715825  0.0
-0.77305013   0.91874797  0.0
-0.95578751   0.90185860  0.0
-1.12945465   0.87644187  0.0
-1.29336244   0.84384028  0.0
-1.44764923   0.80553507  0.0
-1.59217539   0.76262021  0.0
-1.72694037   0.71585739  0.0
-1.85201310   0.66593212  0.0
-1.96746245   0.61342620  0.0
-2.07308059   0.55896988  0.0
-2.16907508   0.50304807  0.0
-2.25530725   0.44628432  0.0
-2.33184617   0.38919847  0.0
-2.39862232   0.33242144  0.0
-2.45570474   0.27645300  0.0
-2.50309315   0.22190444  0.0
-2.54078729   0.16931247  0.0
-2.56871700   0.11917725  0.0
-2.58695345   0.06979377  0.0
-2.59552327  -0.00002259  0.0
-2.59428053  -0.02639624  0.0
-2.59248721  -0.04147395  0.0
-2.57907580  -0.09753917  0.0
-2.55598544  -0.15320491  0.0
-2.52313368  -0.21102401  0.0
-2.48058638  -0.27161413  0.0
-2.42834382  -0.33547461  0.0
-2.36640724  -0.40202702  0.0
-2.29470804  -0.47105480  0.0
-2.21331662  -0.54165632  0.0
-2.12223300  -0.61303515  0.0
-2.02138799  -0.68455412  0.0
-1.91092038  -0.75540982  0.0
-1.79062345  -0.82492317  0.0
-1.66070563  -0.89170246  0.0
-1.52102826  -0.95461957  0.0
-1.37166138  -1.01249058  0.0
-1.21260701  -1.06357763  0.0
-1.04379821  -1.10543723  0.0
-0.86530470  -1.13471321  0.0
-0.68072184  -1.14803612  0.0
-0.49620511  -1.14503236  0.0
-0.31161225  -1.12725136  0.0
-0.12701136  -1.09707289  0.0
 0.05752758  -1.05658646  0.0
 0.24214273  -1.00779185  0.0
 0.42676338  -0.95284869  0.0
 0.61131866  -0.89307936  0.0
 0.79594667  -0.82963988  0.0
 0.98057750  -0.76374875  0.0
 1.16514080  -0.69623016  0.0
 1.34977478  -0.62745105  0.0
 1.53441067  -0.55809663  0.0
 1.71897785  -0.48885971  0.0
 1.71897966  -0.48885904  0.0
 1.90361607  -0.42027288  0.0
 1.90361940  -0.42027165  0.0
 2.08825581  -0.35292471  0.0
 2.08826099  -0.35292284  0.0
 2.27282817  -0.28751434  0.0
 2.27283569  -0.28751173  0.0
 2.45747210  -0.22482396  0.0
 2.45748217  -0.22482064  0.0
 2.64163397  -0.16590591  0.0
 2.64164745  -0.16590178  0.0
 2.81991470  -0.11345313  0.0
 2.81993170  -0.11344840  0.0
 2.99099903  -0.06853890  0.0
 2.99101881  -0.06853406  0.0
 3.15481699  -0.03142678  0.0
 3.15483857  -0.03142231  0.0
 3.31136760  -0.00195802  0.0
 3.31139197  -0.00195395  0.0
 3.46072108   0.01983273  0.0
 3.46074682   0.01983592  0.0
 3.60280678   0.03432576  0.0
 3.60283301   0.03432785  0.0
 3.73769305   0.04213008  0.0
 3.73772031   0.04213103  0.0
 3.86531120   0.04370255  0.0
 3.86534079   0.04370219  0.0
 3.98573176   0.03924377  0.0
 3.98576571   0.03924155  0.0
 4.09888753   0.02860782  0.0
 4.09892487   0.02860313  0.0
 4.20477754   0.01190485  0.0
 4.20481606   0.01189748  0.0
 4.30346881  -0.01035304  0.0
 4.30348714  -0.01035748  0.0
 4.32627500  -0.01625551  0.0
;;

