# exterior:
# ---------
-0.83600000  -1.13742994  0.0
-0.86537500  -1.13530969  0.0
-1.04391917  -1.10602540  0.0
-1.21277114  -1.06415510  0.0
-1.37186168  -1.01305644  0.0
-1.52126002  -0.95517323  0.0
-1.66096616  -0.89224316  0.0
-1.79091087  -0.82545006  0.0
-1.91123261  -0.75592237  0.0
-2.02172369  -0.68505162  0.0
-2.12259180  -0.61351626  0.0
-2.21369848  -0.54211936  0.0
-2.29511296  -0.47149784  0.0
-2.36683524  -0.40244784  0.0
-2.42879609  -0.33586934  0.0
-2.48106474  -0.27197698  0.0
-2.52364119  -0.21134534  0.0
-2.55652544  -0.15346906  0.0
-2.57964826  -0.09772507  0.0
-2.59307888  -0.04157954  0.0
-2.59487886  -0.02644586  0.0
-2.59612500   0.00000000  0.0
-2.58754048   0.06993615  0.0
-2.56926376   0.11942867  0.0
-2.54129484   0.16963427  0.0
-2.50356449   0.22227676  0.0
-2.45614194   0.27686462  0.0
-2.39902719   0.33286476  0.0
-2.33222024   0.38966798  0.0
-2.25565186   0.44677580  0.0
-2.16939128   0.50355825  0.0
-2.07336927   0.55949609  0.0
-1.96772429   0.61396625  0.0
-1.85224865   0.66648413  0.0
-1.72715004   0.71641973  0.0
-1.59235923   0.76319152  0.0
-1.44780699   0.80611412  0.0
-1.29349332   0.84442600  0.0
-1.12955668   0.87703333  0.0
-0.95585861   0.90245459  0.0
-0.83600000   0.91353243  0.0
-0.83600000   0.91292987  0.0
-0.95578751   0.90185860  0.0
-1.12945465   0.87644187  0.0
-1.29336244   0.84384028  0.0
-1.44764923   0.80553507  0.0
-1.59217539   0.76262021  0.0
-1.72694037   0.71585739  0.0
-1.85201310   0.66593212  0.0
-1.96746245   0.61342620  0.0
-2.07308059   0.55896988  0.0
-2.16907508   0.50304807  0.0
-2.25530725   0.44628432  0.0
-2.33184617   0.38919847  0.0
-2.39862232   0.33242144  0.0
-2.45570474   0.27645300  0.0
-2.50309315   0.22190444  0.0
-2.54078729   0.16931247  0.0
-2.56871700   0.11917725  0.0
-2.58695345   0.06979377  0.0
-2.59552327  -0.00002259  0.0
-2.59428053  -0.02639624  0.0
-2.59248721  -0.04147395  0.0
-2.57907580  -0.09753917  0.0
-2.55598544  -0.15320491  0.0
-2.52313368  -0.21102401  0.0
-2.48058638  -0.27161413  0.0
-2.42834382  -0.33547461  0.0
-2.36640724  -0.40202702  0.0
-2.29470804  -0.47105480  0.0
-2.21331662  -0.54165632  0.0
-2.12223300  -0.61303515  0.0
-2.02138799  -0.68455412  0.0
-1.91092038  -0.75540982  0.0
-1.79062345  -0.82492317  0.0
-1.66070563  -0.89170246  0.0
-1.52102826  -0.95461957  0.0
-1.37166138  -1.01249058  0.0
-1.21260701  -1.06357763  0.0
-1.04379821  -1.10543723  0.0
-0.86530470  -1.13471321  0.0
-0.83600000  -1.13682837  0.0
-0.83600000  -1.13742994  0.0
;;

