# exterior:
# ---------
 0.83600000   0.81369749  0.0
 0.88833478   0.80577071  0.0
 1.07295681   0.77528305  0.0
 1.25759345   0.74253845  0.0
 1.44215463   0.70775151  0.0
 1.62678568   0.67111605  0.0
 1.81141728   0.63281901  0.0
 1.99598022   0.59304729  0.0
 2.12772044   0.56372559  0.0
 2.12772044   0.55860324  0.0
 1.99491042   0.58816305  0.0
 1.81038287   0.62792715  0.0
 1.62579133   0.66621588  0.0
 1.44120497   0.70284246  0.0
 1.25669382   0.73761998  0.0
 1.07211290   0.77035470  0.0
 0.88755304   0.80083209  0.0
 0.83600000   0.80864046  0.0
 0.83600000   0.81369749  0.0
;;

