# exterior:
# ---------
-0.75000000   0.91979806  0.0
-0.58843922   0.92715825  0.0
-0.40382409   0.92846655  0.0
-0.21927504   0.92377321  0.0
-0.03465438   0.91391570  0.0
 0.14996812   0.89948233  0.0
 0.33452306   0.88099223  0.0
 0.51914882   0.85891605  0.0
 0.70377592   0.83372453  0.0
 0.75000000   0.82672330  0.0
 0.75000000   0.82166627  0.0
 0.70306351   0.82877540  0.0
 0.51851398   0.85395635  0.0
 0.33397697   0.87602191  0.0
 0.14952399   0.89450180  0.0
-0.03498258   0.90892610  0.0
-0.21947193   0.91877660  0.0
-0.40386995   0.92346610  0.0
-0.58830768   0.92215906  0.0
-0.75000000   0.91479287  0.0
-0.75000000   0.91979806  0.0
;;

