# exterior:
# ---------
 3.98035650   0.11125118  0.0
 4.04317046   0.09491433  0.0
 4.15269232   0.06552619  0.0
 4.25494503   0.03713497  0.0
 4.27938322   0.03026043  0.0
 4.30333680   0.02355205  0.0
 4.32687500   0.01703058  0.0
 4.32627500   0.01657421  0.0
 4.32627500   0.01657421  0.0
 4.30317660   0.02297383  0.0
 4.30317499   0.02297428  0.0
 4.27922141   0.02968266  0.0
 4.27922074   0.02968285  0.0
 4.25478353   0.03655711  0.0
 4.15253431   0.06494737  0.0
 4.04301720   0.09433423  0.0
 3.98035650   0.11063121  0.0
 3.98035650   0.11125118  0.0
;;

