# exterior:
# ---------
 2.21372044   0.54499505  0.0
 2.36538141   0.51030125  0.0
 2.54994859   0.46710866  0.0
 2.73188503   0.42367375  0.0
 2.90655232   0.38128422  0.0
 3.07395046   0.34009237  0.0
 3.23414868   0.30027128  0.0
 3.32687500   0.27704982  0.0
 3.32687500   0.27643129  0.0
 3.23400343   0.29968913  0.0
 3.07380641   0.33950992  0.0
 2.90640988   0.38070138  0.0
 2.73174461   0.42309041  0.0
 2.54981057   0.46652475  0.0
 2.36524615   0.50971670  0.0
 2.21372044   0.54437955  0.0
 2.21372044   0.54499505  0.0
;;

