# exterior:
# ---------
 4.32687500  -0.01703058  0.0
 4.30333680  -0.01093834  0.0
 4.20468405   0.01131218  0.0
 4.09883138   0.02801046  0.0
 3.98570956   0.03864419  0.0
 3.98035650   0.03884242  0.0
 3.98035650   0.03944284  0.0
 3.98573176   0.03924377  0.0
 3.98576571   0.03924155  0.0
 4.09888753   0.02860782  0.0
 4.09892487   0.02860313  0.0
 4.20477754   0.01190485  0.0
 4.20481606   0.01189748  0.0
 4.30346881  -0.01035304  0.0
 4.30348714  -0.01035748  0.0
 4.32627500  -0.01625551  0.0
 4.32627500  -0.01625551  0.0
 4.32687500  -0.01703058  0.0
;;

