# exterior:
# ---------
 3.32687500  -0.00030137  0.0
 3.31147859  -0.00254766  0.0
 3.15494956  -0.03201195  0.0
 2.99115138  -0.06911923  0.0
 2.82008405  -0.11402873  0.0
 2.64181680  -0.16647738  0.0
 2.45766500  -0.22539211  0.0
 2.27302859  -0.28807988  0.0
 2.21372044  -0.30909801  0.0
 2.21372044  -0.30846145  0.0
 2.27282817  -0.28751434  0.0
 2.27283569  -0.28751173  0.0
 2.45747210  -0.22482396  0.0
 2.45748217  -0.22482064  0.0
 2.64163397  -0.16590591  0.0
 2.64164745  -0.16590178  0.0
 2.81991470  -0.11345313  0.0
 2.81993170  -0.11344840  0.0
 2.99099903  -0.06853890  0.0
 2.99101881  -0.06853406  0.0
 3.15481699  -0.03142678  0.0
 3.15483857  -0.03142231  0.0
 3.31136760  -0.00195802  0.0
 3.31139197  -0.00195395  0.0
 3.32687500   0.00030498  0.0
 3.32687500  -0.00030137  0.0
;;

