# exterior:
# ---------
 0.83600000   0.81430433  0.0
 0.88842859   0.80636335  0.0
 1.07305808   0.77587446  0.0
 1.25770141   0.74312867  0.0
 1.44226859   0.70834059  0.0
 1.62690500   0.67170407  0.0
 1.81154141   0.63340604  0.0
 1.99610859   0.59363340  0.0
 2.12772044   0.56434027  0.0
 2.12772044   0.56372559  0.0
 1.99598022   0.59304729  0.0
 1.81141728   0.63281901  0.0
 1.62678568   0.67111605  0.0
 1.44215463   0.70775151  0.0
 1.25759345   0.74253845  0.0
 1.07295681   0.77528305  0.0
 0.88833478   0.80577071  0.0
 0.83600000   0.81369749  0.0
 0.83600000   0.81430433  0.0
;;

