# exterior:
# ---------
-0.83600000  -1.13682837  0.0
-0.86530470  -1.13471321  0.0
-1.04379821  -1.10543723  0.0
-1.21260701  -1.06357763  0.0
-1.37166138  -1.01249058  0.0
-1.52102826  -0.95461957  0.0
-1.66070563  -0.89170246  0.0
-1.79062345  -0.82492317  0.0
-1.91092038  -0.75540982  0.0
-2.02138799  -0.68455412  0.0
-2.12223300  -0.61303515  0.0
-2.21331662  -0.54165632  0.0
-2.29470804  -0.47105480  0.0
-2.36640724  -0.40202702  0.0
-2.42834382  -0.33547461  0.0
-2.48058638  -0.27161413  0.0
-2.52313368  -0.21102401  0.0
-2.55598544  -0.15320491  0.0
-2.57907580  -0.09753917  0.0
-2.59248721  -0.04147395  0.0
-2.59428053  -0.02639624  0.0
-2.59552327  -0.00002259  0.0
-2.58695345   0.06979377  0.0
-2.56871700   0.11917725  0.0
-2.54078729   0.16931247  0.0
-2.50309315   0.22190444  0.0
-2.45570474   0.27645300  0.0
-2.39862232   0.33242144  0.0
-2.33184617   0.38919847  0.0
-2.25530725   0.44628432  0.0
-2.16907508   0.50304807  0.0
-2.07308059   0.55896988  0.0
-1.96746245   0.61342620  0.0
-1.85201310   0.66593212  0.0
-1.72694037   0.71585739  0.0
-1.59217539   0.76262021  0.0
-1.44764923   0.80553507  0.0
-1.29336244   0.84384028  0.0
-1.12945465   0.87644187  0.0
-0.95578751   0.90185860  0.0
-0.83600000   0.91292987  0.0
-0.83600000   0.90790856  0.0
-0.95519498   0.89689206  0.0
-1.12860437   0.87151305  0.0
-1.29227174   0.83895928  0.0
-1.44633453   0.80070968  0.0
-1.59064343   0.75785934  0.0
-1.72519308   0.71117123  0.0
-1.85005022   0.66133202  0.0
-1.96528048   0.60892574  0.0
-2.07067491   0.55458476  0.0
-2.16644011   0.49879652  0.0
-2.25243554   0.44218862  0.0
-2.32872893   0.38528589  0.0
-2.39524841   0.32872710  0.0
-2.45206136   0.27302286  0.0
-2.49916532   0.21880174  0.0
-2.53655770   0.16663078  0.0
-2.56416069   0.11708206  0.0
-2.58206156   0.06860730  0.0
-2.59050885  -0.00021085  0.0
-2.58929447  -0.02598278  0.0
-2.58755662  -0.04059409  0.0
-2.57430532  -0.09598998  0.0
-2.55148545  -0.15100363  0.0
-2.51890445  -0.20834618  0.0
-2.47660006  -0.26859039  0.0
-2.42457489  -0.33218513  0.0
-2.36284056  -0.39852022  0.0
-2.29133372  -0.46736281  0.0
-2.21013444  -0.53779766  0.0
-2.11924302  -0.60902587  0.0
-2.01859051  -0.68040832  0.0
-1.90831842  -0.75113861  0.0
-1.78822831  -0.82053245  0.0
-1.65853454  -0.88719657  0.0
-1.51909693  -0.95000568  0.0
-1.36999224  -1.00777511  0.0
-1.21123922  -1.05876537  0.0
-1.04279024  -1.10053574  0.0
-0.86471889  -1.12974248  0.0
-0.83600000  -1.13181537  0.0
-0.83600000  -1.13682837  0.0
;;

