# exterior:
# ---------
 3.98035650   0.11063121  0.0
 4.04301720   0.09433423  0.0
 4.15253431   0.06494737  0.0
 4.25478353   0.03655711  0.0
 4.27922074   0.02968285  0.0
 4.27922141   0.02968266  0.0
 4.30317499   0.02297428  0.0
 4.30317660   0.02297383  0.0
 4.32627500   0.01657421  0.0
 4.32627500   0.01657421  0.0
 4.32127500   0.01277115  0.0
 4.32127500   0.01277115  0.0
 4.30184160   0.01815535  0.0
 4.30183489   0.01815721  0.0
 4.30183328   0.01815766  0.0
 4.30182658   0.01815953  0.0
 4.27787022   0.02486869  0.0
 4.27786678   0.02486966  0.0
 4.25343770   0.03174164  0.0
 4.15121753   0.06012383  0.0
 4.04174000   0.08950007  0.0
 3.98035650   0.10546487  0.0
 3.98035650   0.11063121  0.0
;;

