# exterior:
# ---------
 0.75000000  -0.84606191  0.0
 0.61150859  -0.89364853  0.0
 0.42694141  -0.95342171  0.0
 0.24230500  -1.00836956  0.0
 0.05766859  -1.05716979  0.0
-0.12689859  -1.09766242  0.0
-0.31153500  -1.12784670  0.0
-0.49617141  -1.14563189  0.0
-0.68073859  -1.14863647  0.0
-0.75000000  -1.14363728  0.0
-0.75000000  -1.14303572  0.0
-0.68072184  -1.14803612  0.0
-0.49620511  -1.14503236  0.0
-0.31161225  -1.12725136  0.0
-0.12701136  -1.09707289  0.0
 0.05752758  -1.05658646  0.0
 0.24214273  -1.00779185  0.0
 0.42676338  -0.95284869  0.0
 0.61131866  -0.89307936  0.0
 0.75000000  -0.84542748  0.0
 0.75000000  -0.84606191  0.0
;;

