# exterior:
# ---------
-0.75000000   0.92039868  0.0
-0.58845500   0.92775815  0.0
-0.40381859   0.92906660  0.0
-0.21925141   0.92437281  0.0
-0.03461500   0.91451445  0.0
 0.15002141   0.90008000  0.0
 0.33458859   0.88158867  0.0
 0.51922500   0.85951122  0.0
 0.70386141   0.83431842  0.0
 0.75000000   0.82733014  0.0
 0.75000000   0.82672330  0.0
 0.70377592   0.83372453  0.0
 0.51914882   0.85891605  0.0
 0.33452306   0.88099223  0.0
 0.14996812   0.89948233  0.0
-0.03465438   0.91391570  0.0
-0.21927504   0.92377321  0.0
-0.40382409   0.92846655  0.0
-0.58843922   0.92715825  0.0
-0.75000000   0.91979806  0.0
-0.75000000   0.92039868  0.0
;;

