# exterior:
# ---------
 4.32627500  -0.01625551  0.0
 4.30348714  -0.01035748  0.0
 4.30346881  -0.01035304  0.0
 4.20481606   0.01189748  0.0
 4.20477754   0.01190485  0.0
 4.09892487   0.02860313  0.0
 4.09888753   0.02860782  0.0
 3.98576571   0.03924155  0.0
 3.98573176   0.03924377  0.0
 3.98035650   0.03944284  0.0
 3.98035650   0.04444626  0.0
 3.98591680   0.04424035  0.0
 3.98605839   0.04423310  0.0
 3.98609234   0.04423087  0.0
 3.98623366   0.04421961  0.0
 4.09935548   0.03358588  0.0
 4.09951137   0.03356875  0.0
 4.09954871   0.03356406  0.0
 4.09970399   0.03354205  0.0
 4.20555666   0.01684378  0.0
 4.20571765   0.01681568  0.0
 4.20575616   0.01680831  0.0
 4.20591615   0.01677496  0.0
 4.30456890  -0.00547556  0.0
 4.30464542  -0.00549345  0.0
 4.30466375  -0.00549789  0.0
 4.30473997  -0.00551698  0.0
 4.32127500  -0.00979664  0.0
 4.32627500  -0.01625551  0.0
 4.32627500  -0.01625551  0.0
;;

