# exterior:
# ---------
 2.21372044   0.54437955  0.0
 2.36524615   0.50971670  0.0
 2.54981057   0.46652475  0.0
 2.73174461   0.42309041  0.0
 2.90640988   0.38070138  0.0
 3.07380641   0.33950992  0.0
 3.23400343   0.29968913  0.0
 3.32687500   0.27643129  0.0
 3.32687500   0.27127689  0.0
 3.23279303   0.29483784  0.0
 3.07260596   0.33465617  0.0
 2.90522292   0.37584430  0.0
 2.73057448   0.41822926  0.0
 2.54866037   0.46165883  0.0
 2.36411899   0.50484539  0.0
 2.21372044   0.53925039  0.0
 2.21372044   0.54437955  0.0
;;

