# exterior:
# ---------
 3.73289035   0.04185222  0.0
 3.60283301   0.03432785  0.0
 3.60280678   0.03432576  0.0
 3.46074682   0.01983592  0.0
 3.46072108   0.01983273  0.0
 3.32687500   0.00030498  0.0
 3.32687500   0.00535791  0.0
 3.45999924   0.02478035  0.0
 3.46010633   0.02479480  0.0
 3.46013207   0.02479799  0.0
 3.46023946   0.02481011  0.0
 3.60229942   0.03929995  0.0
 3.60240861   0.03930988  0.0
 3.60243484   0.03931198  0.0
 3.60254422   0.03931951  0.0
 3.73289035   0.04686058  0.0
 3.73289035   0.04185222  0.0
;;

