# exterior:
# ---------
 0.75000000  -0.71431157  0.0
 0.57206582  -0.77545101  0.0
 0.38997112  -0.83442347  0.0
 0.20860720  -0.88839742  0.0
 0.02838529  -0.93603088  0.0
-0.15031758  -0.97523692  0.0
-0.32757725  -1.00421525  0.0
-0.50317001  -1.02112931  0.0
-0.67726081  -1.02396334  0.0
-0.75000000  -1.01871314  0.0
-0.74500000  -1.01406103  0.0
-0.74500000  -1.01406103  0.0
-0.67712125  -1.01896041  0.0
-0.50345085  -1.01613322  0.0
-0.32822100  -0.99925412  0.0
-0.15125734  -0.97032418  0.0
 0.02721020  -0.93116977  0.0
 0.20725496  -0.88358313  0.0
 0.38848756  -0.82964826  0.0
 0.57048304  -0.77070793  0.0
 0.74500000  -0.71074268  0.0
 0.74500000  -0.71074268  0.0
 0.75000000  -0.71431157  0.0
;;

