# exterior:
# ---------
-0.74500000   0.79089205  0.0
-0.58504552   0.79817906  0.0
-0.40500712   0.79945492  0.0
-0.22435479   0.79486069  0.0
-0.04312177   0.78518406  0.0
 0.13850972   0.77098452  0.0
 0.32043398   0.75275797  0.0
 0.50276988   0.73095560  0.0
 0.68539580   0.70603713  0.0
 0.74500000   0.69700931  0.0
 0.74500000   0.69700930  0.0
 0.74000000   0.69270959  0.0
 0.74000000   0.69270959  0.0
 0.68468340   0.70108800  0.0
 0.50213503   0.72599590  0.0
 0.31988789   0.74778765  0.0
 0.13806559   0.76600398  0.0
-0.04344996   0.78019446  0.0
-0.22455168   0.78986408  0.0
-0.40505298   0.79445447  0.0
-0.58491398   0.79317987  0.0
-0.74000000   0.78611464  0.0
-0.74000000   0.78611464  0.0
-0.74500000   0.79089204  0.0
-0.74500000   0.79089205  0.0
;;

