# exterior:
# ---------
 0.83600000   0.74795613  0.0
 0.87817210   0.74156863  0.0
 1.06198604   0.71121441  0.0
 1.24589817   0.67859830  0.0
 1.42980910   0.64393392  0.0
 1.61385916   0.60741375  0.0
 1.79796999   0.56922473  0.0
 1.98207292   0.52955213  0.0
 2.12772044   0.49713505  0.0
 2.12272044   0.49312556  0.0
 2.12272044   0.49312556  0.0
 1.98100313   0.52466789  0.0
 1.79693558   0.56433286  0.0
 1.61286481   0.60251357  0.0
 1.42885944   0.63902487  0.0
 1.24499853   0.67367982  0.0
 1.06114213   0.70628605  0.0
 0.87739036   0.73663000  0.0
 0.84100000   0.74214179  0.0
 0.83600000   0.74795613  0.0
;;

