# exterior:
# ---------
-0.75000000   0.79566945  0.0
-0.58517706   0.80317825  0.0
-0.40496127   0.80445537  0.0
-0.22415790   0.79985730  0.0
-0.04279357   0.79017365  0.0
 0.13895384   0.77596505  0.0
 0.32098007   0.75772829  0.0
 0.50340472   0.73591531  0.0
 0.68610821   0.71098625  0.0
 0.75000000   0.70130902  0.0
 0.74500000   0.69700930  0.0
 0.74500000   0.69700931  0.0
 0.68539580   0.70603713  0.0
 0.50276988   0.73095560  0.0
 0.32043398   0.75275797  0.0
 0.13850972   0.77098452  0.0
-0.04312177   0.78518406  0.0
-0.22435479   0.79486069  0.0
-0.40500712   0.79945492  0.0
-0.58504552   0.79817906  0.0
-0.74500000   0.79089205  0.0
-0.74500000   0.79089204  0.0
-0.75000000   0.79566945  0.0
;;

