# exterior:
# ---------
 3.73289035   0.10195255  0.0
 3.59936755   0.09422769  0.0
 3.59934019   0.09422603  0.0
 3.59912134   0.09421217  0.0
 3.59909399   0.09421036  0.0
 3.59843771   0.09416517  0.0
 3.59841037   0.09416321  0.0
 3.59819169   0.09414695  0.0
 3.59816436   0.09414484  0.0
 3.59791956   0.09412528  0.0
 3.59789225   0.09412302  0.0
 3.59767376   0.09410436  0.0
 3.59764645   0.09410196  0.0
 3.59699132   0.09404238  0.0
 3.59696403   0.09403983  0.0
 3.59674576   0.09401877  0.0
 3.59671848   0.09401607  0.0
 3.45465852   0.07952623  0.0
 3.45463165   0.07952341  0.0
 3.45441675   0.07950032  0.0
 3.45438989   0.07949736  0.0
 3.45374557   0.07942460  0.0
 3.45371874   0.07942149  0.0
 3.45350409   0.07939608  0.0
 3.45347727   0.07939283  0.0
 3.45323705   0.07936307  0.0
 3.45321025   0.07935967  0.0
 3.45299589   0.07933194  0.0
 3.45296911   0.07932840  0.0
 3.45232651   0.07924173  0.0
 3.45229975   0.07923805  0.0
 3.45208570   0.07920800  0.0
 3.45205896   0.07920417  0.0
 3.33187500   0.06166968  0.0
 3.33187500   0.06172632  0.0
 3.33676415   0.06743593  0.0
 3.45133712   0.08415179  0.0
 3.45135049   0.08415372  0.0
 3.45137723   0.08415755  0.0
 3.45139061   0.08415945  0.0
 3.45160465   0.08418949  0.0
 3.45161803   0.08419135  0.0
 3.45164479   0.08419504  0.0
 3.45165818   0.08419686  0.0
 3.45230077   0.08428353  0.0
 3.45231416   0.08428532  0.0
 3.45234095   0.08428886  0.0
 3.45235434   0.08429061  0.0
 3.45256870   0.08431834  0.0
 3.45258210   0.08432006  0.0
 3.45260890   0.08432345  0.0
 3.45262231   0.08432513  0.0
 3.45286253   0.08435489  0.0
 3.45287594   0.08435654  0.0
 3.45290276   0.08435979  0.0
 3.45291617   0.08436139  0.0
 3.45313081   0.08438681  0.0
 3.45314423   0.08438838  0.0
 3.45317107   0.08439148  0.0
 3.45318449   0.08439302  0.0
 3.45382881   0.08446578  0.0
 3.45384223   0.08446728  0.0
 3.45386909   0.08447024  0.0
 3.45388252   0.08447170  0.0
 3.45409742   0.08449479  0.0
 3.45411086   0.08449622  0.0
 3.45413773   0.08449903  0.0
 3.45415116   0.08450042  0.0
 3.59621112   0.09899026  0.0
 3.59622476   0.09899163  0.0
 3.59625204   0.09899434  0.0
 3.59626568   0.09899567  0.0
 3.59648395   0.09901673  0.0
 3.59649759   0.09901802  0.0
 3.59652488   0.09902058  0.0
 3.59653853   0.09902184  0.0
 3.59719366   0.09908141  0.0
 3.59720731   0.09908263  0.0
 3.59723462   0.09908504  0.0
 3.59724827   0.09908623  0.0
 3.59746676   0.09910489  0.0
 3.59748042   0.09910603  0.0
 3.59750773   0.09910829  0.0
 3.59752139   0.09910940  0.0
 3.59776619   0.09912896  0.0
 3.59777986   0.09913003  0.0
 3.59780718   0.09913214  0.0
 3.59782085   0.09913317  0.0
 3.59803953   0.09914944  0.0
 3.59805320   0.09915044  0.0
 3.59808054   0.09915239  0.0
 3.59809421   0.09915335  0.0
 3.59875049   0.09919855  0.0
 3.59876417   0.09919947  0.0
 3.59879152   0.09920128  0.0
 3.59880520   0.09920216  0.0
 3.59902404   0.09921603  0.0
 3.59903772   0.09921688  0.0
 3.59906508   0.09921854  0.0
 3.59907876   0.09921935  0.0
 3.73289035   0.10696091  0.0
 3.73289035   0.10195255  0.0
;;

