# exterior:
# ---------
-0.75000000   0.79566945  0.0
-0.58517706   0.80317825  0.0
-0.40496127   0.80445537  0.0
-0.22415790   0.79985730  0.0
-0.04279357   0.79017365  0.0
 0.13895384   0.77596505  0.0
 0.32098007   0.75772829  0.0
 0.50340472   0.73591531  0.0
 0.68610821   0.71098625  0.0
 0.75000000   0.70130902  0.0
 0.75000000  -0.71431157  0.0
 0.57206582  -0.77545101  0.0
 0.38997112  -0.83442347  0.0
 0.20860720  -0.88839742  0.0
 0.02838529  -0.93603088  0.0
-0.15031758  -0.97523692  0.0
-0.32757725  -1.00421525  0.0
-0.50317001  -1.02112931  0.0
-0.67726081  -1.02396334  0.0
-0.75000000  -1.01871314  0.0
-0.75000000   0.79566945  0.0
;;

# interior:
# ---------
-0.74500000   0.79089205  0.0
-0.74500000  -1.01406103  0.0
-0.67712125  -1.01896041  0.0
-0.50345085  -1.01613322  0.0
-0.32822100  -0.99925412  0.0
-0.15125734  -0.97032418  0.0
 0.02721020  -0.93116977  0.0
 0.20725496  -0.88358313  0.0
 0.38848756  -0.82964826  0.0
 0.57048304  -0.77070793  0.0
 0.74500000  -0.71074268  0.0
 0.74500000   0.69700931  0.0
 0.68539580   0.70603713  0.0
 0.50276988   0.73095560  0.0
 0.32043398   0.75275797  0.0
 0.13850972   0.77098452  0.0
-0.04312177   0.78518406  0.0
-0.22435479   0.79486069  0.0
-0.40500712   0.79945492  0.0
-0.58504552   0.79817906  0.0
-0.74500000   0.79089205  0.0
;;

