# exterior:
# ---------
 3.32687500   0.06599313  0.0
 3.30200801   0.06236511  0.0
 3.30078737   0.06217417  0.0
 3.30055991   0.06213618  0.0
 3.29934347   0.06192015  0.0
 3.14281444   0.03245586  0.0
 3.14173366   0.03224213  0.0
 3.14153230   0.03220038  0.0
 3.14045563   0.03196684  0.0
 2.97665745  -0.00514044  0.0
 2.97566609  -0.00537389  0.0
 2.97548142  -0.00541903  0.0
 2.97449416  -0.00566927  0.0
 2.80342683  -0.05057878  0.0
 2.80257519  -0.05080906  0.0
 2.80241654  -0.05085321  0.0
 2.80156838  -0.05109599  0.0
 2.62330113  -0.10354464  0.0
 2.62262612  -0.10374755  0.0
 2.62250035  -0.10378617  0.0
 2.62182777  -0.10399699  0.0
 2.43767597  -0.16291172  0.0
 2.43717170  -0.16307551  0.0
 2.43707771  -0.16310650  0.0
 2.43657491  -0.16327474  0.0
 2.25193850  -0.22596250  0.0
 2.25156193  -0.22609175  0.0
 2.25149172  -0.22611611  0.0
 2.25111602  -0.22624785  0.0
 2.21372044  -0.23950042  0.0
 2.21872044  -0.23242378  0.0
 2.21872044  -0.23242378  0.0
 2.24944586  -0.22153504  0.0
 2.24946150  -0.22152953  0.0
 2.24983720  -0.22139779  0.0
 2.24985287  -0.22139232  0.0
 2.24992308  -0.22136796  0.0
 2.24993876  -0.22136255  0.0
 2.25031532  -0.22123331  0.0
 2.25033102  -0.22122795  0.0
 2.43496743  -0.15854018  0.0
 2.43498836  -0.15853313  0.0
 2.43549117  -0.15836489  0.0
 2.43551213  -0.15835793  0.0
 2.43560613  -0.15832694  0.0
 2.43562712  -0.15832007  0.0
 2.43613139  -0.15815628  0.0
 2.43615242  -0.15814950  0.0
 2.62030422  -0.09923477  0.0
 2.62033222  -0.09922590  0.0
 2.62100479  -0.09901507  0.0
 2.62103284  -0.09900637  0.0
 2.62115862  -0.09896776  0.0
 2.62118672  -0.09895922  0.0
 2.62186173  -0.09875631  0.0
 2.62188988  -0.09874794  0.0
 2.80015713  -0.04629929  0.0
 2.80019243  -0.04628904  0.0
 2.80104059  -0.04604626  0.0
 2.80107597  -0.04603628  0.0
 2.80123462  -0.04599212  0.0
 2.80127007  -0.04598240  0.0
 2.80212171  -0.04575212  0.0
 2.80215723  -0.04574265  0.0
 2.97322456  -0.00083315  0.0
 2.97326565  -0.00082255  0.0
 2.97425290  -0.00057231  0.0
 2.97429408  -0.00056205  0.0
 2.97447876  -0.00051691  0.0
 2.97452002  -0.00050701  0.0
 2.97551138  -0.00027356  0.0
 2.97555273  -0.00026401  0.0
 3.13935091   0.03684327  0.0
 3.13939573   0.03685321  0.0
 3.14047240   0.03708675  0.0
 3.14051731   0.03709628  0.0
 3.14071867   0.03713802  0.0
 3.14076366   0.03714713  0.0
 3.14184444   0.03736087  0.0
 3.14188951   0.03736957  0.0
 3.29841854   0.06683385  0.0
 3.29846918   0.06684312  0.0
 3.29968562   0.06705915  0.0
 3.29973635   0.06706789  0.0
 3.29996381   0.06710588  0.0
 3.30001463   0.06711409  0.0
 3.30123526   0.06730503  0.0
 3.30128616   0.06731273  0.0
 3.32615316   0.07094075  0.0
 3.32665531   0.07098830  0.0
 3.32687500   0.07098687  0.0
 3.32687500   0.06599313  0.0
;;

