# exterior:
# ---------
 3.77061656   0.10254076  0.0
 3.73698135   0.10212648  0.0
 3.73695294   0.10212605  0.0
 3.73672561   0.10212196  0.0
 3.73669719   0.10212137  0.0
 3.73601529   0.10210521  0.0
 3.73598688   0.10210446  0.0
 3.73575962   0.10209778  0.0
 3.73573121   0.10209687  0.0
 3.73547674   0.10208794  0.0
 3.73544834   0.10208687  0.0
 3.73522116   0.10207761  0.0
 3.73519276   0.10207637  0.0
 3.73451141   0.10204472  0.0
 3.73448302   0.10204332  0.0
 3.73425597   0.10203147  0.0
 3.73422759   0.10202991  0.0
 3.73289035   0.10195255  0.0
 3.73289035   0.10696091  0.0
 3.77061656   0.10254076  0.0
;;

