# exterior:
# ---------
-0.74500000   0.79089205  0.0
-0.58504552   0.79817906  0.0
-0.40500712   0.79945492  0.0
-0.22435479   0.79486069  0.0
-0.04312177   0.78518406  0.0
 0.13850972   0.77098452  0.0
 0.32043398   0.75275797  0.0
 0.50276988   0.73095560  0.0
 0.68539580   0.70603713  0.0
 0.74500000   0.69700931  0.0
 0.74500000  -0.71074268  0.0
 0.57048304  -0.77070793  0.0
 0.38848756  -0.82964826  0.0
 0.20725496  -0.88358313  0.0
 0.02721020  -0.93116977  0.0
-0.15125734  -0.97032418  0.0
-0.32822100  -0.99925412  0.0
-0.50345085  -1.01613322  0.0
-0.67712125  -1.01896041  0.0
-0.74500000  -1.01406103  0.0
-0.74500000   0.79089205  0.0
;;

# interior:
# ---------
-0.74000000   0.78611464  0.0
-0.74000000  -1.00940891  0.0
-0.67698170  -1.01395748  0.0
-0.50373170  -1.01113713  0.0
-0.32886475  -0.99429299  0.0
-0.15219711  -0.96541144  0.0
 0.02603510  -0.92630865  0.0
 0.20590272  -0.87876884  0.0
 0.38700400  -0.82487305  0.0
 0.56890026  -0.76596486  0.0
 0.74000000  -0.70717378  0.0
 0.74000000   0.69270959  0.0
 0.68468340   0.70108800  0.0
 0.50213503   0.72599590  0.0
 0.31988789   0.74778765  0.0
 0.13806559   0.76600398  0.0
-0.04344996   0.78019446  0.0
-0.22455168   0.78986408  0.0
-0.40505298   0.79445447  0.0
-0.58491398   0.79317987  0.0
-0.74000000   0.78611464  0.0
;;

