# exterior:
# ---------
-0.83600000  -1.13181537  0.0
-0.86471889  -1.12974248  0.0
-1.04279024  -1.10053574  0.0
-1.21123922  -1.05876537  0.0
-1.36999224  -1.00777511  0.0
-1.51909693  -0.95000568  0.0
-1.65853454  -0.88719657  0.0
-1.78822831  -0.82053245  0.0
-1.90831842  -0.75113861  0.0
-2.01859051  -0.68040832  0.0
-2.11924302  -0.60902587  0.0
-2.21013444  -0.53779766  0.0
-2.29133372  -0.46736281  0.0
-2.36284056  -0.39852022  0.0
-2.42457489  -0.33218513  0.0
-2.47660006  -0.26859039  0.0
-2.51890445  -0.20834618  0.0
-2.55148545  -0.15100363  0.0
-2.57430532  -0.09598998  0.0
-2.58755662  -0.04059409  0.0
-2.58929447  -0.02598278  0.0
-2.59050885  -0.00021085  0.0
-2.58206156   0.06860730  0.0
-2.56416069   0.11708206  0.0
-2.53655770   0.16663078  0.0
-2.49916532   0.21880174  0.0
-2.45206136   0.27302286  0.0
-2.39524841   0.32872710  0.0
-2.32872893   0.38528589  0.0
-2.25243554   0.44218862  0.0
-2.16644011   0.49879652  0.0
-2.07067491   0.55458476  0.0
-1.96528048   0.60892574  0.0
-1.85005022   0.66133202  0.0
-1.72519308   0.71117123  0.0
-1.59064343   0.75785934  0.0
-1.44633453   0.80070968  0.0
-1.29227174   0.83895928  0.0
-1.12860437   0.87151305  0.0
-0.95519498   0.89689206  0.0
-0.83600000   0.90790856  0.0
-0.83600000   0.84765284  0.0
-0.94808469   0.83729350  0.0
-1.11840100   0.81236717  0.0
-1.27918336   0.78038723  0.0
-1.43055818   0.74280499  0.0
-1.57225983   0.70072883  0.0
-1.70422570   0.65493728  0.0
-1.82649565   0.60613080  0.0
-1.93909680   0.55492023  0.0
-2.04180672   0.50196337  0.0
-2.13482047   0.44777800  0.0
-2.21797498   0.39304018  0.0
-2.29132205   0.33833493  0.0
-2.35476151   0.28439496  0.0
-2.40834089   0.23186119  0.0
-2.45203134   0.18156933  0.0
-2.48580268   0.13445056  0.0
-2.50948489   0.09193982  0.0
-2.52335888   0.05436971  0.0
-2.53033583  -0.00246994  0.0
-2.52946168  -0.02102125  0.0
-2.52838951  -0.03003576  0.0
-2.51705953  -0.07739973  0.0
-2.49748553  -0.12458831  0.0
-2.46815371  -0.17621231  0.0
-2.42876424  -0.23230549  0.0
-2.37934780  -0.29271136  0.0
-2.32004047  -0.35643857  0.0
-2.25084189  -0.42305890  0.0
-2.17194824  -0.49149378  0.0
-2.08336324  -0.56091453  0.0
-1.98502077  -0.63065871  0.0
-1.87709499  -0.69988404  0.0
-1.75948658  -0.76784384  0.0
-1.63248148  -0.83312595  0.0
-1.49592099  -0.89463907  0.0
-1.34996252  -0.95118952  0.0
-1.19482582  -1.00101824  0.0
-1.03069459  -1.04171794  0.0
-0.85768913  -1.07009379  0.0
-0.83600000  -1.07165928  0.0
-0.83600000  -1.13181537  0.0
;;

