# exterior:
# ---------
 3.98035650   0.07446683  0.0
 3.86663605   0.07867821  0.0
 3.86589632   0.07869647  0.0
 3.86562011   0.07869989  0.0
 3.86488014   0.07869990  0.0
 3.73728925   0.07712838  0.0
 3.73660736   0.07711222  0.0
 3.73635288   0.07710330  0.0
 3.73567153   0.07707165  0.0
 3.60081149   0.06926943  0.0
 3.60015520   0.06922423  0.0
 3.59991041   0.06920468  0.0
 3.59925527   0.06914510  0.0
 3.45719531   0.05465527  0.0
 3.45655099   0.05458250  0.0
 3.45631077   0.05455274  0.0
 3.45566818   0.05446607  0.0
 3.32687500   0.03567552  0.0
 3.32687500   0.05588726  0.0
 3.45278080   0.07425655  0.0
 3.45299484   0.07428660  0.0
 3.45363744   0.07437327  0.0
 3.45385179   0.07440100  0.0
 3.45409202   0.07443076  0.0
 3.45430666   0.07445618  0.0
 3.45495098   0.07452894  0.0
 3.45516588   0.07455203  0.0
 3.59722584   0.08904187  0.0
 3.59744411   0.08906293  0.0
 3.59809924   0.08912250  0.0
 3.59831773   0.08914116  0.0
 3.59856253   0.08916072  0.0
 3.59878121   0.08917698  0.0
 3.59943749   0.08922217  0.0
 3.59965634   0.08923604  0.0
 3.73451638   0.09703826  0.0
 3.73474343   0.09705010  0.0
 3.73542479   0.09708175  0.0
 3.73565197   0.09709101  0.0
 3.73590644   0.09709994  0.0
 3.73613371   0.09710661  0.0
 3.73681560   0.09712277  0.0
 3.73704293   0.09712686  0.0
 3.80864073   0.09800872  0.0
 3.78872885   0.10310065  0.0
 3.65754148   0.13640951  0.0
 3.51913821   0.17140477  0.0
 3.37353965   0.20804662  0.0
 3.32687500   0.21973285  0.0
 3.32687500   0.24035046  0.0
 3.37840947   0.22744468  0.0
 3.52403010   0.19079729  0.0
 3.66245378   0.15579686  0.0
 3.79366730   0.12248136  0.0
 3.91755826   0.09079958  0.0
 3.98035650   0.07446683  0.0
;;

