# exterior:
# ---------
 3.73289035   0.04686058  0.0
 3.60254422   0.03931951  0.0
 3.60229942   0.03929995  0.0
 3.46023946   0.02481011  0.0
 3.45999924   0.02478035  0.0
 3.32687500   0.00535791  0.0
 3.32687500   0.03567552  0.0
 3.45566818   0.05446607  0.0
 3.45631077   0.05455274  0.0
 3.45655099   0.05458250  0.0
 3.45719531   0.05465527  0.0
 3.59925527   0.06914510  0.0
 3.59991041   0.06920468  0.0
 3.60015520   0.06922423  0.0
 3.60081149   0.06926943  0.0
 3.73289035   0.07691074  0.0
 3.73289035   0.04686058  0.0
;;

