# exterior:
# ---------
 4.32127500  -0.00979664  0.0
 4.30473997  -0.00551698  0.0
 4.30456890  -0.00547556  0.0
 4.20591615   0.01677496  0.0
 4.20555666   0.01684378  0.0
 4.09970399   0.03354205  0.0
 4.09935548   0.03358588  0.0
 3.98623366   0.04421961  0.0
 3.98591680   0.04424035  0.0
 3.86552583   0.04869876  0.0
 3.86524962   0.04870217  0.0
 3.73765873   0.04713065  0.0
 3.73740426   0.04712173  0.0
 3.60254422   0.03931951  0.0
 3.60229942   0.03929995  0.0
 3.46023946   0.02481011  0.0
 3.45999924   0.02478035  0.0
 3.32687500   0.00535791  0.0
 3.32687500   0.03567552  0.0
 3.45566818   0.05446607  0.0
 3.45631077   0.05455274  0.0
 3.45655099   0.05458250  0.0
 3.45719531   0.05465527  0.0
 3.59925527   0.06914510  0.0
 3.59991041   0.06920468  0.0
 3.60015520   0.06922423  0.0
 3.60081149   0.06926943  0.0
 3.73567153   0.07707165  0.0
 3.73635288   0.07710330  0.0
 3.73660736   0.07711222  0.0
 3.73728925   0.07712838  0.0
 3.86488014   0.07869990  0.0
 3.86562011   0.07869989  0.0
 3.86589632   0.07869647  0.0
 3.86663605   0.07867821  0.0
 3.98035650   0.07446683  0.0
 3.91755826   0.09079958  0.0
 3.79366730   0.12248136  0.0
 3.66245378   0.15579686  0.0
 3.52403010   0.19079729  0.0
 3.37840947   0.22744468  0.0
 3.32687500   0.24035046  0.0
 3.32687500   0.27127689  0.0
 3.38571420   0.25654178  0.0
 3.53136794   0.21988605  0.0
 3.66982223   0.18487789  0.0
 3.80107498   0.15155243  0.0
 3.92505019   0.11984911  0.0
 4.04174000   0.08950007  0.0
 4.15121753   0.06012383  0.0
 4.25343770   0.03174164  0.0
 4.27786678   0.02486966  0.0
 4.27787300   0.02486792  0.0
 4.30182658   0.01815953  0.0
 4.30184160   0.01815535  0.0
 4.32127500   0.01277115  0.0
 4.32127500  -0.00979664  0.0
;;

