# exterior:
# ---------
 1.56274000   0.05381688  0.0
 1.62364337   0.03777636  0.0
 1.62520689   0.03734252  0.0
 1.62523221   0.03733608  0.0
 1.76440000   0.00517086  0.0
 1.76440000   0.00300000  0.0
 1.71759422   0.01085706  0.0
 1.71759422   0.01085706  0.0
 1.71759422   0.01085706  0.0
 1.62410626   0.03246451  0.0
 1.62400050   0.03249017  0.0
 1.62397519   0.03249660  0.0
 1.62387002   0.03252455  0.0
 1.62233815   0.03294961  0.0
 1.56274000   0.04864637  0.0
 1.56274000   0.05381688  0.0
;;

