# exterior:
# ---------
 1.49034447   0.01389071  0.0
 1.48258943   0.01375410  0.0
 1.48256654   0.01375326  0.0
 1.47933024   0.01357252  0.0
 1.47931869   0.01357177  0.0
 1.34135499   0.00319357  0.0
 1.34134427   0.00319266  0.0
 1.33680328   0.00276906  0.0
 1.33679226   0.00276793  0.0
 1.20013325  -0.01252968  0.0
 1.20012685  -0.01253043  0.0
 1.19474713  -0.01319124  0.0
 1.19473954  -0.01319222  0.0
 1.05891926  -0.03163577  0.0
 1.05891342  -0.03163659  0.0
 1.05320047  -0.03246967  0.0
 1.05319855  -0.03246996  0.0
 0.91771150  -0.05267568  0.0
 0.91770959  -0.05267596  0.0
 0.91218867  -0.05351752  0.0
 0.91218774  -0.05351766  0.0
 0.83600000  -0.06525227  0.0
 0.83600000  -0.06019331  0.0
 0.91143045  -0.04857534  0.0
 0.91143522  -0.04857461  0.0
 0.91695614  -0.04773306  0.0
 0.91696411  -0.04773185  0.0
 0.91696602  -0.04773156  0.0
 0.91697398  -0.04773037  0.0
 1.05246103  -0.02752465  0.0
 1.05246905  -0.02752346  0.0
 1.05247097  -0.02752317  0.0
 1.05247899  -0.02752200  0.0
 1.05819194  -0.02668892  0.0
 1.05821627  -0.02668543  0.0
 1.05822212  -0.02668461  0.0
 1.05824647  -0.02668124  0.0
 1.19406675  -0.00823770  0.0
 1.19409834  -0.00823351  0.0
 1.19410592  -0.00823253  0.0
 1.19413754  -0.00822854  0.0
 1.19951726  -0.00756773  0.0
 1.19954393  -0.00756452  0.0
 1.19955034  -0.00756377  0.0
 1.19957703  -0.00756071  0.0
 1.33623604   0.00773690  0.0
 1.33628193   0.00774182  0.0
 1.33629294   0.00774295  0.0
 1.33633888   0.00774745  0.0
 1.34087987   0.00817105  0.0
 1.34092452   0.00817501  0.0
 1.34093524   0.00817592  0.0
 1.34097993   0.00817948  0.0
 1.47894363   0.01855768  0.0
 1.47899174   0.01856106  0.0
 1.47900330   0.01856182  0.0
 1.47905144   0.01856474  0.0
 1.48228775   0.01874548  0.0
 1.48238308   0.01874989  0.0
 1.48240597   0.01875073  0.0
 1.48250137   0.01875332  0.0
 1.49034447   0.01889148  0.0
 1.49034447   0.01389071  0.0
;;

