# exterior:
# ---------
 1.76440000   0.00066974  0.0
 1.62386571   0.01615381  0.0
 1.62382161   0.01615703  0.0
 1.62225429   0.01621351  0.0
 1.62222211   0.01621380  0.0
 1.56274000   0.01516599  0.0
 1.56274000   0.02016677  0.0
 1.62213405   0.02121303  0.0
 1.62226813   0.02121359  0.0
 1.62230030   0.02121330  0.0
 1.62243435   0.02121026  0.0
 1.62400167   0.02115378  0.0
 1.62418568   0.02114375  0.0
 1.62422978   0.02114053  0.0
 1.62441330   0.02112373  0.0
 1.71759422   0.01085706  0.0
 1.71759422   0.01085706  0.0
 1.76440000   0.00300000  0.0
 1.76440000   0.00066974  0.0
;;

