# exterior:
# ---------
-0.75000000   0.22083727  0.0
-0.65141808   0.25187850  0.0
-0.63525186   0.25628670  0.0
-0.50859450   0.28630137  0.0
-0.49408789   0.28926869  0.0
-0.36531877   0.31191708  0.0
-0.35292004   0.31373628  0.0
-0.22176794   0.32976639  0.0
-0.21174909   0.33075051  0.0
-0.07806248   0.34039051  0.0
-0.07058210   0.34073143  0.0
 0.06571070   0.34265713  0.0
 0.07058023   0.34257273  0.0
 0.20942827   0.33582417  0.0
 0.21174923   0.33565579  0.0
 0.35293033   0.32191887  0.0
 0.49411488   0.30263870  0.0
 0.49611876   0.30233798  0.0
 0.63529548   0.27870558  0.0
 0.63892475   0.27803777  0.0
 0.75000000   0.25604710  0.0
 0.75000000   0.25095005  0.0
 0.63798676   0.27312643  0.0
 0.63442451   0.27378191  0.0
 0.49532915   0.29740049  0.0
 0.49340557   0.29768916  0.0
 0.35234975   0.31695174  0.0
 0.21132616   0.33067334  0.0
 0.20912596   0.33083297  0.0
 0.07041550   0.33757484  0.0
 0.06570269   0.33765651  0.0
-0.07043293   0.33573303  0.0
-0.07776880   0.33539871  0.0
-0.21132482   0.32576812  0.0
-0.22122016   0.32479613  0.0
-0.35225371   0.30878051  0.0
-0.36452262   0.30698036  0.0
-0.49315365   0.28435626  0.0
-0.50751677   0.28141829  0.0
-0.63401735   0.25144078  0.0
-0.65000901   0.24708018  0.0
-0.75000000   0.21559526  0.0
-0.75000000   0.22083727  0.0
;;

