# exterior:
# ---------
 0.75000000  -0.06837470  0.0
 0.63383019  -0.08612023  0.0
 0.63023237  -0.08664817  0.0
 0.49273913  -0.10659248  0.0
 0.49079815  -0.10685110  0.0
 0.35173264  -0.12506699  0.0
 0.21302729  -0.14030757  0.0
 0.21085662  -0.14052543  0.0
 0.07477773  -0.15118756  0.0
 0.07013099  -0.15144795  0.0
-0.06333261  -0.15579196  0.0
-0.07062389  -0.15587160  0.0
-0.20161748  -0.15503116  0.0
-0.21149804  -0.15481703  0.0
-0.34013125  -0.15027295  0.0
-0.35238638  -0.14965406  0.0
-0.47890254  -0.14137045  0.0
-0.49325337  -0.14020966  0.0
-0.61807635  -0.12792136  0.0
-0.63404754  -0.12604895  0.0
-0.75000000  -0.10980811  0.0
-0.74500000  -0.10545963  0.0
-0.63340958  -0.12108950  0.0
-0.61754028  -0.12294996  0.0
-0.49280685  -0.13522945  0.0
-0.47853763  -0.13638364  0.0
-0.35209694  -0.14466231  0.0
-0.33991689  -0.14527741  0.0
-0.21135561  -0.14981894  0.0
-0.20154727  -0.15003151  0.0
-0.07063515  -0.15087143  0.0
-0.06344125  -0.15079285  0.0
 0.06990976  -0.14645250  0.0
 0.07444253  -0.14619850  0.0
 0.21041164  -0.13554497  0.0
 0.21250458  -0.13533492  0.0
 0.35113483  -0.12010259  0.0
 0.49014327  -0.10189417  0.0
 0.49205004  -0.10164011  0.0
 0.62951053  -0.08170055  0.0
 0.63308971  -0.08117534  0.0
 0.74500000  -0.06408048  0.0
 0.75000000  -0.06837470  0.0
;;

