# exterior:
# ---------
-0.83600000  -0.09445543  0.0
-0.84493006  -0.09263044  0.0
-0.89874587  -0.08002981  0.0
-0.91478264  -0.07568216  0.0
-0.97024435  -0.05777027  0.0
-0.98422134  -0.05236208  0.0
-1.00606091  -0.04206224  0.0
-1.01786046  -0.03491068  0.0
-1.02030206  -0.03316375  0.0
-1.02805760  -0.02688294  0.0
-1.03038221  -0.02474819  0.0
-1.03630084  -0.01851232  0.0
-1.04812465   0.00231414  0.0
-1.04444859   0.04007970  0.0
-1.03998073   0.04778439  0.0
-1.03643506   0.05280494  0.0
-1.02977358   0.06096392  0.0
-1.02863228   0.06222965  0.0
-1.01655727   0.07428033  0.0
-0.99648565   0.09092997  0.0
-0.98244721   0.10123496  0.0
-0.92892708   0.13467248  0.0
-0.91299342   0.14327359  0.0
-0.85989315   0.16866097  0.0
-0.84315037   0.17588074  0.0
-0.83600000   0.17871009  0.0
-0.84100000   0.17123595  0.0
-0.84100000   0.17135442  0.0
-0.84124016   0.17125939  0.0
-0.85782410   0.16410811  0.0
-0.91072617   0.13881550  0.0
-0.92641236   0.13034797  0.0
-0.97963929   0.09709363  0.0
-0.99340748   0.08698703  0.0
-1.01318806   0.07057881  0.0
-1.02500711   0.05878356  0.0
-1.02597811   0.05770671  0.0
-1.03245160   0.04977797  0.0
-1.03576756   0.04508270  0.0
-1.03957750   0.03851255  0.0
-1.04299476   0.00340571  0.0
-1.03225407  -0.01551295  0.0
-1.02687382  -0.02118158  0.0
-1.02479010  -0.02309512  0.0
-1.01727128  -0.02918423  0.0
-1.01510596  -0.03073348  0.0
-1.00369230  -0.03765116  0.0
-0.98225028  -0.04776351  0.0
-0.96857252  -0.05305591  0.0
-0.91335936  -0.07088753  0.0
-0.89752140  -0.07518128  0.0
-0.84385933  -0.08774591  0.0
-0.84100000  -0.08833026  0.0
-0.84100000  -0.08828244  0.0
-0.83600000  -0.09445543  0.0
;;

