# exterior:
# ---------
 0.74500000  -0.06408048  0.0
 0.63308971  -0.08117534  0.0
 0.62951053  -0.08170055  0.0
 0.49205004  -0.10164011  0.0
 0.49014327  -0.10189417  0.0
 0.35113483  -0.12010259  0.0
 0.21250458  -0.13533492  0.0
 0.21041164  -0.13554497  0.0
 0.07444253  -0.14619850  0.0
 0.06990976  -0.14645250  0.0
-0.06344125  -0.15079285  0.0
-0.07063515  -0.15087143  0.0
-0.20154727  -0.15003151  0.0
-0.21135561  -0.14981894  0.0
-0.33991689  -0.14527741  0.0
-0.35209694  -0.14466231  0.0
-0.47853763  -0.13638364  0.0
-0.49280685  -0.13522945  0.0
-0.61754028  -0.12294996  0.0
-0.63340958  -0.12108950  0.0
-0.74500000  -0.10545963  0.0
-0.74000000  -0.10111115  0.0
-0.63277163  -0.11613005  0.0
-0.61700420  -0.11797857  0.0
-0.49236033  -0.13024924  0.0
-0.47817271  -0.13139683  0.0
-0.35180749  -0.13967055  0.0
-0.33970252  -0.14028186  0.0
-0.21121318  -0.14482086  0.0
-0.20147706  -0.14503186  0.0
-0.07064642  -0.14587125  0.0
-0.06354990  -0.14579374  0.0
 0.06968853  -0.14145705  0.0
 0.07410733  -0.14120944  0.0
 0.20996665  -0.13056451  0.0
 0.21198186  -0.13036226  0.0
 0.35053702  -0.11513818  0.0
 0.48948839  -0.09693724  0.0
 0.49136095  -0.09668774  0.0
 0.62878868  -0.07675293  0.0
 0.63234924  -0.07623046  0.0
 0.74000000  -0.05978626  0.0
 0.74500000  -0.06408048  0.0
;;

