# exterior:
# ---------
 0.83600000   0.21818945  0.0
 0.91345700   0.20101492  0.0
 0.91880162   0.19977103  0.0
 1.05435967   0.16707571  0.0
 1.05994644   0.16570042  0.0
 1.19531613   0.13114485  0.0
 1.20062767   0.12976748  0.0
 1.33640924   0.09406535  0.0
 1.34092883   0.09287362  0.0
 1.47755062   0.05662051  0.0
 1.48076453   0.05575954  0.0
 1.48077470   0.05575682  0.0
 1.48078285   0.05575465  0.0
 1.48079303   0.05575194  0.0
 1.48081584   0.05574588  0.0
 1.48082602   0.05574318  0.0
 1.48083417   0.05574102  0.0
 1.48084436   0.05573834  0.0
 1.49034447   0.05323623  0.0
 1.49034447   0.04806572  0.0
 1.47957090   0.05090322  0.0
 1.47955817   0.05090658  0.0
 1.47954747   0.05090941  0.0
 1.47953474   0.05091279  0.0
 1.47950939   0.05091952  0.0
 1.47949666   0.05092291  0.0
 1.47948597   0.05092576  0.0
 1.47947325   0.05092916  0.0
 1.47626252   0.05178928  0.0
 1.33965022   0.08803986  0.0
 1.33513609   0.08923016  0.0
 1.19936440   0.12492969  0.0
 1.19407025   0.12630255  0.0
 1.05873049   0.16085048  0.0
 1.05317592   0.16221785  0.0
 0.91764874   0.19490572  0.0
 0.91234910   0.19613914  0.0
 0.84100000   0.21195937  0.0
 0.83600000   0.21818945  0.0
;;

