# exterior:
# ---------
-0.74500000   0.20668562  0.0
-0.64719087   0.23748352  0.0
-0.63154834   0.24174892  0.0
-0.50536131   0.27165213  0.0
-0.49128517   0.27453140  0.0
-0.36293032   0.29710692  0.0
-0.35092106   0.29886897  0.0
-0.22012462   0.31485561  0.0
-0.21047628   0.31580334  0.0
-0.07718145   0.32541509  0.0
-0.07013458   0.32573625  0.0
 0.06568668   0.32765529  0.0
 0.07008605   0.32757904  0.0
 0.20852134   0.32085055  0.0
 0.21048001   0.32070844  0.0
 0.35118858   0.30701750  0.0
 0.49198695   0.28779008  0.0
 0.49374994   0.28752550  0.0
 0.63268256   0.26393455  0.0
 0.63611079   0.26330374  0.0
 0.74500000   0.24174586  0.0
 0.74000000   0.23763871  0.0
 0.63517280   0.25839239  0.0
 0.63181159   0.25901088  0.0
 0.49296033   0.28258801  0.0
 0.49127763   0.28284053  0.0
 0.35060799   0.30205038  0.0
 0.21005694   0.31572600  0.0
 0.20821902   0.31585934  0.0
 0.06992132   0.32258115  0.0
 0.06567868   0.32265468  0.0
-0.06998540   0.32073786  0.0
-0.07688778   0.32042329  0.0
-0.21005202   0.31082095  0.0
-0.21957684   0.30988536  0.0
-0.35025473   0.29391321  0.0
-0.36213418   0.29217020  0.0
-0.49035092   0.26961897  0.0
-0.50428358   0.26676905  0.0
-0.63031383   0.23690299  0.0
-0.64578180   0.23268519  0.0
-0.74000000   0.20301799  0.0
-0.74500000   0.20668562  0.0
;;

