# exterior:
# ---------
-0.83600000  -0.09955877  0.0
-0.84600079  -0.09751496  0.0
-0.89997033  -0.08487834  0.0
-0.91620593  -0.08047679  0.0
-0.97191618  -0.06248462  0.0
-0.98619241  -0.05696065  0.0
-1.00842952  -0.04647333  0.0
-1.02061496  -0.03908788  0.0
-1.02333285  -0.03714328  0.0
-1.03132510  -0.03067075  0.0
-1.03389060  -0.02831479  0.0
-1.04034761  -0.02151168  0.0
-1.05325453   0.00122256  0.0
-1.04931968   0.04164685  0.0
-1.04419391   0.05048608  0.0
-1.04041852   0.05583190  0.0
-1.03356906   0.06422112  0.0
-1.03225745   0.06567574  0.0
-1.01992648   0.07798186  0.0
-0.99956382   0.09487292  0.0
-0.98525513   0.10537628  0.0
-0.93144179   0.13899699  0.0
-0.91526068   0.14773168  0.0
-0.86196221   0.17321382  0.0
-0.84506057   0.18050209  0.0
-0.83600000   0.18408729  0.0
-0.83600000   0.17871009  0.0
-0.84315037   0.17588074  0.0
-0.85989315   0.16866097  0.0
-0.91299342   0.14327359  0.0
-0.92892708   0.13467248  0.0
-0.98244721   0.10123496  0.0
-0.99648565   0.09092997  0.0
-1.01655727   0.07428033  0.0
-1.02863228   0.06222965  0.0
-1.02977358   0.06096392  0.0
-1.03643506   0.05280494  0.0
-1.03998073   0.04778439  0.0
-1.04444859   0.04007970  0.0
-1.04812465   0.00231414  0.0
-1.03630084  -0.01851232  0.0
-1.03038221  -0.02474819  0.0
-1.02805760  -0.02688294  0.0
-1.02030206  -0.03316375  0.0
-1.01786046  -0.03491068  0.0
-1.00606091  -0.04206224  0.0
-0.98422134  -0.05236208  0.0
-0.97024435  -0.05777027  0.0
-0.91478264  -0.07568216  0.0
-0.89874587  -0.08002981  0.0
-0.84493006  -0.09263044  0.0
-0.83600000  -0.09445543  0.0
-0.83600000  -0.09955877  0.0
;;

