# exterior:
# ---------
 0.75000000  -0.07343270  0.0
 0.63457067  -0.09106512  0.0
 0.63095422  -0.09159579  0.0
 0.49342822  -0.11154485  0.0
 0.49145302  -0.11180803  0.0
 0.35233045  -0.13003140  0.0
 0.21355001  -0.14528023  0.0
 0.21130161  -0.14550589  0.0
 0.07511292  -0.15617662  0.0
 0.07035222  -0.15644340  0.0
-0.06322396  -0.16079108  0.0
-0.07061262  -0.16087178  0.0
-0.20168769  -0.16003081  0.0
-0.21164047  -0.15981512  0.0
-0.34034561  -0.15526850  0.0
-0.35267582  -0.15464582  0.0
-0.47926746  -0.14635727  0.0
-0.49369989  -0.14518987  0.0
-0.61861243  -0.13289276  0.0
-0.63468549  -0.13100841  0.0
-0.75000000  -0.11485692  0.0
-0.75000000  -0.10980811  0.0
-0.63404754  -0.12604895  0.0
-0.61807635  -0.12792136  0.0
-0.49325337  -0.14020966  0.0
-0.47890254  -0.14137045  0.0
-0.35238638  -0.14965406  0.0
-0.34013125  -0.15027295  0.0
-0.21149804  -0.15481703  0.0
-0.20161748  -0.15503116  0.0
-0.07062389  -0.15587160  0.0
-0.06333261  -0.15579196  0.0
 0.07013099  -0.15144795  0.0
 0.07477773  -0.15118756  0.0
 0.21085662  -0.14052543  0.0
 0.21302729  -0.14030757  0.0
 0.35173264  -0.12506699  0.0
 0.49079815  -0.10685110  0.0
 0.49273913  -0.10659248  0.0
 0.63023237  -0.08664817  0.0
 0.63383019  -0.08612023  0.0
 0.75000000  -0.06837470  0.0
 0.75000000  -0.07343270  0.0
;;

