# exterior:
# ---------
 1.71759422   0.01085706  0.0
 1.62441330   0.02112373  0.0
 1.62400167   0.02115378  0.0
 1.62243435   0.02121026  0.0
 1.62213405   0.02121303  0.0
 1.56274000   0.02016677  0.0
 1.56274000   0.02416739  0.0
 1.62206360   0.02521241  0.0
 1.62217086   0.02521286  0.0
 1.62247116   0.02521009  0.0
 1.62257840   0.02520767  0.0
 1.62414572   0.02515119  0.0
 1.62429293   0.02514317  0.0
 1.62470455   0.02511311  0.0
 1.62485137   0.02509967  0.0
 1.65037671   0.02228729  0.0
 1.71759422   0.01085706  0.0
;;

