# exterior:
# ---------
 1.49034447   0.02289210  0.0
 1.48243092   0.02275270  0.0
 1.48235460   0.02275063  0.0
 1.48214098   0.02274279  0.0
 1.48206471   0.02273926  0.0
 1.47882840   0.02255852  0.0
 1.47878989   0.02255618  0.0
 1.47868207   0.02254912  0.0
 1.47864358   0.02254641  0.0
 1.34067988   0.01216821  0.0
 1.34064413   0.01216536  0.0
 1.34054407   0.01215693  0.0
 1.34050835   0.01215376  0.0
 1.33596736   0.01173016  0.0
 1.33593061   0.01172656  0.0
 1.33582777   0.01171601  0.0
 1.33579105   0.01171207  0.0
 1.19913205  -0.00358554  0.0
 1.19911069  -0.00358799  0.0
 1.19905092  -0.00359500  0.0
 1.19902958  -0.00359757  0.0
 1.19364986  -0.00425838  0.0
 1.19362457  -0.00426157  0.0
 1.19355379  -0.00427072  0.0
 1.19352852  -0.00427407  0.0
 1.05770824  -0.02271762  0.0
 1.05768875  -0.02272031  0.0
 1.05763422  -0.02272799  0.0
 1.05761475  -0.02273078  0.0
 1.05190180  -0.02356386  0.0
 1.05189539  -0.02356480  0.0
 1.05187743  -0.02356745  0.0
 1.05187102  -0.02356840  0.0
 0.91638397  -0.04377412  0.0
 0.91637760  -0.04377508  0.0
 0.91635976  -0.04377777  0.0
 0.91635338  -0.04377873  0.0
 0.91083246  -0.04462028  0.0
 0.91082077  -0.04462207  0.0
 0.83600000  -0.05614614  0.0
 0.83600000  -0.04602822  0.0
 0.90930720  -0.03473728  0.0
 0.90932557  -0.03473447  0.0
 0.91485446  -0.03389171  0.0
 0.91486880  -0.03388954  0.0
 0.91489461  -0.03388565  0.0
 0.91490895  -0.03388350  0.0
 1.05040401  -0.01367659  0.0
 1.05041843  -0.01367446  0.0
 1.05044440  -0.01367063  0.0
 1.05045883  -0.01366852  0.0
 1.05617178  -0.01283544  0.0
 1.05619611  -0.01283192  0.0
 1.05621558  -0.01282913  0.0
 1.05623992  -0.01282567  0.0
 1.05629446  -0.01281799  0.0
 1.05631881  -0.01281459  0.0
 1.05633829  -0.01281190  0.0
 1.05636265  -0.01280856  0.0
 1.19218293   0.00563498  0.0
 1.19221451   0.00563922  0.0
 1.19223978   0.00564257  0.0
 1.19227137   0.00564671  0.0
 1.19234216   0.00565586  0.0
 1.19237377   0.00565989  0.0
 1.19239906   0.00566308  0.0
 1.19243068   0.00566702  0.0
 1.19781040   0.00632783  0.0
 1.19783707   0.00633107  0.0
 1.19785841   0.00633364  0.0
 1.19788509   0.00633681  0.0
 1.19794486   0.00634382  0.0
 1.19797155   0.00634692  0.0
 1.19799290   0.00634937  0.0
 1.19801959   0.00635239  0.0
 1.33467860   0.02165000  0.0
 1.33472448   0.02165503  0.0
 1.33476119   0.02165897  0.0
 1.33480710   0.02166378  0.0
 1.33490994   0.02167433  0.0
 1.33495586   0.02167894  0.0
 1.33499261   0.02168254  0.0
 1.33503855   0.02168693  0.0
 1.33957955   0.02211053  0.0
 1.33962419   0.02211459  0.0
 1.33965991   0.02211777  0.0
 1.33970458   0.02212163  0.0
 1.33980464   0.02213006  0.0
 1.33984932   0.02213372  0.0
 1.33988507   0.02213657  0.0
 1.33992976   0.02214004  0.0
 1.47789346   0.03251824  0.0
 1.47794157   0.03252174  0.0
 1.47798006   0.03252445  0.0
 1.47802818   0.03252772  0.0
 1.47813600   0.03253478  0.0
 1.47818414   0.03253782  0.0
 1.47822266   0.03254016  0.0
 1.47827081   0.03254296  0.0
 1.48150711   0.03272370  0.0
 1.48160243   0.03272857  0.0
 1.48167869   0.03273210  0.0
 1.48177405   0.03273605  0.0
 1.48198767   0.03274390  0.0
 1.48208306   0.03274694  0.0
 1.48215938   0.03274902  0.0
 1.48225479   0.03275115  0.0
 1.49034447   0.03289366  0.0
 1.49034447   0.02289210  0.0
;;

