# exterior:
# ---------
 1.48437500   0.00000000  0.0
 1.36562500   0.01308388  0.0
 1.36430688   0.01313138  0.0
 1.24687500   0.01106275  0.0
 1.24415325   0.01091075  0.0
 1.12812500   0.00218263  0.0
 1.12430600   0.00182638  0.0
 1.00937500  -0.01103900  0.0
 1.00485062  -0.01159475  0.0
 0.89062500  -0.02710587  0.0
 0.88582037  -0.02780650  0.0
 0.77187500  -0.04479963  0.0
 0.76723188  -0.04550738  0.0
 0.65312500  -0.06308237  0.0
 0.64907088  -0.06372363  0.0
 0.53437500  -0.08124400  0.0
 0.53131600  -0.08169287  0.0
 0.41562500  -0.09847462  0.0
 0.41393163  -0.09870025  0.0
 0.29687500  -0.11403325  0.0
 0.18008912  -0.12686538  0.0
 0.17812500  -0.12706250  0.0
 0.06348613  -0.13604475  0.0
 0.05937500  -0.13627512  0.0
-0.05306937  -0.13993500  0.0
-0.05937500  -0.14000387  0.0
-0.16968662  -0.13929612  0.0
-0.17812500  -0.13911325  0.0
-0.28643450  -0.13528713  0.0
-0.29687500  -0.13475988  0.0
-0.40341038  -0.12778450  0.0
-0.41562500  -0.12679650  0.0
-0.52076150  -0.11644625  0.0
-0.53437500  -0.11485025  0.0
-0.63874200  -0.10023212  0.0
-0.65312500  -0.09782863  0.0
-0.69813600  -0.08954700  0.0
-0.71250000  -0.08661150  0.0
-0.75803350  -0.07595013  0.0
-0.77187500  -0.07219763  0.0
-0.81896175  -0.05699050  0.0
-0.83125000  -0.05223575  0.0
-0.85032600  -0.04323925  0.0
-0.86093750  -0.03680775  0.0
-0.86348350  -0.03498612  0.0
-0.87042800  -0.02936213  0.0
-0.87281250  -0.02717237  0.0
-0.87875000  -0.02091663  0.0
-0.89062500   0.00000000  0.0
-0.88707200   0.03650138  0.0
-0.88214150   0.04500387  0.0
-0.87875000   0.04980612  0.0
-0.87281250   0.05707838  0.0
-0.87154900   0.05847963  0.0
-0.86093750   0.06906975  0.0
-0.84353825   0.08350263  0.0
-0.83125000   0.09252287  0.0
-0.78571650   0.12097062  0.0
-0.77187500   0.12844237  0.0
-0.72686400   0.14996225  0.0
-0.71250000   0.15615625  0.0
-0.66750800   0.17395925  0.0
-0.65312500   0.17921037  0.0
-0.54798850   0.21231550  0.0
-0.53437500   0.21602763  0.0
-0.42783963   0.24127387  0.0
-0.41562500   0.24377237  0.0
-0.30731550   0.26282225  0.0
-0.29687500   0.26435412  0.0
-0.18656337   0.27783700  0.0
-0.17812500   0.27866588  0.0
-0.06568062   0.28677412  0.0
-0.05937500   0.28706150  0.0
 0.05526387   0.28868125  0.0
 0.05937500   0.28861000  0.0
 0.17616087   0.28293375  0.0
 0.17812500   0.28279125  0.0
 0.29687500   0.27123687  0.0
 0.41562500   0.25502038  0.0
 0.41731838   0.25476625  0.0
 0.53437500   0.23488987  0.0
 0.53743400   0.23432700  0.0
 0.65312500   0.21142250  0.0
 0.65717913   0.21056037  0.0
 0.77187500   0.18512887  0.0
 0.77651812   0.18404825  0.0
 0.89062500   0.15652675  0.0
 0.89542963   0.15534400  0.0
 1.00937500   0.12625738  0.0
 1.01389938   0.12508412  0.0
 1.12812500   0.09504988  0.0
 1.13194400   0.09404287  0.0
 1.24687500   0.06354550  0.0
 1.24959675   0.06281638  0.0
 1.36562500   0.03225725  0.0
 1.36694313   0.03189150  0.0
 1.48437500   0.00475000  0.0
 1.48437500   0.00000000  0.0
;;

# interior:
# ---------
 1.48377500   0.00066974  0.0
 1.48377500   0.00427286  0.0
 1.36680801   0.03130691  0.0
 1.36678270   0.03131334  0.0
 1.36546837   0.03167804  0.0
 1.24944394   0.06223616  0.0
 1.24944149   0.06223681  0.0
 1.24672043   0.06296575  0.0
 1.13179057   0.09346282  0.0
 1.12797222   0.09446965  0.0
 1.01374778   0.12450359  0.0
 1.00922549   0.12567630  0.0
 0.89528371   0.15476201  0.0
 0.89048295   0.15594381  0.0
 0.77637978   0.18346441  0.0
 0.77174205   0.18454378  0.0
 0.65705178   0.20997404  0.0
 0.65300433   0.21083474  0.0
 0.53732144   0.23373764  0.0
 0.53427048   0.23429903  0.0
 0.41722362   0.25417375  0.0
 0.41553988   0.25442643  0.0
 0.29680533   0.27064082  0.0
 0.17807423   0.28219336  0.0
 0.17612460   0.28233480  0.0
 0.05935523   0.28801025  0.0
 0.05526291   0.28808118  0.0
-0.05935710   0.28646169  0.0
-0.06564538   0.28617511  0.0
-0.17807409   0.27806799  0.0
-0.18649764   0.27724057  0.0
-0.29679504   0.26375943  0.0
-0.30721996   0.26222984  0.0
-0.41551289   0.24318288  0.0
-0.42771030   0.24068791  0.0
-0.53422686   0.21544611  0.0
-0.54781941   0.21173970  0.0
-0.65293191   0.17864213  0.0
-0.66729470   0.17339839  0.0
-0.71227078   0.15560169  0.0
-0.72661571   0.14941591  0.0
-0.77160293   0.12790740  0.0
-0.78541473   0.12045168  0.0
-0.83091305   0.09202592  0.0
-0.84316887   0.08302947  0.0
-0.86053319   0.06862557  0.0
-0.87111398   0.05806609  0.0
-0.87235704   0.05668751  0.0
-0.87827198   0.04944289  0.0
-0.88163592   0.04467967  0.0
-0.88648747   0.03631332  0.0
-0.89000941   0.00013099  0.0
-0.87826439  -0.02055670  0.0
-0.87239149  -0.02674438  0.0
-0.87003590  -0.02890759  0.0
-0.86311981  -0.03450858  0.0
-0.86060696  -0.03630649  0.0
-0.85004177  -0.04270992  0.0
-0.83101347  -0.05168392  0.0
-0.81876113  -0.05642478  0.0
-0.77170421  -0.07162227  0.0
-0.75788656  -0.07536830  0.0
-0.71237151  -0.08602536  0.0
-0.69802163  -0.08895797  0.0
-0.65302126  -0.09723764  0.0
-0.63865092  -0.09963902  0.0
-0.53429845  -0.11425512  0.0
-0.52069717  -0.11584968  0.0
-0.41557142  -0.12619887  0.0
-0.40336658  -0.12718608  0.0
-0.29684027  -0.13416086  0.0
-0.28640878  -0.13468766  0.0
-0.17810791  -0.13851348  0.0
-0.16967820  -0.13869617  0.0
-0.05937635  -0.13940385  0.0
-0.05308241  -0.13933511  0.0
 0.05934845  -0.13567567  0.0
 0.06344590  -0.13544606  0.0
 0.17807160  -0.12646485  0.0
 0.18002640  -0.12626866  0.0
 0.29680326  -0.11343752  0.0
 0.41385304  -0.09810542  0.0
 0.41554231  -0.09788034  0.0
 0.53122938  -0.08109916  0.0
 0.53428614  -0.08065061  0.0
 0.64897870  -0.06313074  0.0
 0.65303126  -0.06248974  0.0
 0.65303366  -0.06248937  0.0
 0.76714054  -0.04491437  0.0
 0.76714146  -0.04491423  0.0
 0.77178459  -0.04420648  0.0
 0.77178650  -0.04420619  0.0
 0.88573187  -0.02721306  0.0
 0.88573380  -0.02721278  0.0
 0.89053842  -0.02651215  0.0
 0.89054426  -0.02651133  0.0
 1.00476989  -0.01100021  0.0
 1.00477747  -0.01099923  0.0
 1.00930185  -0.01044348  0.0
 1.00930825  -0.01044272  0.0
 1.12423925   0.00242265  0.0
 1.12425027   0.00242378  0.0
 1.12806927   0.00278003  0.0
 1.12807999   0.00278093  0.0
 1.24410824   0.01150906  0.0
 1.24411979   0.01150982  0.0
 1.24684154   0.01166182  0.0
 1.24686443   0.01166266  0.0
 1.36429631   0.01373128  0.0
 1.36432848   0.01373099  0.0
 1.36564661   0.01368349  0.0
 1.36569071   0.01368027  0.0
 1.48377500   0.00066974  0.0
;;

