# exterior:
# ---------
-0.63050000   0.18046343  0.0
-0.54641034   0.20694137  0.0
-0.53299235   0.21060019  0.0
-0.42663257   0.23580483  0.0
-0.41457865   0.23827045  0.0
-0.30642381   0.25729312  0.0
-0.29612871   0.25880367  0.0
-0.18594987   0.27227031  0.0
-0.17764982   0.27308560  0.0
-0.06535171   0.28118330  0.0
-0.05920793   0.28146330  0.0
 0.05525491   0.28308056  0.0
 0.05919050   0.28301236  0.0
 0.17582228   0.27734360  0.0
 0.17765116   0.27721091  0.0
 0.29622475   0.26567370  0.0
 0.41483057   0.24947689  0.0
 0.41643402   0.24923626  0.0
 0.53339951   0.22937536  0.0
 0.53638345   0.22882629  0.0
 0.63050000   0.21019310  0.0
 0.63050000   0.20509605  0.0
 0.53544546   0.22391495  0.0
 0.53252853   0.22445168  0.0
 0.41564441   0.24429877  0.0
 0.41412126   0.24452734  0.0
 0.29564416   0.26070658  0.0
 0.17722808   0.27222846  0.0
 0.17551997   0.27235239  0.0
 0.05902578   0.27801446  0.0
 0.05524691   0.27807995  0.0
-0.05905875   0.27646491  0.0
-0.06505803   0.27619150  0.0
-0.17722555   0.26810321  0.0
-0.18540209   0.26730005  0.0
-0.29546239   0.25384790  0.0
-0.30562767   0.25235641  0.0
-0.41364441   0.23335802  0.0
-0.42555483   0.23092175  0.0
-0.53175785   0.20575426  0.0
-0.54500127   0.20214304  0.0
-0.63050000   0.17522141  0.0
-0.63050000   0.18046343  0.0
;;

