# exterior:
# ---------
-0.75000000   2.66347237  0.0
-0.73686054   2.66749096  0.0
-0.49437586   2.71963661  0.0
-0.24813313   2.75107888  0.0
 0.00000000   2.76159000  0.0
 0.24813313   2.75107888  0.0
 0.49437586   2.71963661  0.0
 0.73686054   2.66749096  0.0
 0.75000000   2.66347237  0.0
 0.75000000   2.66284493  0.0
 0.73670945   2.66690973  0.0
 0.49427460   2.71904467  0.0
 0.24808235   2.75048049  0.0
 0.00000000   2.76098946  0.0
-0.24808235   2.75048049  0.0
-0.49427460   2.71904467  0.0
-0.73670945   2.66690973  0.0
-0.75000000   2.66284493  0.0
-0.75000000   2.66347237  0.0
;;

