# exterior:
# ---------
 2.84700000   0.00000000  0.0
 2.83616432  -0.24069107  0.0
 2.80374838  -0.47954299  0.0
 2.74999132  -0.71475074  0.0
 2.67530312  -0.94452072  0.0
 2.58025888  -1.16709918  0.0
 2.46557602  -1.38079500  0.0
 2.33212574  -1.58398539  0.0
 2.18092727  -1.77511589  0.0
 2.01313078  -1.95274022  0.0
 1.90117904  -2.05225017  0.0
 1.90074904  -2.05182961  0.0
 2.01271260  -1.95230916  0.0
 2.18047303  -1.77472300  0.0
 2.33163876  -1.58363389  0.0
 2.46505992  -1.38048785  0.0
 2.57971757  -1.16683899  0.0
 2.67474080  -0.94430975  0.0
 2.74941240  -0.71459084  0.0
 2.80315745  -0.47943558  0.0
 2.83556614  -0.24063713  0.0
 2.84639939   0.00000000  0.0
 2.83556614   0.24063713  0.0
 2.80315745   0.47943558  0.0
 2.74941240   0.71459084  0.0
 2.67474080   0.94430975  0.0
 2.57971757   1.16683899  0.0
 2.46505992   1.38048785  0.0
 2.33163876   1.58363389  0.0
 2.18047303   1.77472300  0.0
 2.01271260   1.95230916  0.0
 1.90074904   2.05182961  0.0
 1.90117904   2.05225017  0.0
 2.01313078   1.95274022  0.0
 2.18092727   1.77511589  0.0
 2.33212574   1.58398539  0.0
 2.46557602   1.38079500  0.0
 2.58025888   1.16709918  0.0
 2.67530312   0.94452072  0.0
 2.74999132   0.71475074  0.0
 2.80374838   0.47954299  0.0
 2.83616432   0.24069107  0.0
 2.84700000   0.00000000  0.0
;;

