# exterior:
# ---------
-0.75000000  -2.66347237  0.0
-0.97373094  -2.59504619  0.0
-1.20319345  -2.50284895  0.0
-1.42350000  -2.39160527  0.0
-1.63297087  -2.26216357  0.0
-1.83001744  -2.11550321  0.0
-2.01313078  -1.95274022  0.0
-2.18092727  -1.77511589  0.0
-2.33212574  -1.58398539  0.0
-2.46557602  -1.38079500  0.0
-2.58025888  -1.16709918  0.0
-2.67530312  -0.94452072  0.0
-2.74999132  -0.71475074  0.0
-2.80374838  -0.47954299  0.0
-2.83616432  -0.24069107  0.0
-2.84700000   0.00000000  0.0
-2.83616432   0.24069107  0.0
-2.80374838   0.47954299  0.0
-2.74999132   0.71475074  0.0
-2.67530312   0.94452072  0.0
-2.58025888   1.16709918  0.0
-2.46557602   1.38079500  0.0
-2.33212574   1.58398539  0.0
-2.18092727   1.77511589  0.0
-2.01313078   1.95274022  0.0
-1.83001744   2.11550321  0.0
-1.63297087   2.26216357  0.0
-1.42350000   2.39160527  0.0
-1.20319345   2.50284895  0.0
-0.97373094   2.59504619  0.0
-0.75000000   2.66347237  0.0
-0.75000000   2.66284493  0.0
-0.97353099   2.59447991  0.0
-1.20294592   2.50230178  0.0
-1.42320653   2.39108130  0.0
-1.63263342   2.26166678  0.0
-1.82963830   2.11503745  0.0
-2.01271260   1.95230916  0.0
-2.18047303   1.77472300  0.0
-2.33163876   1.58363389  0.0
-2.46505992   1.38048785  0.0
-2.57971757   1.16683899  0.0
-2.67474080   0.94430975  0.0
-2.74941240   0.71459084  0.0
-2.80315745   0.47943558  0.0
-2.83556614   0.24063713  0.0
-2.84639939   0.00000000  0.0
-2.83556614  -0.24063713  0.0
-2.80315745  -0.47943558  0.0
-2.74941240  -0.71459084  0.0
-2.67474080  -0.94430975  0.0
-2.57971757  -1.16683899  0.0
-2.46505992  -1.38048785  0.0
-2.33163876  -1.58363389  0.0
-2.18047303  -1.77472300  0.0
-2.01271260  -1.95230916  0.0
-1.82963830  -2.11503745  0.0
-1.63263342  -2.26166678  0.0
-1.42320653  -2.39108130  0.0
-1.20294592  -2.50230178  0.0
-0.97353099  -2.59447991  0.0
-0.75000000  -2.66284493  0.0
-0.75000000  -2.66347237  0.0
;;

