# exterior:
# ---------
-0.75000000  -2.58336990  0.0
-0.94820376  -2.52275099  0.0
-1.17159286  -2.43299402  0.0
-1.38603396  -2.32471210  0.0
-1.58988960  -2.19874031  0.0
-1.78161397  -2.05604122  0.0
-1.95974312  -1.89770851  0.0
-2.12293682  -1.72495655  0.0
-2.26995450  -1.53911100  0.0
-2.39968661  -1.34158188  0.0
-2.51115179  -1.13388174  0.0
-2.60351304  -0.91758645  0.0
-2.67608187  -0.69433647  0.0
-2.72830706  -0.46583119  0.0
-2.75979678  -0.23380399  0.0
-2.77032242   0.00000000  0.0
-2.75979678   0.23380399  0.0
-2.72830706   0.46583119  0.0
-2.67608187   0.69433647  0.0
-2.60351304   0.91758645  0.0
-2.51115179   1.13388174  0.0
-2.39968661   1.34158188  0.0
-2.26995450   1.53911100  0.0
-2.12293682   1.72495655  0.0
-1.95974312   1.89770851  0.0
-1.78161397   2.05604122  0.0
-1.58988960   2.19874031  0.0
-1.38603396   2.32471210  0.0
-1.17159286   2.43299402  0.0
-0.94820376   2.52275099  0.0
-0.75000000   2.58336990  0.0
-0.75500752   2.57660977  0.0
-0.94653750   2.51803199  0.0
-1.16953016   2.42843430  0.0
-1.38358840   2.32034570  0.0
-1.58707751   2.19460041  0.0
-1.77845447   2.05215989  0.0
-1.95625828   1.89411636  0.0
-2.11915154   1.72168244  0.0
-2.26589633   1.53618187  0.0
-2.39538573   1.33902228  0.0
-2.50664089   1.13171350  0.0
-2.59882700   0.91582833  0.0
-2.67125749   0.69300395  0.0
-2.72338269   0.46493617  0.0
-2.75481196   0.23335444  0.0
-2.76531735   0.00000000  0.0
-2.75481196  -0.23335444  0.0
-2.72338269  -0.46493617  0.0
-2.67125749  -0.69300395  0.0
-2.59882700  -0.91582833  0.0
-2.50664089  -1.13171350  0.0
-2.39538573  -1.33902228  0.0
-2.26589633  -1.53618187  0.0
-2.11915154  -1.72168244  0.0
-1.95625828  -1.89411636  0.0
-1.77845447  -2.05215989  0.0
-1.58707751  -2.19460041  0.0
-1.38358840  -2.32034570  0.0
-1.16953016  -2.42843430  0.0
-0.94653750  -2.51803199  0.0
-0.75500752  -2.57660977  0.0
-0.75000000  -2.58336990  0.0
;;

