# exterior:
# ---------
-0.75500000  -2.57661207  0.0
-0.94653750  -2.51803199  0.0
-1.16953016  -2.42843430  0.0
-1.38358840  -2.32034570  0.0
-1.58707751  -2.19460041  0.0
-1.77845447  -2.05215989  0.0
-1.95625828  -1.89411636  0.0
-2.11915154  -1.72168244  0.0
-2.26589633  -1.53618187  0.0
-2.39538573  -1.33902228  0.0
-2.50664089  -1.13171350  0.0
-2.59882700  -0.91582833  0.0
-2.67125749  -0.69300395  0.0
-2.72338269  -0.46493617  0.0
-2.75481196  -0.23335444  0.0
-2.76531735   0.00000000  0.0
-2.75481196   0.23335444  0.0
-2.72338269   0.46493617  0.0
-2.67125749   0.69300395  0.0
-2.59882700   0.91582833  0.0
-2.50664089   1.13171350  0.0
-2.39538573   1.33902228  0.0
-2.26589633   1.53618187  0.0
-2.11915154   1.72168244  0.0
-1.95625828   1.89411636  0.0
-1.77845447   2.05215989  0.0
-1.58707751   2.19460041  0.0
-1.38358840   2.32034570  0.0
-1.16953016   2.42843430  0.0
-0.94653750   2.51803199  0.0
-0.75500000   2.57661207  0.0
-0.75500000   2.57510525  0.0
-0.75949119   2.56768163  0.0
-0.75949119   2.56768163  0.0
-0.75963397   2.56815170  0.0
-0.75975348   2.56862822  0.0
-0.75984944   2.56911004  0.0
-0.75992161   2.56959598  0.0
-0.75994863   2.56986995  0.0
-0.94487123   2.51331298  0.0
-1.16746746   2.42387458  0.0
-1.38114283   2.31597931  0.0
-1.58426542   2.19046051  0.0
-1.77529498   2.04827856  0.0
-1.95277345   1.89052421  0.0
-2.11536626   1.71840833  0.0
-2.26183815   1.53325273  0.0
-2.39108485   1.33646267  0.0
-2.50212998   1.12954526  0.0
-2.59414097   0.91407022  0.0
-2.66643311   0.69167142  0.0
-2.71845833   0.46404114  0.0
-2.74982713   0.23290489  0.0
-2.76031229   0.00000000  0.0
-2.74982713  -0.23290489  0.0
-2.71845833  -0.46404114  0.0
-2.66643311  -0.69167142  0.0
-2.59414097  -0.91407022  0.0
-2.50212998  -1.12954526  0.0
-2.39108485  -1.33646267  0.0
-2.26183815  -1.53325273  0.0
-2.11536626  -1.71840833  0.0
-1.95277345  -1.89052421  0.0
-1.77529498  -2.04827856  0.0
-1.58426542  -2.19046051  0.0
-1.38114283  -2.31597931  0.0
-1.16746746  -2.42387458  0.0
-0.94487123  -2.51331298  0.0
-0.75994863  -2.56986995  0.0
-0.75992161  -2.56959598  0.0
-0.75984944  -2.56911004  0.0
-0.75975348  -2.56862822  0.0
-0.75963397  -2.56815170  0.0
-0.75949119  -2.56768163  0.0
-0.75949119  -2.56768163  0.0
-0.75500000  -2.57510525  0.0
-0.75500000  -2.57661207  0.0
;;

