# exterior:
# ---------
 1.84700000   1.98989425  0.0
 1.95556132   1.89339793  0.0
 2.11839449   1.72102762  0.0
 2.26508469   1.53559604  0.0
 2.39452556   1.33851036  0.0
 2.50573871   1.13127985  0.0
 2.59788980   0.91547671  0.0
 2.67029262   0.69273744  0.0
 2.72239782   0.46475716  0.0
 2.75381499   0.23326453  0.0
 2.76431634   0.00000000  0.0
 2.75381499  -0.23326453  0.0
 2.72239782  -0.46475716  0.0
 2.67029262  -0.69273744  0.0
 2.59788980  -0.91547671  0.0
 2.50573871  -1.13127985  0.0
 2.39452556  -1.33851036  0.0
 2.26508469  -1.53559604  0.0
 2.11839449  -1.72102762  0.0
 1.95556132  -1.89339793  0.0
 1.84700000  -1.98989425  0.0
 1.84700000  -1.98320456  0.0
 1.95207648  -1.88980578  0.0
 2.11460921  -1.71775351  0.0
 2.26102652  -1.53266690  0.0
 2.39022468  -1.33595075  0.0
 2.50122780  -1.12911161  0.0
 2.59320376  -0.91371860  0.0
 2.66546824  -0.69140492  0.0
 2.71747345  -0.46386214  0.0
 2.74883017  -0.23281498  0.0
 2.75931127   0.00000000  0.0
 2.74883017   0.23281498  0.0
 2.71747345   0.46386214  0.0
 2.66546824   0.69140492  0.0
 2.59320376   0.91371860  0.0
 2.50122780   1.12911161  0.0
 2.39022468   1.33595075  0.0
 2.26102652   1.53266690  0.0
 2.11460921   1.71775351  0.0
 1.95207648   1.88980578  0.0
 1.84700000   1.98320456  0.0
 1.84700000   1.98989425  0.0
;;

