# exterior:
# ---------
 1.84700000   1.98320456  0.0
 1.95207648   1.88980578  0.0
 2.11460921   1.71775351  0.0
 2.26102652   1.53266690  0.0
 2.39022468   1.33595075  0.0
 2.50122780   1.12911161  0.0
 2.59320376   0.91371860  0.0
 2.66546824   0.69140492  0.0
 2.71747345   0.46386214  0.0
 2.74883017   0.23281498  0.0
 2.75931127   0.00000000  0.0
 2.74883017  -0.23281498  0.0
 2.71747345  -0.46386214  0.0
 2.66546824  -0.69140492  0.0
 2.59320376  -0.91371860  0.0
 2.50122780  -1.12911161  0.0
 2.39022468  -1.33595075  0.0
 2.26102652  -1.53266690  0.0
 2.11460921  -1.71775351  0.0
 1.95207648  -1.88980578  0.0
 1.84700000  -1.98320456  0.0
 1.84700000  -1.97651487  0.0
 1.94859165  -1.88621363  0.0
 2.11082393  -1.71447940  0.0
 2.25696834  -1.52973776  0.0
 2.38592380  -1.33339115  0.0
 2.49671689  -1.12694337  0.0
 2.58851772  -0.91196049  0.0
 2.66064386  -0.69007239  0.0
 2.71254909  -0.46296711  0.0
 2.74384534  -0.23236544  0.0
 2.75430621   0.00000000  0.0
 2.74384534   0.23236544  0.0
 2.71254909   0.46296711  0.0
 2.66064386   0.69007239  0.0
 2.58851772   0.91196049  0.0
 2.49671689   1.12694337  0.0
 2.38592380   1.33339115  0.0
 2.25696834   1.52973776  0.0
 2.11082393   1.71447940  0.0
 1.94859165   1.88621363  0.0
 1.84700000   1.97651487  0.0
 1.84700000   1.98320456  0.0
;;

