# exterior:
# ---------
 0.75000000  -2.56582167  0.0
 0.74999039  -2.56582122  0.0
 0.74949975  -2.56584630  0.0
 0.74901394  -2.56591940  0.0
 0.74853766  -2.56603983  0.0
 0.71329121  -2.57681965  0.0
 0.47858052  -2.62729353  0.0
 0.24021056  -2.65773054  0.0
 0.00000000  -2.66790606  0.0
-0.24021056  -2.65773054  0.0
-0.47858052  -2.62729353  0.0
-0.71329121  -2.57681965  0.0
-0.74853766  -2.56603983  0.0
-0.74901394  -2.56591940  0.0
-0.74949975  -2.56584630  0.0
-0.74999039  -2.56582122  0.0
-0.75000000  -2.56582167  0.0
-0.75000000  -2.56082723  0.0
-0.74973515  -2.56082774  0.0
-0.74924451  -2.56085282  0.0
-0.74875570  -2.56090197  0.0
-0.74826989  -2.56097507  0.0
-0.74778827  -2.56107196  0.0
-0.74731198  -2.56119239  0.0
-0.74707532  -2.56125846  0.0
-0.71203217  -2.57197610  0.0
-0.47773675  -2.62236067  0.0
-0.23978734  -2.65274398  0.0
 0.00000000  -2.66290157  0.0
 0.23978734  -2.65274398  0.0
 0.47773675  -2.62236067  0.0
 0.71203217  -2.57197610  0.0
 0.74707532  -2.56125846  0.0
 0.74731198  -2.56119239  0.0
 0.74778827  -2.56107196  0.0
 0.74826989  -2.56097507  0.0
 0.74875570  -2.56090197  0.0
 0.74924451  -2.56085282  0.0
 0.74973515  -2.56082774  0.0
 0.75000000  -2.56082723  0.0
 0.75000000  -2.56582167  0.0
;;

