# exterior:
# ---------
-0.75000000   2.65761631  0.0
-0.73545041   2.66206618  0.0
-0.49343084   2.71411181  0.0
-0.24765913   2.74549393  0.0
 0.00000000   2.75598498  0.0
 0.24765913   2.74549393  0.0
 0.49343084   2.71411181  0.0
 0.73545041   2.66206618  0.0
 0.75000000   2.65761631  0.0
 0.75000000   2.58441562  0.0
 0.71782378   2.59425644  0.0
 0.48161808   2.64505182  0.0
 0.24173413   2.67568214  0.0
 0.00000000   2.68592220  0.0
-0.24173413   2.67568214  0.0
-0.48161808   2.64505182  0.0
-0.71782378   2.59425644  0.0
-0.75000000   2.58441562  0.0
-0.75000000   2.65761631  0.0
;;

