# exterior:
# ---------
-0.75000000   2.58441562  0.0
-0.71782378   2.59425644  0.0
-0.48161808   2.64505182  0.0
-0.24173413   2.67568214  0.0
 0.00000000   2.68592220  0.0
 0.24173413   2.67568214  0.0
 0.48161808   2.64505182  0.0
 0.71782378   2.59425644  0.0
 0.75000000   2.58441562  0.0
 0.75000000   2.57082121  0.0
 0.71455026   2.58166321  0.0
 0.47942429   2.63222639  0.0
 0.24063377   2.66271710  0.0
 0.00000000   2.67291054  0.0
-0.24063377   2.66271710  0.0
-0.47942429   2.63222639  0.0
-0.71455026   2.58166321  0.0
-0.75000000   2.57082121  0.0
-0.75000000   2.58441562  0.0
;;

