# exterior:
# ---------
 3.35372800   0.00000000  0.0
 3.33229440  -0.27264170  0.0
 3.24246240  -0.61300096  0.0
 3.14607424  -0.82983965  0.0
 3.04306688  -1.00626339  0.0
 2.93344032  -1.16020707  0.0
 2.81725760  -1.29889507  0.0
 2.69445568  -1.42610979  0.0
 2.56509760  -1.54395046  0.0
 2.42912032  -1.65380397  0.0
 2.28658688  -1.75641418  0.0
 2.13743424  -1.85229802  0.0
 1.98166240  -1.94166982  0.0
 1.81933440  -2.02454221  0.0
 1.65164800  -2.10032259  0.0
 1.48352032  -2.16717651  0.0
 1.31545568  -2.22556416  0.0
 1.14732800  -2.27604029  0.0
 0.97920032  -2.31897683  0.0
 0.81113568  -2.35463226  0.0
 0.64300800  -2.38321459  0.0
 0.47488032  -2.40479949  0.0
 0.30681568  -2.41939955  0.0
 0.13868800  -2.42695805  0.0
-0.02943968  -2.42740563  0.0
-0.19750432  -2.42058470  0.0
-0.36563200  -2.40630614  0.0
-0.53375968  -2.38433670  0.0
-0.70182432  -2.35432336  0.0
-0.86995200  -2.31578701  0.0
-1.03807968  -2.26819181  0.0
-1.20614432  -2.21085062  0.0
-1.37427200  -2.14286198  0.0
-1.53685216  -2.06604144  0.0
-1.69060672  -1.98231802  0.0
-1.83547264  -1.89243558  0.0
-1.97151296  -1.79695520  0.0
-2.09872768  -1.69640010  0.0
-2.21705376  -1.59128090  0.0
-2.32661728  -1.48194432  0.0
-2.42722912  -1.36897034  0.0
-2.51907840  -1.25256698  0.0
-2.60203904  -1.13326378  0.0
-2.67617408  -1.01136333  0.0
-2.74148352  -0.88719974  0.0
-2.79790432  -0.76127104  0.0
-2.84549952  -0.63359613  0.0
-2.88426912  -0.50437043  0.0
-2.91421312  -0.37364438  0.0
-2.93526848  -0.24076237  0.0
-2.94749824  -0.10303258  0.0
-2.94913728  -0.06583898  0.0
-2.95027200   0.00000000  0.0
-2.94913728   0.07167648  0.0
-2.94749824   0.11623946  0.0
-2.93526848   0.25363514  0.0
-2.91421312   0.38554003  0.0
-2.88426912   0.51594458  0.0
-2.84549952   0.64472899  0.0
-2.79790432   0.77183654  0.0
-2.74148352   0.89706550  0.0
-2.67617408   1.02020784  0.0
-2.60203904   1.14081597  0.0
-2.51907840   1.25859360  0.0
-2.42722912   1.37325706  0.0
-2.32661728   1.48432723  0.0
-2.21705376   1.59162131  0.0
-2.09872768   1.69455302  0.0
-1.97151296   1.79280717  0.0
-1.83547264   1.88586682  0.0
-1.69060672   1.97326547  0.0
-1.53685216   2.05450512  0.0
-1.37427200   2.12911926  0.0
-1.20614432   2.19551930  0.0
-1.03807968   2.25200944  0.0
-0.86995200   2.29947856  0.0
-0.70182432   2.33848141  0.0
-0.53375968   2.36946557  0.0
-0.36563200   2.39282819  0.0
-0.19750432   2.40884035  0.0
-0.02943968   2.41769117  0.0
 0.13868800   2.41951933  0.0
 0.30681568   2.41442570  0.0
 0.47488032   2.40245440  0.0
 0.64300800   2.38356762  0.0
 0.81113568   2.35767709  0.0
 0.97920032   2.32464413  0.0
 1.14732800   2.28420397  0.0
 1.31545568   2.23603510  0.0
 1.48352032   2.17971517  0.0
 1.65164800   2.11471462  0.0
 1.81933440   2.04061741  0.0
 1.98166240   1.95898061  0.0
 2.13743424   1.87032115  0.0
 2.28658688   1.77462643  0.0
 2.42912032   1.67165059  0.0
 2.56509760   1.56090822  0.0
 2.69445568   1.44167437  0.0
 2.81725760   1.31261258  0.0
 2.93344032   1.17163622  0.0
 3.04306688   1.01492509  0.0
 3.14607424   0.83523587  0.0
 3.24246240   0.61658794  0.0
 3.33229440   0.27379533  0.0
 3.35372800   0.00000000  0.0
;;

# interior:
# ---------
 3.35312616   0.00000010  0.0
 3.33170041   0.27369507  0.0
 3.24189411   0.61638962  0.0
 3.14553798   0.83496491  0.0
 3.04255977   1.01460328  0.0
 2.93296224   1.17127290  0.0
 2.81680818   1.31221448  0.0
 2.69403457   1.44124652  0.0
 2.56470446   1.56045459  0.0
 2.42875488   1.67117440  0.0
 2.28624894   1.77413038  0.0
 2.13712363   1.86980757  0.0
 1.98137903   1.95845152  0.0
 1.81907820   2.04007465  0.0
 1.65141844   2.11416010  0.0
 1.48331671   2.17915061  0.0
 1.31527764   2.23546197  0.0
 1.14717514   2.28362362  0.0
 0.97907225   2.32405782  0.0
 0.81103212   2.35708596  0.0
 0.64292882   2.38297274  0.0
 0.47482549   2.40185679  0.0
 0.30678527   2.41382634  0.0
 0.13868217   2.41891923  0.0
-0.02942063   2.41709134  0.0
-0.19746008   2.40824185  0.0
-0.36556223   2.39223212  0.0
-0.53366395   2.36887311  0.0
-0.70170207   2.33789383  0.0
-0.86980261   2.29889728  0.0
-1.03790248   2.25143602  0.0
-1.20593840   2.19495552  0.0
-1.37403650   2.12856718  0.0
-1.53658667   2.05396679  0.0
-1.69031136   1.97274293  0.0
-1.83514802   1.88536192  0.0
-1.97115991   1.79232173  0.0
-2.09834708   1.69408886  0.0
-2.21664661   1.59118024  0.0
-2.32618465   1.48391111  0.0
-2.42677222   1.37286774  0.0
-2.51859854   1.25823294  0.0
-2.60153771   1.14048579  0.0
-2.67565294   1.01990988  0.0
-2.74094441   0.89680144  0.0
-2.79734926   0.77160787  0.0
-2.84493069   0.64453710  0.0
-2.88368882   0.51579079  0.0
-2.91362381   0.38542547  0.0
-2.93467269   0.25356116  0.0
-2.94689922   0.11620181  0.0
-2.94853745   0.07166070  0.0
-2.94967192   0.00000042  0.0
-2.94853751  -0.06582060  0.0
-2.94689941  -0.10299281  0.0
-2.93467265  -0.24068880  0.0
-2.91362371  -0.37353032  0.0
-2.88368871  -0.50421707  0.0
-2.84493046  -0.63340492  0.0
-2.79734886  -0.76104335  0.0
-2.74094370  -0.88693716  0.0
-2.67565174  -1.01106750  0.0
-2.60153594  -1.13293631  0.0
-2.51859614  -1.25220954  0.0
-2.42676917  -1.36858464  0.0
-2.32618096  -1.48153209  0.0
-2.21664226  -1.59084390  0.0
-2.09834208  -1.69594008  0.0
-1.97115429  -1.79647390  0.0
-1.83514187  -1.89193471  0.0
-1.69030485  -1.98179921  0.0
-1.53658030  -2.06550629  0.0
-1.37403117  -2.14231217  0.0
-1.20593482  -2.21028814  0.0
-1.03790097  -2.26761882  0.0
-0.86980316  -2.31520556  0.0
-0.70170448  -2.35373527  0.0
-0.53366802  -2.38374358  0.0
-0.36556771  -2.40570944  0.0
-0.19746675  -2.41998573  0.0
-0.02942831  -2.42680560  0.0
 0.13867372  -2.42635808  0.0
 0.30677623  -2.41880072  0.0
 0.47481613  -2.40420280  0.0
 0.64291948  -2.38262103  0.0
 0.81102309  -2.35404279  0.0
 0.97906377  -2.31839245  0.0
 1.14716744  -2.27546204  0.0
 1.31527088  -2.22499318  0.0
 1.48331092  -2.16661408  0.0
 1.65141348  -2.09977015  0.0
 1.81907430  -2.02400133  0.0
 1.98137653  -1.94114210  0.0
 2.13712252  -1.85178512  0.0
 2.28624914  -1.75591801  0.0
 2.42875624  -1.65332677  0.0
 2.56470670  -1.54349493  0.0
 2.69403738  -1.42567922  0.0
 2.81681124  -1.29849357  0.0
 2.93296525  -1.15983983  0.0
 3.04256241  -1.00593744  0.0
 3.14553941  -0.82956570  0.0
 3.24189456  -0.61280126  0.0
 3.33170048  -0.27254081  0.0
 3.35312616   0.00000010  0.0
;;

