# exterior:
# ---------
 2.35372800  -1.70733980  0.0
 2.28624914  -1.75591801  0.0
 2.13712252  -1.85178512  0.0
 1.98137653  -1.94114210  0.0
 1.81907430  -2.02400133  0.0
 1.65141348  -2.09977015  0.0
 1.48331092  -2.16661408  0.0
 1.31527088  -2.22499318  0.0
 1.14716744  -2.27546204  0.0
 0.97906377  -2.31839245  0.0
 0.83600000  -2.34874386  0.0
 0.83600000  -2.34363258  0.0
 0.97792586  -2.31352257  0.0
 1.14582939  -2.27064327  0.0
 1.31373089  -2.22023505  0.0
 1.48156590  -2.16192718  0.0
 1.64945916  -2.09516647  0.0
 1.81690679  -2.01949399  0.0
 1.97899425  -1.93674441  0.0
 2.13452486  -1.84751101  0.0
 2.28343467  -1.75178327  0.0
 2.35372800  -1.70117891  0.0
 2.35372800  -1.70733980  0.0
;;

