# exterior:
# ---------
-0.75000000   2.32730545  0.0
-0.70182432   2.33848141  0.0
-0.53375968   2.36946557  0.0
-0.36563200   2.39282819  0.0
-0.19750432   2.40884035  0.0
-0.02943968   2.41769117  0.0
 0.13868800   2.41951933  0.0
 0.30681568   2.41442570  0.0
 0.47488032   2.40245440  0.0
 0.64300800   2.38356762  0.0
 0.75000000   2.36709157  0.0
 0.75000000   2.36648450  0.0
 0.64292882   2.38297274  0.0
 0.47482549   2.40185679  0.0
 0.30678527   2.41382634  0.0
 0.13868217   2.41891923  0.0
-0.02942063   2.41709134  0.0
-0.19746008   2.40824185  0.0
-0.36556223   2.39223212  0.0
-0.53366395   2.36887311  0.0
-0.70170207   2.33789383  0.0
-0.75000000   2.32668951  0.0
-0.75000000   2.32730545  0.0
;;

