# exterior:
# ---------
 0.83600000   2.35279003  0.0
 0.97920032   2.32464413  0.0
 1.14732800   2.28420397  0.0
 1.31545568   2.23603510  0.0
 1.48352032   2.17971517  0.0
 1.65164800   2.11471462  0.0
 1.81933440   2.04061741  0.0
 1.98166240   1.95898061  0.0
 2.13743424   1.87032115  0.0
 2.28658688   1.77462643  0.0
 2.35372800   1.72611913  0.0
 2.35372800   1.72537892  0.0
 2.28624894   1.77413038  0.0
 2.13712363   1.86980757  0.0
 1.98137903   1.95845152  0.0
 1.81907820   2.04007465  0.0
 1.65141844   2.11416010  0.0
 1.48331671   2.17915061  0.0
 1.31527764   2.23546197  0.0
 1.14717514   2.28362362  0.0
 0.97907225   2.32405782  0.0
 0.83600000   2.35217855  0.0
 0.83600000   2.35279003  0.0
;;

