# exterior:
# ---------
 2.35372800  -1.70807910  0.0
 2.28658688  -1.75641418  0.0
 2.13743424  -1.85229802  0.0
 1.98166240  -1.94166982  0.0
 1.81933440  -2.02454221  0.0
 1.65164800  -2.10032259  0.0
 1.48352032  -2.16717651  0.0
 1.31545568  -2.22556416  0.0
 1.14732800  -2.27604029  0.0
 0.97920032  -2.31897683  0.0
 0.83600000  -2.34935721  0.0
 0.83600000  -2.34874386  0.0
 0.97906377  -2.31839245  0.0
 1.14716744  -2.27546204  0.0
 1.31527088  -2.22499318  0.0
 1.48331092  -2.16661408  0.0
 1.65141348  -2.09977015  0.0
 1.81907430  -2.02400133  0.0
 1.98137653  -1.94114210  0.0
 2.13712252  -1.85178512  0.0
 2.28624914  -1.75591801  0.0
 2.35372800  -1.70733980  0.0
 2.35372800  -1.70807910  0.0
;;

