# exterior:
# ---------
 3.35372800   0.00000000  0.0
 3.33229440  -0.27264170  0.0
 3.24246240  -0.61300096  0.0
 3.14607424  -0.82983965  0.0
 3.04306688  -1.00626339  0.0
 2.93344032  -1.16020707  0.0
 2.81725760  -1.29889507  0.0
 2.69445568  -1.42610979  0.0
 2.56509760  -1.54395046  0.0
 2.42912032  -1.65380397  0.0
 2.35372800  -1.70807910  0.0
 2.35372800  -1.70733980  0.0
 2.42875624  -1.65332677  0.0
 2.56470670  -1.54349493  0.0
 2.69403738  -1.42567922  0.0
 2.81681124  -1.29849357  0.0
 2.93296525  -1.15983983  0.0
 3.04256241  -1.00593744  0.0
 3.14553941  -0.82956570  0.0
 3.24189456  -0.61280126  0.0
 3.33170048  -0.27254081  0.0
 3.35312616   0.00000010  0.0
 3.33170041   0.27369507  0.0
 3.24189411   0.61638962  0.0
 3.14553798   0.83496491  0.0
 3.04255977   1.01460328  0.0
 2.93296224   1.17127290  0.0
 2.81680818   1.31221448  0.0
 2.69403457   1.44124652  0.0
 2.56470446   1.56045459  0.0
 2.42875488   1.67117440  0.0
 2.35372800   1.72537892  0.0
 2.35372800   1.72611913  0.0
 2.42912032   1.67165059  0.0
 2.56509760   1.56090822  0.0
 2.69445568   1.44167437  0.0
 2.81725760   1.31261258  0.0
 2.93344032   1.17163622  0.0
 3.04306688   1.01492509  0.0
 3.14607424   0.83523587  0.0
 3.24246240   0.61658794  0.0
 3.33229440   0.27379533  0.0
 3.35372800   0.00000000  0.0
;;

