# exterior:
# ---------
 3.35312616   0.00000010  0.0
 3.33170048  -0.27254081  0.0
 3.24189456  -0.61280126  0.0
 3.14553941  -0.82956570  0.0
 3.04256241  -1.00593744  0.0
 2.93296525  -1.15983983  0.0
 2.81681124  -1.29849357  0.0
 2.69403738  -1.42567922  0.0
 2.56470670  -1.54349493  0.0
 2.42875624  -1.65332677  0.0
 2.28624914  -1.75591801  0.0
 2.13712252  -1.85178512  0.0
 1.98137653  -1.94114210  0.0
 1.81907430  -2.02400133  0.0
 1.65141348  -2.09977015  0.0
 1.48331092  -2.16661408  0.0
 1.31527088  -2.22499318  0.0
 1.14716744  -2.27546204  0.0
 0.97906377  -2.31839245  0.0
 0.81102309  -2.35404279  0.0
 0.64291948  -2.38262103  0.0
 0.47481613  -2.40420280  0.0
 0.30677623  -2.41880072  0.0
 0.13867372  -2.42635808  0.0
-0.02942831  -2.42680560  0.0
-0.19746675  -2.41998573  0.0
-0.36556771  -2.40570944  0.0
-0.53366802  -2.38374358  0.0
-0.70170448  -2.35373527  0.0
-0.86980316  -2.31520556  0.0
-1.03790097  -2.26761882  0.0
-1.20593482  -2.21028814  0.0
-1.37403117  -2.14231217  0.0
-1.53658030  -2.06550629  0.0
-1.69030485  -1.98179921  0.0
-1.83514187  -1.89193471  0.0
-1.97115429  -1.79647390  0.0
-2.09834208  -1.69594008  0.0
-2.21664226  -1.59084390  0.0
-2.32618096  -1.48153209  0.0
-2.42676917  -1.36858464  0.0
-2.51859614  -1.25220954  0.0
-2.60153594  -1.13293631  0.0
-2.67565174  -1.01106750  0.0
-2.74094370  -0.88693716  0.0
-2.79734886  -0.76104335  0.0
-2.84493046  -0.63340492  0.0
-2.88368871  -0.50421707  0.0
-2.91362371  -0.37353032  0.0
-2.93467265  -0.24068880  0.0
-2.94689941  -0.10299281  0.0
-2.94853751  -0.06582060  0.0
-2.94967192   0.00000042  0.0
-2.94853745   0.07166070  0.0
-2.94689922   0.11620181  0.0
-2.93467269   0.25356116  0.0
-2.91362381   0.38542547  0.0
-2.88368882   0.51579079  0.0
-2.84493069   0.64453710  0.0
-2.79734926   0.77160787  0.0
-2.74094441   0.89680144  0.0
-2.67565294   1.01990988  0.0
-2.60153771   1.14048579  0.0
-2.51859854   1.25823294  0.0
-2.42677222   1.37286774  0.0
-2.32618465   1.48391111  0.0
-2.21664661   1.59118024  0.0
-2.09834708   1.69408886  0.0
-1.97115991   1.79232173  0.0
-1.83514802   1.88536192  0.0
-1.69031136   1.97274293  0.0
-1.53658667   2.05396679  0.0
-1.37403650   2.12856718  0.0
-1.20593840   2.19495552  0.0
-1.03790248   2.25143602  0.0
-0.86980261   2.29889728  0.0
-0.70170207   2.33789383  0.0
-0.53366395   2.36887311  0.0
-0.36556223   2.39223212  0.0
-0.19746008   2.40824185  0.0
-0.02942063   2.41709134  0.0
 0.13868217   2.41891923  0.0
 0.30678527   2.41382634  0.0
 0.47482549   2.40185679  0.0
 0.64292882   2.38297274  0.0
 0.81103212   2.35708596  0.0
 0.97907225   2.32405782  0.0
 1.14717514   2.28362362  0.0
 1.31527764   2.23546197  0.0
 1.48331671   2.17915061  0.0
 1.65141844   2.11416010  0.0
 1.81907820   2.04007465  0.0
 1.98137903   1.95845152  0.0
 2.13712363   1.86980757  0.0
 2.28624894   1.77413038  0.0
 2.42875488   1.67117440  0.0
 2.56470446   1.56045459  0.0
 2.69403457   1.44124652  0.0
 2.81680818   1.31221448  0.0
 2.93296224   1.17127290  0.0
 3.04255977   1.01460328  0.0
 3.14553798   0.83496491  0.0
 3.24189411   0.61638962  0.0
 3.33170041   0.27369507  0.0
 3.35312616   0.00000010  0.0
;;

# interior:
# ---------
 3.34811079   0.00000092  0.0
 3.32675052   0.27285960  0.0
 3.23715835   0.61473701  0.0
 3.14106912   0.83270687  0.0
 3.03833381   1.01192150  0.0
 2.92897828   1.16824521  0.0
 2.81306303   1.30889701  0.0
 2.69052529   1.43768116  0.0
 2.56142830   1.55667435  0.0
 2.42570956   1.66720616  0.0
 2.28343273   1.76999661  0.0
 2.13453517   1.86552768  0.0
 1.97901760   1.95404241  0.0
 1.81694319   2.03555168  0.0
 1.64950542   2.10953903  0.0
 1.48161997   2.17444592  0.0
 1.31379401   2.23068588  0.0
 1.14590135   2.27878741  0.0
 0.97800497   2.31917193  0.0
 0.81016910   2.35215992  0.0
 0.64226896   2.37801541  0.0
 0.47436859   2.39687666  0.0
 0.30653183   2.40883173  0.0
 0.13863363   2.41391841  0.0
-0.02926191   2.41209277  0.0
-0.19709142   2.40325434  0.0
-0.36498085   2.38726487  0.0
-0.53286622   2.36393591  0.0
-0.70068333   2.33299739  0.0
-0.86855766   2.29405331  0.0
-1.03642578   2.24665748  0.0
-1.20422241   2.19025742  0.0
-1.37207397   2.12396644  0.0
-1.53437425   2.04948074  0.0
-1.68785001   1.96838840  0.0
-1.83244288   1.88115448  0.0
-1.96821781   1.78827637  0.0
-2.09517543   1.69022080  0.0
-2.21325368   1.58750467  0.0
-2.32257941   1.48044346  0.0
-2.42296468   1.36962340  0.0
-2.51459968   1.25522745  0.0
-2.59735995   1.13773429  0.0
-2.67131014   1.01742688  0.0
-2.73645181   0.89460087  0.0
-2.79272379   0.76970224  0.0
-2.84019042   0.64293803  0.0
-2.87885298   0.51450920  0.0
-2.90871290   0.38447082  0.0
-2.92970780   0.25294469  0.0
-2.94190738   0.11588805  0.0
-2.94353891   0.07152923  0.0
-2.94467124   0.00000393  0.0
-2.94353941  -0.06566742  0.0
-2.94190916  -0.10266147  0.0
-2.92970742  -0.24007571  0.0
-2.90871194  -0.37257978  0.0
-2.87885195  -0.50293908  0.0
-2.84018832  -0.63181157  0.0
-2.79272007  -0.75914594  0.0
-2.73644517  -0.88474900  0.0
-2.67129895  -1.00860228  0.0
-2.59734349  -1.13020744  0.0
-2.51457735  -1.24923093  0.0
-2.42293621  -1.36537051  0.0
-2.32254492  -1.47809685  0.0
-2.21321306  -1.58720225  0.0
-2.09512877  -1.69210664  0.0
-1.96816540  -1.79246307  0.0
-1.83238541  -1.88776074  0.0
-1.68778922  -1.97747581  0.0
-1.53431485  -2.06104667  0.0
-1.37202425  -2.13773039  0.0
-1.20418897  -2.20560079  0.0
-1.03641169  -2.26284393  0.0
-0.86856287  -2.31036019  0.0
-0.70070585  -2.34883450  0.0
-0.53290417  -2.37880089  0.0
-0.36503196  -2.40073694  0.0
-0.19715366  -2.41499433  0.0
-0.02933354  -2.42180533  0.0
 0.13855473  -2.42135838  0.0
 0.30644744  -2.41381045  0.0
 0.47428119  -2.39923044  0.0
 0.64218183  -2.37767470  0.0
 0.81008487  -2.34913055  0.0
 0.97792586  -2.31352257  0.0
 1.14582939  -2.27064327  0.0
 1.31373089  -2.22023505  0.0
 1.48156590  -2.16192718  0.0
 1.64945916  -2.09516647  0.0
 1.81690679  -2.01949399  0.0
 1.97899425  -1.93674441  0.0
 2.13452486  -1.84751101  0.0
 2.28343467  -1.75178327  0.0
 2.42572220  -1.64935010  0.0
 2.56144919  -1.53969879  0.0
 2.69055152  -1.42209110  0.0
 2.81309153  -1.29514770  0.0
 2.92900633  -1.15677952  0.0
 3.03835847  -1.00322120  0.0
 3.14108248  -0.82728276  0.0
 3.23716256  -0.61113714  0.0
 3.32675114  -0.27170014  0.0
 3.34811079   0.00000092  0.0
;;

