# exterior:
# ---------
 0.84100000  -2.20967843  0.0
 0.84100000   2.21361288  0.0
 0.95025585   2.19213874  0.0
 1.11278264   2.15304577  0.0
 1.27521945   2.10650735  0.0
 1.43750464   2.05212416  0.0
 1.59976699   1.98939124  0.0
 1.76143293   1.91795434  0.0
 1.91762037   1.83940571  0.0
 2.06723529   1.75425053  0.0
 2.21021141   1.66251860  0.0
 2.34653127   1.56403187  0.0
 2.35057056   1.56074221  0.0
 2.35096509   1.56045184  0.0
 2.35138614   1.56020148  0.0
 2.35182967   1.55999352  0.0
 2.35229142   1.55982996  0.0
 2.35276695   1.55971237  0.0
 2.35325172   1.55964187  0.0
 2.35374105   1.55961915  0.0
 2.35423026   1.55964443  0.0
 2.35471465   1.55971745  0.0
 2.35518957   1.55983752  0.0
 2.35565046   1.56000349  0.0
 2.35609289   1.56021377  0.0
 2.35651263   1.56046632  0.0
 2.35690564   1.56075874  0.0
 2.35726815   1.56108822  0.0
 2.35759667   1.56145158  0.0
 2.35788807   1.56184535  0.0
 2.35813953   1.56226575  0.0
 2.35834865   1.56270873  0.0
 2.35851341   1.56317005  0.0
 2.35863224   1.56364528  0.0
 2.35870400   1.56412986  0.0
 2.35872800   1.56461914  0.0
 2.35872800   1.65638168  0.0
 2.39647450   1.62911104  0.0
 2.52997720   1.52038402  0.0
 2.65683619   1.40345366  0.0
 2.77710954   1.27704934  0.0
 2.89073221   1.13917935  0.0
 2.99776468   0.98617646  0.0
 3.09816804   0.81102974  0.0
 3.19169511   0.59887195  0.0
 3.27923154   0.26483906  0.0
 3.29996332   0.00000885  0.0
 3.27923750  -0.26362963  0.0
 3.19173534  -0.59516153  0.0
 3.09829593  -0.80536658  0.0
 2.99800067  -0.97714524  0.0
 2.89100070  -1.12740051  0.0
 2.77738238  -1.26302737  0.0
 2.65708730  -1.38764517  0.0
 2.53017713  -1.50325588  0.0
 2.39659543  -1.61117405  0.0
 2.35872800  -1.63843491  0.0
 2.35872800  -1.54681749  0.0
 2.35870409  -1.54632907  0.0
 2.35863258  -1.54584532  0.0
 2.35851416  -1.54537087  0.0
 2.35834995  -1.54491025  0.0
 2.35814154  -1.54446788  0.0
 2.35789092  -1.54404799  0.0
 2.35760047  -1.54365458  0.0
 2.35727298  -1.54329143  0.0
 2.35691159  -1.54296200  0.0
 2.35651975  -1.54266946  0.0
 2.35610120  -1.54241659  0.0
 2.35565995  -1.54220581  0.0
 2.35520022  -1.54203914  0.0
 2.35472641  -1.54191818  0.0
 2.35424305  -1.54184409  0.0
 2.35375477  -1.54181756  0.0
 2.35326622  -1.54183886  0.0
 2.35278210  -1.54190778  0.0
 2.35230702  -1.54202366  0.0
 2.35184554  -1.54218539  0.0
 2.35140206  -1.54239143  0.0
 2.35098082  -1.54263981  0.0
 2.35058587  -1.54292814  0.0
 2.34683719  -1.54595663  0.0
 2.21025835  -1.64428010  0.0
 2.06698562  -1.73638400  0.0
 1.91705500  -1.82240450  0.0
 1.76055150  -1.90230333  0.0
 1.59864685  -1.97547084  0.0
 1.43619534  -2.04006770  0.0
 1.27369102  -2.09652363  0.0
 1.11104032  -2.14535543  0.0
 0.94834019  -2.18690588  0.0
 0.84100000  -2.20967843  0.0
;;

# interior:
# ---------
 0.84600000  -2.20350638  0.0
 0.94720228  -2.18203601  0.0
 1.10970228  -2.14053667  0.0
 1.27215103  -2.09176550  0.0
 1.43445032  -2.03538080  0.0
 1.59669253  -1.97086716  0.0
 1.75838399  -1.89779600  0.0
 1.91467272  -1.81800681  0.0
 2.06438795  -1.73210989  0.0
 2.20744388  -1.64014536  0.0
 2.34380315  -1.54197995  0.0
 2.34744374  -1.53903879  0.0
 2.34763769  -1.53888980  0.0
 2.34803264  -1.53860146  0.0
 2.34844123  -1.53833278  0.0
 2.34886246  -1.53808441  0.0
 2.34929533  -1.53785693  0.0
 2.34973881  -1.53765089  0.0
 2.35019184  -1.53746678  0.0
 2.35065332  -1.53730505  0.0
 2.35112216  -1.53716607  0.0
 2.35159724  -1.53705019  0.0
 2.35207742  -1.53695768  0.0
 2.35256154  -1.53688876  0.0
 2.35304846  -1.53684360  0.0
 2.35353700  -1.53682230  0.0
 2.35402600  -1.53682492  0.0
 2.35451428  -1.53685145  0.0
 2.35500069  -1.53690182  0.0
 2.35548405  -1.53697592  0.0
 2.35596321  -1.53707356  0.0
 2.35643702  -1.53719452  0.0
 2.35690434  -1.53733851  0.0
 2.35736407  -1.53750517  0.0
 2.35781510  -1.53769412  0.0
 2.35825635  -1.53790490  0.0
 2.35868676  -1.53813700  0.0
 2.35910531  -1.53838987  0.0
 2.35951099  -1.53866291  0.0
 2.35990284  -1.53895545  0.0
 2.36027991  -1.53926681  0.0
 2.36064130  -1.53959624  0.0
 2.36098615  -1.53994294  0.0
 2.36131364  -1.54030609  0.0
 2.36162298  -1.54068483  0.0
 2.36191342  -1.54107823  0.0
 2.36218428  -1.54148537  0.0
 2.36243491  -1.54190527  0.0
 2.36266470  -1.54233692  0.0
 2.36287311  -1.54277929  0.0
 2.36305964  -1.54323132  0.0
 2.36322385  -1.54369193  0.0
 2.36336533  -1.54416002  0.0
 2.36348375  -1.54463447  0.0
 2.36357883  -1.54511415  0.0
 2.36365034  -1.54559790  0.0
 2.36369811  -1.54608456  0.0
 2.36372202  -1.54657298  0.0
 2.36372800  -1.54681749  0.0
 2.36372800  -1.62867451  0.0
 2.39356139  -1.60719737  0.0
 2.52691962  -1.49945975  0.0
 2.65360144  -1.38405706  0.0
 2.77366267  -1.25968151  0.0
 2.88704178  -1.12434019  0.0
 2.99379673  -0.97442900  0.0
 3.09383900  -0.80308365  0.0
 3.18700333  -0.59349741  0.0
 3.27428817  -0.26278895  0.0
 3.29494796   0.00000968  0.0
 3.27428165   0.26400359  0.0
 3.18695935   0.59721934  0.0
 3.09369918   0.80877170  0.0
 2.99353873   0.98349469  0.0
 2.88674824   1.13615166  0.0
 2.77336438   1.27373187  0.0
 2.65332691   1.39988829  0.0
 2.52670104   1.51660378  0.0
 2.39342918   1.62514280  0.0
 2.36372800   1.64660095  0.0
 2.36372800   1.56461914  0.0
 2.36372200   1.56437420  0.0
 2.36369800   1.56388493  0.0
 2.36365007   1.56339742  0.0
 2.36357831   1.56291284  0.0
 2.36348290   1.56243236  0.0
 2.36336406   1.56195713  0.0
 2.36322209   1.56148829  0.0
 2.36305733   1.56102697  0.0
 2.36287016   1.56057428  0.0
 2.36266104   1.56013129  0.0
 2.36243048   1.55969909  0.0
 2.36217901   1.55927869  0.0
 2.36190726   1.55887112  0.0
 2.36161587   1.55847735  0.0
 2.36130553   1.55809833  0.0
 2.36097701   1.55773496  0.0
 2.36063107   1.55738812  0.0
 2.36026857   1.55705865  0.0
 2.35989036   1.55674733  0.0
 2.35949735   1.55645491  0.0
 2.35909049   1.55618209  0.0
 2.35867075   1.55592953  0.0
 2.35823915   1.55569784  0.0
 2.35779671   1.55548756  0.0
 2.35734450   1.55529922  0.0
 2.35688362   1.55513325  0.0
 2.35641515   1.55499005  0.0
 2.35594023   1.55486998  0.0
 2.35546000   1.55477332  0.0
 2.35497561   1.55470029  0.0
 2.35448823   1.55465108  0.0
 2.35399902   1.55462581  0.0
 2.35350916   1.55462453  0.0
 2.35301982   1.55464725  0.0
 2.35253219   1.55469391  0.0
 2.35204743   1.55476441  0.0
 2.35156670   1.55485856  0.0
 2.35109116   1.55497616  0.0
 2.35062195   1.55511690  0.0
 2.35016020   1.55528046  0.0
 2.34970702   1.55546645  0.0
 2.34926349   1.55567441  0.0
 2.34883068   1.55590385  0.0
 2.34840963   1.55615421  0.0
 2.34800135   1.55642490  0.0
 2.34760683   1.55671526  0.0
 2.34741312   1.55686528  0.0
 2.34348596   1.56006363  0.0
 2.20739521   1.65838483  0.0
 2.06464684   1.74997064  0.0
 1.91525894   1.83499660  0.0
 1.75929792   1.91343137  0.0
 1.59785397   1.98477017  0.0
 1.43580790   2.04741948  0.0
 1.27373581   2.10173126  0.0
 1.11150885   2.14820956  0.0
 0.94918857   2.18725285  0.0
 0.84600000   2.20753447  0.0
 0.84600000  -2.20350638  0.0
;;

