# exterior:
# ---------
 2.35872800   1.65638168  0.0
 2.35872800   1.65638168  0.0
 2.39647450   1.62911104  0.0
 2.52997720   1.52038402  0.0
 2.65683619   1.40345366  0.0
 2.77710954   1.27704934  0.0
 2.89073221   1.13917935  0.0
 2.99776468   0.98617646  0.0
 3.09816804   0.81102974  0.0
 3.19169511   0.59887195  0.0
 3.27923154   0.26483906  0.0
 3.29996332   0.00000885  0.0
 3.27923750  -0.26362963  0.0
 3.19173534  -0.59516153  0.0
 3.09829593  -0.80536658  0.0
 2.99800067  -0.97714524  0.0
 2.89100070  -1.12740051  0.0
 2.77738238  -1.26302737  0.0
 2.65708730  -1.38764517  0.0
 2.53017713  -1.50325588  0.0
 2.39659543  -1.61117405  0.0
 2.35872800  -1.63843491  0.0
 2.36372800  -1.62867451  0.0
 2.36372800  -1.62867451  0.0
 2.39356139  -1.60719737  0.0
 2.52691962  -1.49945975  0.0
 2.65360144  -1.38405706  0.0
 2.77366267  -1.25968151  0.0
 2.88704178  -1.12434019  0.0
 2.99379673  -0.97442900  0.0
 3.09383900  -0.80308365  0.0
 3.18700333  -0.59349741  0.0
 3.27428817  -0.26278895  0.0
 3.29494796   0.00000968  0.0
 3.27428165   0.26400359  0.0
 3.18695935   0.59721934  0.0
 3.09369918   0.80877170  0.0
 2.99353873   0.98349469  0.0
 2.88674824   1.13615166  0.0
 2.77336438   1.27373187  0.0
 2.65332691   1.39988829  0.0
 2.52670104   1.51660378  0.0
 2.39342918   1.62514280  0.0
 2.36372800   1.64660095  0.0
 2.36372800   1.64660095  0.0
 2.35872800   1.65638168  0.0
;;

