# exterior:
# ---------
-0.84100000   2.21832179  0.0
-0.84100000  -2.23460327  0.0
-0.84871817  -2.23283420  0.0
-1.01258326  -2.18644570  0.0
-1.17625539  -2.13060317  0.0
-1.33991357  -2.06442194  0.0
-1.49806751  -1.98969282  0.0
-1.64753924  -1.90830151  0.0
-1.78828214  -1.82097722  0.0
-1.92034311  -1.72828976  0.0
-2.04371580  -1.63077153  0.0
-2.15834584  -1.52893584  0.0
-2.26436828  -1.42313301  0.0
-2.36160889  -1.31394448  0.0
-2.45027661  -1.20157320  0.0
-2.53026414  -1.08654554  0.0
-2.60165420  -0.96915867  0.0
-2.66446874  -0.84973830  0.0
-2.71865930  -0.72878738  0.0
-2.76431403  -0.60631782  0.0
-2.80146385  -0.48249112  0.0
-2.83012372  -0.35737116  0.0
-2.85026368  -0.23026632  0.0
-2.86206514  -0.09735995  0.0
-2.86356976  -0.06321669  0.0
-2.86466032   0.00006007  0.0
-2.86356219   0.06942561  0.0
-2.86203792   0.11086801  0.0
-2.85026947   0.24308116  0.0
-2.83013830   0.36919629  0.0
-2.80147950   0.49400387  0.0
-2.76434617   0.61735293  0.0
-2.71871617   0.73921222  0.0
-2.66457030   0.85939185  0.0
-2.60182533   0.97769883  0.0
-2.53051577   1.09371027  0.0
-2.45061800   1.20713961  0.0
-2.36204413   1.31771408  0.0
-2.26489554   1.42496101  0.0
-2.15896683   1.52869557  0.0
-2.04442907   1.62833182  0.0
-1.92114428   1.72355069  0.0
-1.78916060   1.81383536  0.0
-1.64846845   1.89871595  0.0
-1.49897555   1.97770385  0.0
-1.34067349   2.05035462  0.0
-1.17676659   2.11508770  0.0
-1.01279865   2.17020086  0.0
-0.84863857   2.21654977  0.0
-0.84100000   2.21832179  0.0
;;

# interior:
# ---------
-0.84600000   2.21202909  0.0
-0.84739363   2.21170579  0.0
-1.01132195   2.16542232  0.0
-1.17505060   2.11038960  0.0
-1.33871096   2.04575388  0.0
-1.49676313   1.97321780  0.0
-1.64600711   1.89436142  0.0
-1.78645545   1.80962792  0.0
-1.91820219   1.71950534  0.0
-2.04125743   1.62446376  0.0
-2.15557390   1.52502000  0.0
-2.26129030   1.42149336  0.0
-2.35823659   1.31446975  0.0
-2.44661914   1.20413412  0.0
-2.52633801   1.09095877  0.0
-2.59748253   0.97521583  0.0
-2.66007771   0.85719129  0.0
-2.71409070   0.73730659  0.0
-2.75960591   0.61575386  0.0
-2.79664365   0.49272229  0.0
-2.82522739   0.36824164  0.0
-2.84530457   0.24246469  0.0
-2.85704608   0.11055426  0.0
-2.85856364   0.06929414  0.0
-2.85965964   0.00006358  0.0
-2.85857166  -0.06306352  0.0
-2.85707489  -0.09702860  0.0
-2.84529845  -0.22965324  0.0
-2.82521196  -0.35642062  0.0
-2.79662709  -0.48121312  0.0
-2.75957189  -0.60472446  0.0
-2.71403050  -0.72688997  0.0
-2.65997021  -0.84755013  0.0
-2.59730140  -0.96669345  0.0
-2.52607169  -1.08381667  0.0
-2.44625782  -1.19859459  0.0
-2.35777593  -1.31073035  0.0
-2.26073224  -1.41969777  0.0
-2.15491664  -1.52529419  0.0
-2.04050249  -1.62693809  0.0
-1.91735421  -1.72427893  0.0
-1.78552568  -1.81680325  0.0
-1.64502362  -1.90397812  0.0
-1.49580205  -1.98523321  0.0
-1.33790665  -2.05984016  0.0
-1.17450954  -2.12591582  0.0
-1.01109398  -2.18167081  0.0
-0.84747787  -2.22798883  0.0
-0.84600000  -2.22832757  0.0
-0.84600000   2.21202909  0.0
;;

