# exterior:
# ---------
 0.83600000   2.21969129  0.0
 0.83600000   2.21969129  0.0
 0.95132312   2.19702463  0.0
 1.11405644   2.15788199  0.0
 1.27670309   2.11128345  0.0
 1.43920139   2.05682884  0.0
 1.60168000   1.99401231  0.0
 1.76356794   1.92247732  0.0
 1.91998180   1.84381481  0.0
 2.06982375   1.75853042  0.0
 2.21302762   1.66665237  0.0
 2.34957659   1.56800012  0.0
 2.35372800   1.56461914  0.0
 2.35372800   1.56461914  0.0
 2.35626200   1.56031552  0.0
 2.35609289   1.56021377  0.0
 2.35565046   1.56000349  0.0
 2.35518957   1.55983752  0.0
 2.35471465   1.55971745  0.0
 2.35423026   1.55964443  0.0
 2.35374105   1.55961915  0.0
 2.35325172   1.55964187  0.0
 2.35276695   1.55971237  0.0
 2.35229142   1.55982996  0.0
 2.35182967   1.55999352  0.0
 2.35138614   1.56020148  0.0
 2.35096509   1.56045184  0.0
 2.35057056   1.56074221  0.0
 2.34653127   1.56403187  0.0
 2.21021141   1.66251860  0.0
 2.06723529   1.75425053  0.0
 1.91762037   1.83940571  0.0
 1.76143293   1.91795434  0.0
 1.59976699   1.98939124  0.0
 1.43750464   2.05212416  0.0
 1.27521945   2.10650735  0.0
 1.11278264   2.15304577  0.0
 0.95025585   2.19213874  0.0
 0.84100000   2.21361288  0.0
 0.84100000   2.21361288  0.0
 0.83600000   2.21969129  0.0
;;

