# exterior:
# ---------
-0.74500000  -2.27712597  0.0
-0.74500000   2.26112332  0.0
-0.68845839   2.27424004  0.0
-0.52329338   2.30468963  0.0
-0.35800428   2.32765781  0.0
-0.19266745   2.34340417  0.0
-0.02735718   2.35210993  0.0
 0.13805110   2.35390852  0.0
 0.30349059   2.34889633  0.0
 0.46888579   2.33711518  0.0
 0.63435065   2.31852753  0.0
 0.74500000   2.30148828  0.0
 0.74500000  -2.29933436  0.0
 0.63333003  -2.31831867  0.0
 0.46786195  -2.33956212  0.0
 0.30250200  -2.35392722  0.0
 0.13712689  -2.36136197  0.0
-0.02819632  -2.36180209  0.0
-0.19339661  -2.35509741  0.0
-0.35860291  -2.34106695  0.0
-0.52373804  -2.31948855  0.0
-0.68872230  -2.29002531  0.0
-0.74500000  -2.27712597  0.0
;;

# interior:
# ---------
-0.74000000  -2.27314235  0.0
-0.68772367  -2.28512455  0.0
-0.52297420  -2.31454586  0.0
-0.35806716  -2.33609446  0.0
-0.19308352  -2.35010600  0.0
-0.02810155  -2.35680182  0.0
 0.13700790  -2.35636227  0.0
 0.30217322  -2.34893695  0.0
 0.46732702  -2.33458976  0.0
 0.63259238  -2.31337234  0.0
 0.74000000  -2.29511264  0.0
 0.74000000   2.29719931  0.0
 0.63369079   2.31357021  0.0
 0.46842889   2.33213506  0.0
 0.30323715   2.34390172  0.0
 0.13800256   2.34890770  0.0
-0.02719845   2.34711136  0.0
-0.19229879   2.33841666  0.0
-0.35742290   2.32269055  0.0
-0.52249564   2.29975244  0.0
-0.68743965   2.26934359  0.0
-0.74000000   2.25715046  0.0
-0.74000000  -2.27314235  0.0
;;

