# exterior:
# ---------
-0.75000000   2.26509618  0.0
-0.68947714   2.27913648  0.0
-0.52409112   2.30962682  0.0
-0.35858566   2.33262506  0.0
-0.19303612   2.34839169  0.0
-0.02751590   2.35710850  0.0
 0.13809965   2.35890935  0.0
 0.30374402   2.35389095  0.0
 0.46934269   2.34209531  0.0
 0.63501051   2.32348485  0.0
 0.75000000   2.30577725  0.0
 0.74500000   2.30148828  0.0
 0.63435065   2.31852753  0.0
 0.46888579   2.33711518  0.0
 0.30349059   2.34889633  0.0
 0.13805110   2.35390852  0.0
-0.02735718   2.35210993  0.0
-0.19266745   2.34340417  0.0
-0.35800428   2.32765781  0.0
-0.52329338   2.30468963  0.0
-0.68845839   2.27424004  0.0
-0.74500000   2.26112332  0.0
-0.75000000   2.26509618  0.0
;;

