# exterior:
# ---------
 0.84100000  -2.20967843  0.0
 0.84100000  -2.20967843  0.0
 0.84600000  -2.20350638  0.0
 0.84600000  -2.20350638  0.0
 0.94720228  -2.18203601  0.0
 1.10970228  -2.14053667  0.0
 1.27215103  -2.09176550  0.0
 1.43445032  -2.03538080  0.0
 1.59669253  -1.97086716  0.0
 1.75838399  -1.89779600  0.0
 1.91467272  -1.81800681  0.0
 2.06438795  -1.73210989  0.0
 2.20744388  -1.64014536  0.0
 2.34380315  -1.54197995  0.0
 2.34744374  -1.53903879  0.0
 2.34763769  -1.53888980  0.0
 2.34803264  -1.53860146  0.0
 2.34844123  -1.53833278  0.0
 2.34886246  -1.53808441  0.0
 2.34929533  -1.53785693  0.0
 2.34973881  -1.53765089  0.0
 2.35019184  -1.53746678  0.0
 2.35065332  -1.53730505  0.0
 2.35112216  -1.53716607  0.0
 2.35159724  -1.53705019  0.0
 2.35207742  -1.53695768  0.0
 2.35256154  -1.53688876  0.0
 2.35304846  -1.53684360  0.0
 2.35353700  -1.53682230  0.0
 2.35402600  -1.53682492  0.0
 2.35451428  -1.53685145  0.0
 2.35500069  -1.53690182  0.0
 2.35548405  -1.53697592  0.0
 2.35596321  -1.53707356  0.0
 2.35643702  -1.53719452  0.0
 2.35690434  -1.53733851  0.0
 2.35736407  -1.53750517  0.0
 2.35781510  -1.53769412  0.0
 2.35803755  -1.53780038  0.0
 2.35588149  -1.54231163  0.0
 2.35565995  -1.54220581  0.0
 2.35520022  -1.54203914  0.0
 2.35472641  -1.54191818  0.0
 2.35424305  -1.54184409  0.0
 2.35375477  -1.54181756  0.0
 2.35326622  -1.54183886  0.0
 2.35278210  -1.54190778  0.0
 2.35230702  -1.54202366  0.0
 2.35184554  -1.54218539  0.0
 2.35140206  -1.54239143  0.0
 2.35098082  -1.54263981  0.0
 2.35058587  -1.54292814  0.0
 2.34683719  -1.54595663  0.0
 2.21025835  -1.64428010  0.0
 2.06698562  -1.73638400  0.0
 1.91705500  -1.82240450  0.0
 1.76055150  -1.90230333  0.0
 1.59864685  -1.97547084  0.0
 1.43619534  -2.04006770  0.0
 1.27369102  -2.09652363  0.0
 1.11104032  -2.14535543  0.0
 0.94834019  -2.18690588  0.0
 0.84100000  -2.20967843  0.0
;;

