# exterior:
# ---------
 0.83600000   2.34708288  0.0
 0.97800497   2.31917193  0.0
 1.14590135   2.27878741  0.0
 1.31379401   2.23068588  0.0
 1.48161997   2.17444592  0.0
 1.64950542   2.10953903  0.0
 1.81694319   2.03555168  0.0
 1.97901760   1.95404241  0.0
 2.13453517   1.86552768  0.0
 2.28343273   1.76999661  0.0
 2.35372800   1.71921053  0.0
 2.35372800   1.68836860  0.0
 2.26935171   1.74932776  0.0
 2.12159288   1.84412823  0.0
 1.96721044   1.93199689  0.0
 1.80626814   2.01293680  0.0
 1.63994034   2.08643368  0.0
 1.47313625   2.15092251  0.0
 1.30637582   2.20680539  0.0
 1.13953237   2.25460632  0.0
 0.97266860   2.29474247  0.0
 0.83600000   2.32160457  0.0
 0.83600000   2.34708288  0.0
;;

