# exterior:
# ---------
 3.34811079   0.00000092  0.0
 3.32675114  -0.27170014  0.0
 3.23716256  -0.61113714  0.0
 3.14108248  -0.82728276  0.0
 3.03835847  -1.00322120  0.0
 2.92900633  -1.15677952  0.0
 2.81309153  -1.29514770  0.0
 2.69055152  -1.42209110  0.0
 2.56144919  -1.53969879  0.0
 2.42572220  -1.64935010  0.0
 2.28343467  -1.75178327  0.0
 2.13452486  -1.84751101  0.0
 1.97899425  -1.93674441  0.0
 1.81690679  -2.01949399  0.0
 1.64945916  -2.09516647  0.0
 1.48156590  -2.16192718  0.0
 1.31373089  -2.22023505  0.0
 1.14582939  -2.27064327  0.0
 0.97792586  -2.31352257  0.0
 0.81008487  -2.34913055  0.0
 0.64218183  -2.37767470  0.0
 0.47428119  -2.39923044  0.0
 0.30644744  -2.41381045  0.0
 0.13855473  -2.42135838  0.0
-0.02933354  -2.42180533  0.0
-0.19715366  -2.41499433  0.0
-0.36503196  -2.40073694  0.0
-0.53290417  -2.37880089  0.0
-0.70070585  -2.34883450  0.0
-0.86856287  -2.31036019  0.0
-1.03641169  -2.26284393  0.0
-1.20418897  -2.20560079  0.0
-1.37202425  -2.13773039  0.0
-1.53431485  -2.06104667  0.0
-1.68778922  -1.97747581  0.0
-1.83238541  -1.88776074  0.0
-1.96816540  -1.79246307  0.0
-2.09512877  -1.69210664  0.0
-2.21321306  -1.58720225  0.0
-2.32254492  -1.47809685  0.0
-2.42293621  -1.36537051  0.0
-2.51457735  -1.24923093  0.0
-2.59734349  -1.13020744  0.0
-2.67129895  -1.00860228  0.0
-2.73644517  -0.88474900  0.0
-2.79272007  -0.75914594  0.0
-2.84018832  -0.63181157  0.0
-2.87885195  -0.50293908  0.0
-2.90871194  -0.37257978  0.0
-2.92970742  -0.24007571  0.0
-2.94190916  -0.10266147  0.0
-2.94353941  -0.06566742  0.0
-2.94467124   0.00000393  0.0
-2.94353891   0.07152923  0.0
-2.94190738   0.11588805  0.0
-2.92970780   0.25294469  0.0
-2.90871290   0.38447082  0.0
-2.87885298   0.51450920  0.0
-2.84019042   0.64293803  0.0
-2.79272379   0.76970224  0.0
-2.73645181   0.89460087  0.0
-2.67131014   1.01742688  0.0
-2.59735995   1.13773429  0.0
-2.51459968   1.25522745  0.0
-2.42296468   1.36962340  0.0
-2.32257941   1.48044346  0.0
-2.21325368   1.58750467  0.0
-2.09517543   1.69022080  0.0
-1.96821781   1.78827637  0.0
-1.83244288   1.88115448  0.0
-1.68785001   1.96838840  0.0
-1.53437425   2.04948074  0.0
-1.37207397   2.12396644  0.0
-1.20422241   2.19025742  0.0
-1.03642578   2.24665748  0.0
-0.86855766   2.29405331  0.0
-0.70068333   2.33299739  0.0
-0.53286622   2.36393591  0.0
-0.36498085   2.38726487  0.0
-0.19709142   2.40325434  0.0
-0.02926191   2.41209277  0.0
 0.13863363   2.41391841  0.0
 0.30653183   2.40883173  0.0
 0.47436859   2.39687666  0.0
 0.64226896   2.37801541  0.0
 0.81016910   2.35215992  0.0
 0.97800497   2.31917193  0.0
 1.14590135   2.27878741  0.0
 1.31379401   2.23068588  0.0
 1.48161997   2.17444592  0.0
 1.64950542   2.10953903  0.0
 1.81694319   2.03555168  0.0
 1.97901760   1.95404241  0.0
 2.13453517   1.86552768  0.0
 2.28343273   1.76999661  0.0
 2.42570956   1.66720616  0.0
 2.56142830   1.55667435  0.0
 2.69052529   1.43768116  0.0
 2.81306303   1.30889701  0.0
 2.92897828   1.16824521  0.0
 3.03833381   1.01192150  0.0
 3.14106912   0.83270687  0.0
 3.23715835   0.61473701  0.0
 3.32675052   0.27285960  0.0
 3.34811079   0.00000092  0.0
;;

# interior:
# ---------
 3.32303399   0.00000505  0.0
 3.30200105   0.26868224  0.0
 3.21347958   0.60647396  0.0
 3.11872481   0.82141670  0.0
 3.01720406   0.99851263  0.0
 2.90905845   1.15310674  0.0
 2.79433725   1.29230968  0.0
 2.67297888   1.41985433  0.0
 2.54504752   1.53777314  0.0
 2.41048297   1.64736495  0.0
 2.26935171   1.74932776  0.0
 2.12159288   1.84412823  0.0
 1.96721044   1.93199689  0.0
 1.80626814   2.01293680  0.0
 1.63994034   2.08643368  0.0
 1.47313625   2.15092251  0.0
 1.30637582   2.20680539  0.0
 1.13953237   2.25460632  0.0
 0.97266860   2.29474247  0.0
 0.80585404   2.32752973  0.0
 0.63896966   2.35322880  0.0
 0.47208409   2.37197605  0.0
 0.30526464   2.38385865  0.0
 0.13839091   2.38891429  0.0
-0.02846827   2.38709992  0.0
-0.19524810   2.37831677  0.0
-0.36207395   2.36242859  0.0
-0.52887753   2.33924996  0.0
-0.69558960   2.30851516  0.0
-0.86233295   2.26983345  0.0
-1.02904230   2.22276478  0.0
-1.19564247   2.16676688  0.0
-1.36226132   2.10096274  0.0
-1.52331216   2.02705046  0.0
-1.67554327   1.94661576  0.0
-1.81891717   1.86011725  0.0
-1.95350733   1.76804960  0.0
-2.07931720   1.67088049  0.0
-2.19628904   1.56912683  0.0
-2.30455320   1.46310520  0.0
-2.40392701   1.35340174  0.0
-2.49460541   1.24020000  0.0
-2.57647114   1.12397678  0.0
-2.64959614   1.00501186  0.0
-2.71398884   0.88359805  0.0
-2.76959641   0.76017411  0.0
-2.81648909   0.63494269  0.0
-2.85467376   0.50810129  0.0
-2.88415834   0.37969753  0.0
-2.90488332   0.24986234  0.0
-2.91694817   0.11431929  0.0
-2.91854618   0.07087185  0.0
-2.91966783   0.00002147  0.0
-2.91854889  -0.06490157  0.0
-2.91695790  -0.10100474  0.0
-2.90488125  -0.23701028  0.0
-2.88415313  -0.36782709  0.0
-2.85466817  -0.49654909  0.0
-2.81647760  -0.62384477  0.0
-2.76957608  -0.74965889  0.0
-2.71395253  -0.87380815  0.0
-2.64953496  -0.99627615  0.0
-2.57638119  -1.11656310  0.0
-2.49448337  -1.23433789  0.0
-2.40377142  -1.34929988  0.0
-2.30436472  -1.46092065  0.0
-2.19606705  -1.56899399  0.0
-2.07906222  -1.67293942  0.0
-1.95322093  -1.77240891  0.0
-1.81860314  -1.86689089  0.0
-1.67521110  -1.95585885  0.0
-1.52298755  -2.03874859  0.0
-1.36198966  -2.11482150  0.0
-1.19545973  -2.18216403  0.0
-1.02896531  -2.23896948  0.0
-0.86236140  -2.28613332  0.0
-0.69571271  -2.32433067  0.0
-0.52908495  -2.35408741  0.0
-0.36235319  -2.37587445  0.0
-0.19558822  -2.39003728  0.0
-0.02885970  -2.39680398  0.0
 0.13795980  -2.39635988  0.0
 0.30480351  -2.38885911  0.0
 0.47160651  -2.37436864  0.0
 0.63849358  -2.35294302  0.0
 0.80539377  -2.32456936  0.0
 0.97223631  -2.28917321  0.0
 1.13913919  -2.24654946  0.0
 1.30603091  -2.19644439  0.0
 1.47284079  -2.13849267  0.0
 1.63968756  -2.07214808  0.0
 1.80606923  -1.99695733  0.0
 1.96708285  -1.91475597  0.0
 2.12153654  -1.82614043  0.0
 2.26936230  -1.73110958  0.0
 2.41055200  -1.62946674  0.0
 2.54516166  -1.52071811  0.0
 2.67312224  -1.40415051  0.0
 2.79449301  -1.27841836  0.0
 2.90921173  -1.14147795  0.0
 3.01733878  -0.98963997  0.0
 3.11879782  -0.81586808  0.0
 3.21350255  -0.60281651  0.0
 3.30200446  -0.26749675  0.0
 3.32303399   0.00000505  0.0
;;

