# exterior:
# ---------
 0.75000000  -2.33398651  0.0
 0.63849358  -2.35294302  0.0
 0.47160651  -2.37436864  0.0
 0.30480351  -2.38885911  0.0
 0.13795980  -2.39635988  0.0
-0.02885970  -2.39680398  0.0
-0.19558822  -2.39003728  0.0
-0.36235319  -2.37587445  0.0
-0.52908495  -2.35408741  0.0
-0.69571271  -2.32433067  0.0
-0.75000000  -2.31188755  0.0
-0.75000000  -2.28110958  0.0
-0.68972093  -2.29492608  0.0
-0.52450189  -2.32443125  0.0
-0.35913867  -2.34603945  0.0
-0.19370970  -2.36008882  0.0
-0.02829109  -2.36680236  0.0
 0.13724587  -2.36636167  0.0
 0.30283079  -2.35891749  0.0
 0.46839689  -2.34453448  0.0
 0.63406768  -2.32326501  0.0
 0.75000000  -2.30355608  0.0
 0.75000000  -2.33398651  0.0
;;

