# exterior:
# ---------
-0.75000000   2.29589284  0.0
-0.69558960   2.30851516  0.0
-0.52887753   2.33924996  0.0
-0.36207395   2.36242859  0.0
-0.19524810   2.37831677  0.0
-0.02846827   2.38709992  0.0
 0.13839091   2.38891429  0.0
 0.30526464   2.38385865  0.0
 0.47208409   2.37197605  0.0
 0.63896966   2.35322880  0.0
 0.75000000   2.33613087  0.0
 0.75000000   2.30577725  0.0
 0.63501051   2.32348485  0.0
 0.46934269   2.34209531  0.0
 0.30374402   2.35389095  0.0
 0.13809965   2.35890935  0.0
-0.02751590   2.35710850  0.0
-0.19303612   2.34839169  0.0
-0.35858566   2.33262506  0.0
-0.52409112   2.30962682  0.0
-0.68947714   2.27913648  0.0
-0.75000000   2.26509618  0.0
-0.75000000   2.29589284  0.0
;;

