# exterior:
# ---------
 3.32303399   0.00000505  0.0
 3.30200446  -0.26749675  0.0
 3.21350255  -0.60281651  0.0
 3.11879782  -0.81586808  0.0
 3.01733878  -0.98963997  0.0
 2.90921173  -1.14147795  0.0
 2.79449301  -1.27841836  0.0
 2.67312224  -1.40415051  0.0
 2.54516166  -1.52071811  0.0
 2.41055200  -1.62946674  0.0
 2.35372800  -1.67037449  0.0
 2.35372800  -1.64819531  0.0
 2.39962946  -1.61515072  0.0
 2.53343464  -1.50705202  0.0
 2.66057315  -1.39123329  0.0
 2.78110208  -1.26637324  0.0
 2.89495962  -1.13046082  0.0
 3.00220460  -0.97986149  0.0
 3.10275286  -0.80764952  0.0
 3.19646734  -0.59682566  0.0
 3.28418684  -0.26447031  0.0
 3.30497868   0.00000802  0.0
 3.28418143   0.26567453  0.0
 3.19643086   0.60052456  0.0
 3.10263691   0.81328777  0.0
 3.00199063   0.98885824  0.0
 2.89471617   1.14220705  0.0
 2.78085469   1.28036680  0.0
 2.66034547   1.40701902  0.0
 2.53325335   1.52416426  0.0
 2.39951982   1.63307928  0.0
 2.35372800   1.66616240  0.0
 2.35372800   1.68836860  0.0
 2.41048297   1.64736495  0.0
 2.54504752   1.53777314  0.0
 2.67297888   1.41985433  0.0
 2.79433725   1.29230968  0.0
 2.90905845   1.15310674  0.0
 3.01720406   0.99851263  0.0
 3.11872481   0.82141670  0.0
 3.21347958   0.60647396  0.0
 3.30200105   0.26868224  0.0
 3.32303399   0.00000505  0.0
;;

