# exterior:
# ---------
-0.75000000   2.60246892  0.0
-0.74375072   2.60430330  0.0
-0.49709261   2.65521498  0.0
-0.24661178   2.68591837  0.0
 0.00579200   2.69617600  0.0
 0.25819578   2.68591837  0.0
 0.50867661   2.65521498  0.0
 0.75000000   2.60540441  0.0
 0.75000000   2.60479177  0.0
 0.50857930   2.65462241  0.0
 0.25814701   2.68531985  0.0
 0.00579200   2.69557550  0.0
-0.24656301   2.68531985  0.0
-0.49699530   2.65462241  0.0
-0.74360534   2.60372066  0.0
-0.75000000   2.60184361  0.0
-0.75000000   2.60246892  0.0
;;

