# exterior:
# ---------
 0.75000000  -2.60479177  0.0
 0.50857930  -2.65462241  0.0
 0.25814701  -2.68531985  0.0
 0.00579200  -2.69557550  0.0
-0.24656301  -2.68531985  0.0
-0.49699530  -2.65462241  0.0
-0.74360534  -2.60372066  0.0
-0.75000000  -2.60184361  0.0
-0.75000000  -2.59663265  0.0
-0.74239382  -2.59886532  0.0
-0.49618442  -2.64968439  0.0
-0.24615666  -2.68033224  0.0
 0.00579200  -2.69057138  0.0
 0.25774066  -2.68033224  0.0
 0.50776842  -2.64968439  0.0
 0.75000000  -2.59968637  0.0
 0.75000000  -2.60479177  0.0
;;

