# exterior:
# ---------
 2.90119134   0.00000000  0.0
 2.89017180  -0.23493105  0.0
 2.85720580  -0.46807300  0.0
 2.80253647  -0.69765407  0.0
 2.72658060  -0.92192568  0.0
 2.62992291  -1.13918545  0.0
 2.51329283  -1.34777153  0.0
 2.37757615  -1.54610306  0.0
 2.22380925  -1.73266863  0.0
 2.05316168  -1.90604363  0.0
 1.94699341  -1.99661961  0.0
 1.94366978  -1.99288275  0.0
 2.04975093  -1.90238111  0.0
 2.22009111  -1.72931839  0.0
 2.37357581  -1.54309522  0.0
 2.50903892  -1.34513424  0.0
 2.62544739  -1.13694450  0.0
 2.72191871  -0.92010367  0.0
 2.79772624  -0.69627002  0.0
 2.85228773  -0.46714183  0.0
 2.88518826  -0.23446288  0.0
 2.89618584   0.00000000  0.0
 2.88518826   0.23446288  0.0
 2.85228773   0.46714183  0.0
 2.79772624   0.69627002  0.0
 2.72191871   0.92010367  0.0
 2.62544739   1.13694450  0.0
 2.50903892   1.34513424  0.0
 2.37357581   1.54309522  0.0
 2.22009111   1.72931839  0.0
 2.04975093   1.90238111  0.0
 1.94366978   1.99288275  0.0
 1.94699341   1.99661961  0.0
 2.05316168   1.90604363  0.0
 2.22380925   1.73266863  0.0
 2.37757615   1.54610306  0.0
 2.51329283   1.34777153  0.0
 2.62992291   1.13918545  0.0
 2.72658060   0.92192568  0.0
 2.80253647   0.69765407  0.0
 2.85720580   0.46807300  0.0
 2.89017180   0.23493105  0.0
 2.90119134   0.00000000  0.0
;;

