# exterior:
# ---------
-0.83600000  -2.57659971  0.0
-0.98450515  -2.53300845  0.0
-1.21787053  -2.44301288  0.0
-1.44192362  -2.33442899  0.0
-1.65495608  -2.20807343  0.0
-1.85535227  -2.06491923  0.0
-2.04157768  -1.90604363  0.0
-2.21222525  -1.73266863  0.0
-2.36599215  -1.54610306  0.0
-2.50170883  -1.34777153  0.0
-2.61833891  -1.13918545  0.0
-2.71499660  -0.92192568  0.0
-2.79095247  -0.69765407  0.0
-2.84562180  -0.46807300  0.0
-2.87858780  -0.23493105  0.0
-2.88960734   0.00000000  0.0
-2.87858780   0.23493105  0.0
-2.84562180   0.46807300  0.0
-2.79095247   0.69765407  0.0
-2.71499660   0.92192568  0.0
-2.61833891   1.13918545  0.0
-2.50170883   1.34777153  0.0
-2.36599215   1.54610306  0.0
-2.21222525   1.73266863  0.0
-2.04157768   1.90604363  0.0
-1.85535227   2.06491923  0.0
-1.65495608   2.20807343  0.0
-1.44192362   2.33442899  0.0
-1.21787053   2.44301288  0.0
-0.98450515   2.53300845  0.0
-0.83600000   2.57659971  0.0
-0.83600000   2.57138876  0.0
-0.98289876   2.52826903  0.0
-1.21587726   2.43842266  0.0
-1.43955378   2.33002126  0.0
-1.65222260   2.20388139  0.0
-1.85227080   2.06097578  0.0
-2.03816693   1.90238111  0.0
-2.20850711   1.72931839  0.0
-2.36199181   1.54309522  0.0
-2.49745492   1.34513424  0.0
-2.61386339   1.13694450  0.0
-2.71033471   0.92010367  0.0
-2.78614224   0.69627002  0.0
-2.84070373   0.46714183  0.0
-2.87360426   0.23446288  0.0
-2.88460184   0.00000000  0.0
-2.87360426  -0.23446288  0.0
-2.84070373  -0.46714183  0.0
-2.78614224  -0.69627002  0.0
-2.71033471  -0.92010367  0.0
-2.61386339  -1.13694450  0.0
-2.49745492  -1.34513424  0.0
-2.36199181  -1.54309522  0.0
-2.20850711  -1.72931839  0.0
-2.03816693  -1.90238111  0.0
-1.85227080  -2.06097578  0.0
-1.65222260  -2.20388139  0.0
-1.43955378  -2.33002126  0.0
-1.21587726  -2.43842266  0.0
-0.98289876  -2.52826903  0.0
-0.83600000  -2.57138876  0.0
-0.83600000  -2.57659971  0.0
;;

