# exterior:
# ---------
 0.83600000  -2.50548335  0.0
 0.83600000   2.50548335  0.0
 0.97311769   2.46523470  0.0
 1.20095068   2.37737265  0.0
 1.41961894   2.27139843  0.0
 1.62745137   2.14812716  0.0
 1.82287129   2.00852779  0.0
 1.90179200   1.94119769  0.0
 1.90179200   1.93528256  0.0
 2.00131815   1.85037322  0.0
 2.16729357   1.68174503  0.0
 2.31677102   1.50038386  0.0
 2.44863342   1.30768483  0.0
 2.56189510   1.10512294  0.0
 2.65571974   0.89423110  0.0
 2.72942102   0.67661651  0.0
 2.78245112   0.45391931  0.0
 2.81442203   0.22781479  0.0
 2.82510778   0.00000000  0.0
 2.81442203  -0.22781479  0.0
 2.78245112  -0.45391931  0.0
 2.72942102  -0.67661651  0.0
 2.65571974  -0.89423110  0.0
 2.56189510  -1.10512294  0.0
 2.44863342  -1.30768483  0.0
 2.31677102  -1.50038386  0.0
 2.16729357  -1.68174503  0.0
 2.00131815  -1.85037322  0.0
 1.90179200  -1.93528256  0.0
 1.90179200  -1.94119769  0.0
 1.82287129  -2.00852779  0.0
 1.62745137  -2.14812716  0.0
 1.41961894  -2.27139843  0.0
 1.20095068  -2.37737265  0.0
 0.97311769  -2.46523470  0.0
 0.83600000  -2.50548335  0.0
;;

# interior:
# ---------
 0.84100000  -2.49880473  0.0
 0.97151130  -2.46049527  0.0
 1.19895740  -2.37278243  0.0
 1.41724911  -2.26699070  0.0
 1.62471789  -2.14393511  0.0
 1.81978982  -2.00458433  0.0
 1.89679200  -1.93889100  0.0
 1.89679200  -1.93528256  0.0
 1.89681505  -1.93480303  0.0
 1.89688398  -1.93432792  0.0
 1.89699816  -1.93386161  0.0
 1.89715654  -1.93340840  0.0
 1.89735765  -1.93297247  0.0
 1.89759964  -1.93255784  0.0
 1.89788028  -1.93216832  0.0
 1.89819699  -1.93180752  0.0
 1.89854684  -1.93147876  0.0
 1.99790739  -1.84671069  0.0
 2.16357543  -1.67839479  0.0
 2.31277068  -1.49737602  0.0
 2.44437951  -1.30504755  0.0
 2.55741959  -1.10288199  0.0
 2.65105784  -0.89240909  0.0
 2.72461079  -0.67523246  0.0
 2.77753305  -0.45298814  0.0
 2.80943849  -0.22734662  0.0
 2.82010228   0.00000000  0.0
 2.80943849   0.22734662  0.0
 2.77753305   0.45298814  0.0
 2.72461079   0.67523246  0.0
 2.65105784   0.89240909  0.0
 2.55741959   1.10288199  0.0
 2.44437951   1.30504755  0.0
 2.31277068   1.49737602  0.0
 2.16357543   1.67839479  0.0
 1.99790739   1.84671069  0.0
 1.89854684   1.93147876  0.0
 1.89819699   1.93180752  0.0
 1.89788028   1.93216832  0.0
 1.89759964   1.93255784  0.0
 1.89735765   1.93297247  0.0
 1.89715654   1.93340840  0.0
 1.89699816   1.93386161  0.0
 1.89688398   1.93432792  0.0
 1.89681505   1.93480303  0.0
 1.89679200   1.93528256  0.0
 1.89679200   1.93889100  0.0
 1.81978982   2.00458433  0.0
 1.62471789   2.14393511  0.0
 1.41724911   2.26699070  0.0
 1.19895740   2.37278243  0.0
 0.97151130   2.46049527  0.0
 0.84100000   2.49880473  0.0
 0.84100000  -2.49880473  0.0
;;

