# exterior:
# ---------
 0.75000000  -2.52082643  0.0
 0.75000000  -2.52082643  0.0
 0.73556268  -2.52506427  0.0
 0.49544308  -2.57462637  0.0
 0.25156405  -2.60452052  0.0
 0.00579200  -2.61450864  0.0
-0.23998005  -2.60452052  0.0
-0.48385908  -2.57462637  0.0
-0.72397868  -2.52506427  0.0
-0.75000000  -2.51742614  0.0
-0.74500000  -2.51368285  0.0
-0.72276716  -2.52020894  0.0
-0.48304820  -2.56968834  0.0
-0.23957370  -2.59953291  0.0
 0.00579200  -2.60950452  0.0
 0.25115770  -2.59953291  0.0
 0.49463220  -2.56968834  0.0
 0.73435116  -2.52020894  0.0
 0.74500000  -2.51708315  0.0
 0.74500000  -2.51708315  0.0
 0.75000000  -2.52082643  0.0
;;

