# exterior:
# ---------
 0.84100000   2.49880473  0.0
 0.84100000   2.49880473  0.0
 0.97151130   2.46049527  0.0
 1.19895740   2.37278243  0.0
 1.41724911   2.26699070  0.0
 1.62471789   2.14393511  0.0
 1.81978982   2.00458433  0.0
 1.89679200   1.93889100  0.0
 1.89679200   1.93889100  0.0
 1.89179200   1.93658431  0.0
 1.89179200   1.93658431  0.0
 1.81670836   2.00064087  0.0
 1.62198442   2.13974307  0.0
 1.41487927   2.26258297  0.0
 1.19696412   2.36819220  0.0
 0.96990490   2.45575585  0.0
 0.84600000   2.49212611  0.0
 0.84600000   2.49212611  0.0
 0.84100000   2.49880473  0.0
;;

