# exterior:
# ---------
-0.83600000  -2.50573073  0.0
-0.96265817  -2.46855229  0.0
-1.19076197  -2.38058581  0.0
-1.40969383  -2.27448384  0.0
-1.61778080  -2.15106159  0.0
-1.81344432  -2.01128821  0.0
-1.99519136  -1.85623326  0.0
-2.16165859  -1.68710541  0.0
-2.31158756  -1.50519641  0.0
-2.44385567  -1.31190448  0.0
-2.55747192  -1.10870847  0.0
-2.65159478  -0.89714632  0.0
-2.72553338  -0.67883099  0.0
-2.77873603  -0.45540917  0.0
-2.81081169  -0.22856387  0.0
-2.82153258   0.00000000  0.0
-2.81081169   0.22856387  0.0
-2.77873603   0.45540917  0.0
-2.72553338   0.67883099  0.0
-2.65159478   0.89714632  0.0
-2.55747192   1.10870847  0.0
-2.44385567   1.31190448  0.0
-2.31158756   1.50519641  0.0
-2.16165859   1.68710541  0.0
-1.99519136   1.85623326  0.0
-1.81344432   2.01128821  0.0
-1.61778080   2.15106159  0.0
-1.40969383   2.27448384  0.0
-1.19076197   2.38058581  0.0
-0.96265817   2.46855229  0.0
-0.83600000   2.50573073  0.0
-0.83600000   2.50208306  0.0
-0.96153369   2.46523470  0.0
-1.18936668   2.37737265  0.0
-1.40803494   2.27139843  0.0
-1.61586737   2.14812716  0.0
-1.81128729   2.00852779  0.0
-1.99280383   1.85366950  0.0
-2.15905589   1.68476024  0.0
-2.30878732   1.50309092  0.0
-2.44087794   1.31005839  0.0
-2.55433906   1.10713980  0.0
-2.64833145   0.89587091  0.0
-2.72216622   0.67786216  0.0
-2.77529338   0.45475735  0.0
-2.80732322   0.22823615  0.0
-2.81802873   0.00000000  0.0
-2.80732322  -0.22823615  0.0
-2.77529338  -0.45475735  0.0
-2.72216622  -0.67786216  0.0
-2.64833145  -0.89587091  0.0
-2.55433906  -1.10713980  0.0
-2.44087794  -1.31005839  0.0
-2.30878732  -1.50309092  0.0
-2.15905589  -1.68476024  0.0
-1.99280383  -1.85366950  0.0
-1.81128729  -2.00852779  0.0
-1.61586737  -2.14812716  0.0
-1.40803494  -2.27139843  0.0
-1.18936668  -2.37737265  0.0
-0.96153369  -2.46523470  0.0
-0.83600000  -2.50208306  0.0
-0.83600000  -2.50573073  0.0
;;

