# exterior:
# ---------
 0.83600000   2.57478905  0.0
 0.99448276   2.52826903  0.0
 1.22746126   2.43842266  0.0
 1.45113778   2.33002126  0.0
 1.66380660   2.20388139  0.0
 1.86385480   2.06097578  0.0
 1.94366978   1.99288275  0.0
 1.90179200   1.94579835  0.0
 1.90179200   1.94579835  0.0
 1.82502832   2.01128821  0.0
 1.62936480   2.15106159  0.0
 1.42127783   2.27448384  0.0
 1.20234597   2.38058581  0.0
 0.97424217   2.46855229  0.0
 0.83600000   2.50913102  0.0
 0.83600000   2.57478905  0.0
;;

