# exterior:
# ---------
 0.75000000  -2.59968637  0.0
 0.50776842  -2.64968439  0.0
 0.25774066  -2.68033224  0.0
 0.00579200  -2.69057138  0.0
-0.24615666  -2.68033224  0.0
-0.49618442  -2.64968439  0.0
-0.74239382  -2.59886532  0.0
-0.75000000  -2.59663265  0.0
-0.75000000  -2.53097462  0.0
-0.72712864  -2.53768814  0.0
-0.48596736  -2.58746524  0.0
-0.24103658  -2.61748832  0.0
 0.00579200  -2.62751937  0.0
 0.25262058  -2.61748832  0.0
 0.49755136  -2.58746524  0.0
 0.73871264  -2.53768814  0.0
 0.75000000  -2.53437492  0.0
 0.75000000  -2.59968637  0.0
;;

