# exterior:
# ---------
-0.83600000  -2.57138876  0.0
-0.98289876  -2.52826903  0.0
-1.21587726  -2.43842266  0.0
-1.43955378  -2.33002126  0.0
-1.65222260  -2.20388139  0.0
-1.85227080  -2.06097578  0.0
-2.03816693  -1.90238111  0.0
-2.20850711  -1.72931839  0.0
-2.36199181  -1.54309522  0.0
-2.49745492  -1.34513424  0.0
-2.61386339  -1.13694450  0.0
-2.71033471  -0.92010367  0.0
-2.78614224  -0.69627002  0.0
-2.84070373  -0.46714183  0.0
-2.87360426  -0.23446288  0.0
-2.88460184   0.00000000  0.0
-2.87360426   0.23446288  0.0
-2.84070373   0.46714183  0.0
-2.78614224   0.69627002  0.0
-2.71033471   0.92010367  0.0
-2.61386339   1.13694450  0.0
-2.49745492   1.34513424  0.0
-2.36199181   1.54309522  0.0
-2.20850711   1.72931839  0.0
-2.03816693   1.90238111  0.0
-1.85227080   2.06097578  0.0
-1.65222260   2.20388139  0.0
-1.43955378   2.33002126  0.0
-1.21587726   2.43842266  0.0
-0.98289876   2.52826903  0.0
-0.83600000   2.57138876  0.0
-0.83600000   2.50573073  0.0
-0.96265817   2.46855229  0.0
-1.19076197   2.38058581  0.0
-1.40969383   2.27448384  0.0
-1.61778080   2.15106159  0.0
-1.81344432   2.01128821  0.0
-1.99519136   1.85623326  0.0
-2.16165859   1.68710541  0.0
-2.31158756   1.50519641  0.0
-2.44385567   1.31190448  0.0
-2.55747192   1.10870847  0.0
-2.65159478   0.89714632  0.0
-2.72553338   0.67883099  0.0
-2.77873603   0.45540917  0.0
-2.81081169   0.22856387  0.0
-2.82153258   0.00000000  0.0
-2.81081169  -0.22856387  0.0
-2.77873603  -0.45540917  0.0
-2.72553338  -0.67883099  0.0
-2.65159478  -0.89714632  0.0
-2.55747192  -1.10870847  0.0
-2.44385567  -1.31190448  0.0
-2.31158756  -1.50519641  0.0
-2.16165859  -1.68710541  0.0
-1.99519136  -1.85623326  0.0
-1.81344432  -2.01128821  0.0
-1.61778080  -2.15106159  0.0
-1.40969383  -2.27448384  0.0
-1.19076197  -2.38058581  0.0
-0.96265817  -2.46855229  0.0
-0.83600000  -2.50573073  0.0
-0.83600000  -2.57138876  0.0
;;

