# exterior:
# ---------
 0.83600000  -0.04602822  0.0
 0.83600000   0.21818945  0.0
 0.91345700   0.20101492  0.0
 0.91880162   0.19977103  0.0
 1.05435967   0.16707571  0.0
 1.05994644   0.16570042  0.0
 1.19531613   0.13114485  0.0
 1.20062767   0.12976748  0.0
 1.33640924   0.09406535  0.0
 1.34092883   0.09287362  0.0
 1.47755062   0.05662051  0.0
 1.48076453   0.05575954  0.0
 1.48077470   0.05575682  0.0
 1.48078285   0.05575465  0.0
 1.48079303   0.05575194  0.0
 1.48081584   0.05574588  0.0
 1.48082602   0.05574318  0.0
 1.48083417   0.05574102  0.0
 1.48084436   0.05573834  0.0
 1.56274000   0.03416894  0.0
 1.48225479   0.03275115  0.0
 1.48215938   0.03274902  0.0
 1.48208306   0.03274694  0.0
 1.48198767   0.03274390  0.0
 1.48177405   0.03273605  0.0
 1.48167869   0.03273210  0.0
 1.48160243   0.03272857  0.0
 1.48150711   0.03272370  0.0
 1.47827081   0.03254296  0.0
 1.47822266   0.03254016  0.0
 1.47818414   0.03253782  0.0
 1.47813600   0.03253478  0.0
 1.47802818   0.03252772  0.0
 1.47798006   0.03252445  0.0
 1.47794157   0.03252174  0.0
 1.47789346   0.03251824  0.0
 1.33992976   0.02214004  0.0
 1.33988507   0.02213657  0.0
 1.33984932   0.02213372  0.0
 1.33980464   0.02213006  0.0
 1.33970458   0.02212163  0.0
 1.33965991   0.02211777  0.0
 1.33962419   0.02211459  0.0
 1.33957955   0.02211053  0.0
 1.33503855   0.02168693  0.0
 1.33499261   0.02168254  0.0
 1.33495586   0.02167894  0.0
 1.33490994   0.02167433  0.0
 1.33480710   0.02166378  0.0
 1.33476119   0.02165897  0.0
 1.33472448   0.02165503  0.0
 1.33467860   0.02165000  0.0
 1.19801959   0.00635239  0.0
 1.19799290   0.00634937  0.0
 1.19797155   0.00634692  0.0
 1.19794486   0.00634382  0.0
 1.19788509   0.00633681  0.0
 1.19785841   0.00633364  0.0
 1.19783707   0.00633107  0.0
 1.19781040   0.00632783  0.0
 1.19243068   0.00566702  0.0
 1.19239906   0.00566308  0.0
 1.19237377   0.00565989  0.0
 1.19234216   0.00565586  0.0
 1.19227137   0.00564671  0.0
 1.19223978   0.00564257  0.0
 1.19221451   0.00563922  0.0
 1.19218293   0.00563498  0.0
 1.05636265  -0.01280856  0.0
 1.05633829  -0.01281190  0.0
 1.05631881  -0.01281459  0.0
 1.05629446  -0.01281799  0.0
 1.05623992  -0.01282567  0.0
 1.05621558  -0.01282913  0.0
 1.05619611  -0.01283192  0.0
 1.05617178  -0.01283544  0.0
 1.05045883  -0.01366852  0.0
 1.05044440  -0.01367063  0.0
 1.05041843  -0.01367446  0.0
 1.05040401  -0.01367659  0.0
 0.91490895  -0.03388350  0.0
 0.91489461  -0.03388565  0.0
 0.91486880  -0.03388954  0.0
 0.91485446  -0.03389171  0.0
 0.90932557  -0.03473447  0.0
 0.90930720  -0.03473728  0.0
 0.83600000  -0.04602822  0.0
;;

# interior:
# ---------
 0.84100000  -0.04019915  0.0
 0.90854607  -0.02979556  0.0
 0.90855103  -0.02979479  0.0
 0.90856940  -0.02979198  0.0
 0.91410102  -0.02894880  0.0
 0.91410610  -0.02894803  0.0
 0.91412044  -0.02894586  0.0
 0.91414974  -0.02894144  0.0
 0.91416856  -0.02893863  0.0
 1.04966650  -0.00873128  0.0
 1.04967161  -0.00873052  0.0
 1.04968604  -0.00872839  0.0
 1.04971552  -0.00872404  0.0
 1.04973445  -0.00872127  0.0
 1.05545030  -0.00788776  0.0
 1.05545638  -0.00788688  0.0
 1.05548071  -0.00788336  0.0
 1.05548679  -0.00788249  0.0
 1.05550626  -0.00787970  0.0
 1.05551235  -0.00787883  0.0
 1.05553669  -0.00787537  0.0
 1.05554278  -0.00787451  0.0
 1.05559731  -0.00786683  0.0
 1.05560340  -0.00786598  0.0
 1.05562775  -0.00786258  0.0
 1.05563383  -0.00786174  0.0
 1.05565332  -0.00785904  0.0
 1.05565941  -0.00785820  0.0
 1.05568376  -0.00785486  0.0
 1.05568985  -0.00785403  0.0
 1.19151013   0.01058951  0.0
 1.19151803   0.01059058  0.0
 1.19154961   0.01059481  0.0
 1.19155751   0.01059587  0.0
 1.19158278   0.01059922  0.0
 1.19159067   0.01060026  0.0
 1.19162227   0.01060439  0.0
 1.19163017   0.01060542  0.0
 1.19170096   0.01061457  0.0
 1.19170886   0.01061559  0.0
 1.19174046   0.01061963  0.0
 1.19174837   0.01062063  0.0
 1.19177366   0.01062382  0.0
 1.19178156   0.01062481  0.0
 1.19181318   0.01062874  0.0
 1.19182109   0.01062972  0.0
 1.19720081   0.01129054  0.0
 1.19720748   0.01129135  0.0
 1.19723415   0.01129459  0.0
 1.19724081   0.01129539  0.0
 1.19726215   0.01129796  0.0
 1.19726882   0.01129875  0.0
 1.19729550   0.01130192  0.0
 1.19730217   0.01130271  0.0
 1.19736194   0.01130973  0.0
 1.19736861   0.01131050  0.0
 1.19739530   0.01131360  0.0
 1.19740197   0.01131437  0.0
 1.19742333   0.01131682  0.0
 1.19743000   0.01131758  0.0
 1.19745669   0.01132060  0.0
 1.19746337   0.01132136  0.0
 1.33412238   0.02661896  0.0
 1.33413384   0.02662023  0.0
 1.33417972   0.02662526  0.0
 1.33419120   0.02662651  0.0
 1.33422791   0.02663044  0.0
 1.33423938   0.02663166  0.0
 1.33428528   0.02663648  0.0
 1.33429676   0.02663767  0.0
 1.33439960   0.02664822  0.0
 1.33441108   0.02664939  0.0
 1.33445701   0.02665399  0.0
 1.33446849   0.02665513  0.0
 1.33450524   0.02665873  0.0
 1.33451672   0.02665984  0.0
 1.33456266   0.02666423  0.0
 1.33457415   0.02666532  0.0
 1.33911514   0.02708892  0.0
 1.33912630   0.02708995  0.0
 1.33917095   0.02709401  0.0
 1.33918211   0.02709501  0.0
 1.33921783   0.02709818  0.0
 1.33922900   0.02709916  0.0
 1.33927366   0.02710303  0.0
 1.33928483   0.02710398  0.0
 1.33938489   0.02711241  0.0
 1.33939606   0.02711334  0.0
 1.33944074   0.02711700  0.0
 1.33945191   0.02711790  0.0
 1.33948766   0.02712075  0.0
 1.33949883   0.02712163  0.0
 1.33954353   0.02712510  0.0
 1.33955470   0.02712595  0.0
 1.47751840   0.03750415  0.0
 1.47753042   0.03750504  0.0
 1.47757853   0.03750854  0.0
 1.47759056   0.03750940  0.0
 1.47762905   0.03751211  0.0
 1.47764108   0.03751294  0.0
 1.47768921   0.03751621  0.0
 1.47770124   0.03751702  0.0
 1.47780905   0.03752408  0.0
 1.47782109   0.03752485  0.0
 1.47786923   0.03752789  0.0
 1.47788126   0.03752864  0.0
 1.47791978   0.03753098  0.0
 1.47793182   0.03753169  0.0
 1.47797997   0.03753450  0.0
 1.47799201   0.03753518  0.0
 1.48122832   0.03771592  0.0
 1.48125214   0.03771719  0.0
 1.48134745   0.03772206  0.0
 1.48137128   0.03772322  0.0
 1.48144755   0.03772675  0.0
 1.48147139   0.03772780  0.0
 1.48156674   0.03773175  0.0
 1.48159058   0.03773268  0.0
 1.48180420   0.03774053  0.0
 1.48182805   0.03774135  0.0
 1.48192344   0.03774439  0.0
 1.48194729   0.03774510  0.0
 1.48202361   0.03774717  0.0
 1.48204746   0.03774776  0.0
 1.48214287   0.03774990  0.0
 1.48216673   0.03775038  0.0
 1.52654223   0.03853207  0.0
 1.47957090   0.05090322  0.0
 1.47955817   0.05090658  0.0
 1.47954747   0.05090941  0.0
 1.47953474   0.05091279  0.0
 1.47950939   0.05091952  0.0
 1.47949666   0.05092291  0.0
 1.47948597   0.05092576  0.0
 1.47947325   0.05092916  0.0
 1.47626252   0.05178928  0.0
 1.33965022   0.08803986  0.0
 1.33513609   0.08923016  0.0
 1.19936440   0.12492969  0.0
 1.19407025   0.12630255  0.0
 1.05873049   0.16085048  0.0
 1.05317592   0.16221785  0.0
 0.91764874   0.19490572  0.0
 0.91234910   0.19613914  0.0
 0.84100000   0.21195937  0.0
 0.84100000  -0.04019915  0.0
;;

