# exterior:
# ---------
 1.71759422   0.01085706  0.0
 1.62441330   0.02112373  0.0
 1.62400167   0.02115378  0.0
 1.62243435   0.02121026  0.0
 1.62213405   0.02121303  0.0
 1.48250137   0.01875332  0.0
 1.48228775   0.01874548  0.0
 1.47905144   0.01856474  0.0
 1.47894363   0.01855768  0.0
 1.34097993   0.00817948  0.0
 1.34087987   0.00817105  0.0
 1.33633888   0.00774745  0.0
 1.33623604   0.00773690  0.0
 1.19957703  -0.00756071  0.0
 1.19951726  -0.00756773  0.0
 1.19413754  -0.00822854  0.0
 1.19406675  -0.00823770  0.0
 1.05824647  -0.02668124  0.0
 1.05819194  -0.02668892  0.0
 1.05247899  -0.02752200  0.0
 1.05246103  -0.02752465  0.0
 0.91697398  -0.04773037  0.0
 0.91695614  -0.04773306  0.0
 0.91143522  -0.04857461  0.0
 0.91142661  -0.04857593  0.0
 0.83600000  -0.06019331  0.0
 0.83600000  -0.05614614  0.0
 0.91082077  -0.04462207  0.0
 0.91083246  -0.04462028  0.0
 0.91635338  -0.04377873  0.0
 0.91635976  -0.04377777  0.0
 0.91637760  -0.04377508  0.0
 0.91638397  -0.04377412  0.0
 1.05187102  -0.02356840  0.0
 1.05187743  -0.02356745  0.0
 1.05189539  -0.02356480  0.0
 1.05190180  -0.02356386  0.0
 1.05761475  -0.02273078  0.0
 1.05763422  -0.02272799  0.0
 1.05768875  -0.02272031  0.0
 1.05770824  -0.02271762  0.0
 1.19352852  -0.00427407  0.0
 1.19355379  -0.00427072  0.0
 1.19362457  -0.00426157  0.0
 1.19364986  -0.00425838  0.0
 1.19902958  -0.00359757  0.0
 1.19905092  -0.00359500  0.0
 1.19911069  -0.00358799  0.0
 1.19913205  -0.00358554  0.0
 1.33579105   0.01171207  0.0
 1.33582777   0.01171601  0.0
 1.33593061   0.01172656  0.0
 1.33596736   0.01173016  0.0
 1.34050835   0.01215376  0.0
 1.34054407   0.01215693  0.0
 1.34064413   0.01216536  0.0
 1.34067988   0.01216821  0.0
 1.47864358   0.02254641  0.0
 1.47868207   0.02254912  0.0
 1.47878989   0.02255618  0.0
 1.47882840   0.02255852  0.0
 1.48206471   0.02273926  0.0
 1.48214098   0.02274279  0.0
 1.48235460   0.02275063  0.0
 1.48243092   0.02275270  0.0
 1.62206360   0.02521241  0.0
 1.62217086   0.02521286  0.0
 1.62247116   0.02521009  0.0
 1.62257840   0.02520767  0.0
 1.62414572   0.02515119  0.0
 1.62429293   0.02514317  0.0
 1.62470455   0.02511311  0.0
 1.62485137   0.02509967  0.0
 1.65037671   0.02228729  0.0
 1.62320551   0.02856725  0.0
 1.62312090   0.02858777  0.0
 1.62288466   0.02864782  0.0
 1.62280052   0.02867018  0.0
 1.62129397   0.02908822  0.0
 1.48339127   0.06540856  0.0
 1.48338312   0.06541072  0.0
 1.48336031   0.06541677  0.0
 1.48335217   0.06541895  0.0
 1.48012684   0.06628298  0.0
 1.34348606   0.10254112  0.0
 1.33895555   0.10373573  0.0
 1.20315423   0.13944305  0.0
 1.19780790   0.14082945  0.0
 1.06237833   0.17540030  0.0
 1.05672719   0.17679144  0.0
 0.92110739   0.20950166  0.0
 0.91567282   0.21076648  0.0
 0.83600000   0.22843232  0.0
 0.83600000   0.23252947  0.0
 0.91655914   0.21466710  0.0
 0.92202969   0.21339391  0.0
 1.05767419   0.18067773  0.0
 1.06335109   0.17928026  0.0
 1.19880461   0.14470329  0.0
 1.20416485   0.14331328  0.0
 1.33997407   0.10760389  0.0
 1.34450895   0.10640812  0.0
 1.48115732   0.07014796  0.0
 1.48438722   0.06928271  0.0
 1.48441003   0.06927665  0.0
 1.62233815   0.03294961  0.0
 1.62387002   0.03252455  0.0
 1.62410626   0.03246451  0.0
 1.71759422   0.01085706  0.0
;;

