# exterior:
# ---------
 2.62772566  -4.25744078  0.0
 2.76345338  -4.28899636  0.0
 2.91761369  -4.32537685  0.0
 3.07166361  -4.36222257  0.0
 3.22561411  -4.39948130  0.0
 3.37947916  -4.43709105  0.0
 3.53327558  -4.47498110  0.0
 3.60672000  -4.49317374  0.0
 3.60672000  -4.49379188  0.0
 3.53313168  -4.47556359  0.0
 3.37933616  -4.43767377  0.0
 3.22547231  -4.40006430  0.0
 3.07152326  -4.36280592  0.0
 2.91747500  -4.32596060  0.0
 2.76331654  -4.28958055  0.0
 2.62772566  -4.25805678  0.0
 2.62772566  -4.25744078  0.0
;;

