# exterior:
# ---------
 3.60672000  -4.74387616  0.0
 3.50351953  -4.75474554  0.0
 3.50349832  -4.75474815  0.0
 3.34667157  -4.77693630  0.0
 3.34665282  -4.77693925  0.0
 3.19060664  -4.80407894  0.0
 3.19058954  -4.80408218  0.0
 3.03539784  -4.83573586  0.0
 3.03538279  -4.83573914  0.0
 2.88105772  -4.87136684  0.0
 2.88104507  -4.87136990  0.0
 2.72751486  -4.91034009  0.0
 2.72750457  -4.91034279  0.0
 2.62772566  -4.93756132  0.0
 2.62772566  -4.93496998  0.0
 2.72684664  -4.90793092  0.0
 2.72686805  -4.90792518  0.0
 2.72687834  -4.90792248  0.0
 2.72689979  -4.90791693  0.0
 2.88043001  -4.86894674  0.0
 2.88045632  -4.86894021  0.0
 2.88046897  -4.86893715  0.0
 2.88049536  -4.86893091  0.0
 3.03482042  -4.83330321  0.0
 3.03485175  -4.83329619  0.0
 3.03486681  -4.83329291  0.0
 3.03489822  -4.83328630  0.0
 3.19008991  -4.80163261  0.0
 3.19012549  -4.80162562  0.0
 3.19014259  -4.80162239  0.0
 3.19017827  -4.80161592  0.0
 3.34622444  -4.77447623  0.0
 3.34626347  -4.77446976  0.0
 3.34628223  -4.77446680  0.0
 3.34632136  -4.77446095  0.0
 3.50314811  -4.75227280  0.0
 3.50319224  -4.75226696  0.0
 3.50321344  -4.75226434  0.0
 3.50325767  -4.75225929  0.0
 3.60672000  -4.74136233  0.0
 3.60672000  -4.74387616  0.0
;;

