# exterior:
# ---------
 2.63072566  -4.29520106  0.0
 2.75522013  -4.32414501  0.0
 2.90926913  -4.36049922  0.0
 3.06321898  -4.39732101  0.0
 3.21708242  -4.43455867  0.0
 3.37087552  -4.47215084  0.0
 3.52461786  -4.51002756  0.0
 3.60372000  -4.52962166  0.0
 3.59872000  -4.53353424  0.0
 3.52341873  -4.51488164  0.0
 3.36968389  -4.47700677  0.0
 3.21590074  -4.43941703  0.0
 3.06204936  -4.40218229  0.0
 2.90811337  -4.36536382  0.0
 2.75407979  -4.32901324  0.0
 2.63572566  -4.30149687  0.0
 2.63072566  -4.29520106  0.0
;;

