# exterior:
# ---------
 2.62772566  -4.29142357  0.0
 2.75590434  -4.32122407  0.0
 2.90996258  -4.35758047  0.0
 3.06392075  -4.39440424  0.0
 3.21779142  -4.43164365  0.0
 3.37159051  -4.46923728  0.0
 3.52533734  -4.50711511  0.0
 3.60672000  -4.52727411  0.0
 3.60372000  -4.52962166  0.0
 3.52461786  -4.51002756  0.0
 3.37087552  -4.47215084  0.0
 3.21708242  -4.43455867  0.0
 3.06321898  -4.39732101  0.0
 2.90926913  -4.36049922  0.0
 2.75522013  -4.32414501  0.0
 2.63072566  -4.29520106  0.0
 2.62772566  -4.29142357  0.0
;;

