# exterior:
# ---------
 3.60372000  -4.70849577  0.0
 3.49980113  -4.71944081  0.0
 3.49977458  -4.71944373  0.0
 3.49924385  -4.71950441  0.0
 3.49921733  -4.71950756  0.0
 3.49910776  -4.71952108  0.0
 3.49908127  -4.71952446  0.0
 3.49855171  -4.71959458  0.0
 3.49852524  -4.71959821  0.0
 3.34169849  -4.74178635  0.0
 3.34167500  -4.74178977  0.0
 3.34120549  -4.74185999  0.0
 3.34118203  -4.74186360  0.0
 3.34108512  -4.74187888  0.0
 3.34106168  -4.74188267  0.0
 3.34059334  -4.74196031  0.0
 3.34056994  -4.74196428  0.0
 3.18452376  -4.76910397  0.0
 3.18450234  -4.76910778  0.0
 3.18407423  -4.76918544  0.0
 3.18405284  -4.76918940  0.0
 3.18396449  -4.76920609  0.0
 3.18394312  -4.76921021  0.0
 3.18351618  -4.76929407  0.0
 3.18349485  -4.76929834  0.0
 3.02830315  -4.80095202  0.0
 3.02828429  -4.80095593  0.0
 3.02790735  -4.80103534  0.0
 3.02788852  -4.80103937  0.0
 3.02781073  -4.80105628  0.0
 3.02779192  -4.80106043  0.0
 3.02741603  -4.80114467  0.0
 3.02739725  -4.80114895  0.0
 2.87307218  -4.83677665  0.0
 2.87305634  -4.83678035  0.0
 2.87273971  -4.83685526  0.0
 2.87272389  -4.83685905  0.0
 2.87265854  -4.83687488  0.0
 2.87264274  -4.83687876  0.0
 2.87232694  -4.83695709  0.0
 2.87231116  -4.83696105  0.0
 2.71878095  -4.87593124  0.0
 2.71876807  -4.87593454  0.0
 2.71851057  -4.87600112  0.0
 2.71849770  -4.87600447  0.0
 2.71844454  -4.87601847  0.0
 2.71843169  -4.87602188  0.0
 2.71817479  -4.87609074  0.0
 2.71816195  -4.87609421  0.0
 2.63072566  -4.89994582  0.0
 2.63572566  -4.89339918  0.0
 2.71684609  -4.87127047  0.0
 2.71685679  -4.87126756  0.0
 2.71686962  -4.87126409  0.0
 2.71688033  -4.87126121  0.0
 2.71713723  -4.87119235  0.0
 2.71714793  -4.87118949  0.0
 2.71716079  -4.87118608  0.0
 2.71717150  -4.87118325  0.0
 2.71722465  -4.87116925  0.0
 2.71723537  -4.87116644  0.0
 2.71724824  -4.87116309  0.0
 2.71725897  -4.87116030  0.0
 2.71751647  -4.87109372  0.0
 2.71752720  -4.87109096  0.0
 2.71754008  -4.87108766  0.0
 2.71755082  -4.87108492  0.0
 2.87108103  -4.83211474  0.0
 2.87109418  -4.83211142  0.0
 2.87110996  -4.83210746  0.0
 2.87112311  -4.83210418  0.0
 2.87143891  -4.83202584  0.0
 2.87145207  -4.83202259  0.0
 2.87146787  -4.83201872  0.0
 2.87148104  -4.83201551  0.0
 2.87154639  -4.83199967  0.0
 2.87155957  -4.83199650  0.0
 2.87157539  -4.83199271  0.0
 2.87158858  -4.83198957  0.0
 2.87190521  -4.83191466  0.0
 2.87191841  -4.83191156  0.0
 2.87193425  -4.83190786  0.0
 2.87194746  -4.83190479  0.0
 3.02627252  -4.79627709  0.0
 3.02628817  -4.79627350  0.0
 3.02630695  -4.79626923  0.0
 3.02632261  -4.79626570  0.0
 3.02669850  -4.79618146  0.0
 3.02671416  -4.79617797  0.0
 3.02673297  -4.79617382  0.0
 3.02674865  -4.79617038  0.0
 3.02682644  -4.79615347  0.0
 3.02684213  -4.79615009  0.0
 3.02686097  -4.79614606  0.0
 3.02687667  -4.79614273  0.0
 3.02725361  -4.79606332  0.0
 3.02726932  -4.79606003  0.0
 3.02728818  -4.79605612  0.0
 3.02730390  -4.79605289  0.0
 3.18249560  -4.76439921  0.0
 3.18251337  -4.76439561  0.0
 3.18253470  -4.76439134  0.0
 3.18255248  -4.76438782  0.0
 3.18297942  -4.76430396  0.0
 3.18299722  -4.76430049  0.0
 3.18301858  -4.76429638  0.0
 3.18303639  -4.76429298  0.0
 3.18312475  -4.76427629  0.0
 3.18314257  -4.76427296  0.0
 3.18316396  -4.76426900  0.0
 3.18318179  -4.76426573  0.0
 3.18360990  -4.76418807  0.0
 3.18362774  -4.76418487  0.0
 3.18364916  -4.76418106  0.0
 3.18366702  -4.76417792  0.0
 3.33971319  -4.73703823  0.0
 3.33973269  -4.73703488  0.0
 3.33975609  -4.73703091  0.0
 3.33977560  -4.73702763  0.0
 3.34024394  -4.73694999  0.0
 3.34026346  -4.73694679  0.0
 3.34028690  -4.73694300  0.0
 3.34030643  -4.73693988  0.0
 3.34040334  -4.73692461  0.0
 3.34042289  -4.73692156  0.0
 3.34044635  -4.73691796  0.0
 3.34046591  -4.73691499  0.0
 3.34093542  -4.73684477  0.0
 3.34095499  -4.73684189  0.0
 3.34097848  -4.73683847  0.0
 3.34099806  -4.73683566  0.0
 3.49782481  -4.71464751  0.0
 3.49784685  -4.71464444  0.0
 3.49787332  -4.71464082  0.0
 3.49789538  -4.71463785  0.0
 3.49842494  -4.71456773  0.0
 3.49844701  -4.71456486  0.0
 3.49847351  -4.71456147  0.0
 3.49849559  -4.71455869  0.0
 3.49860516  -4.71454518  0.0
 3.49862725  -4.71454250  0.0
 3.49865378  -4.71453935  0.0
 3.49867588  -4.71453677  0.0
 3.49920661  -4.71447609  0.0
 3.49922873  -4.71447361  0.0
 3.49925528  -4.71447070  0.0
 3.49927741  -4.71446832  0.0
 3.59872000  -4.70399473  0.0
 3.60372000  -4.70849577  0.0
;;

