# exterior:
# ---------
 2.53872566  -4.92544360  0.0
 2.41265411  -4.96175222  0.0
 2.41264610  -4.96175454  0.0
 2.41248603  -4.96180112  0.0
 2.41247803  -4.96180346  0.0
 2.41244498  -4.96181318  0.0
 2.41243698  -4.96181554  0.0
 2.41227718  -4.96186301  0.0
 2.41226919  -4.96186540  0.0
 2.26055644  -5.00739061  0.0
 2.26055047  -5.00739240  0.0
 2.26043122  -5.00742846  0.0
 2.26042526  -5.00743027  0.0
 2.26040063  -5.00743777  0.0
 2.26039467  -5.00743959  0.0
 2.26027557  -5.00747614  0.0
 2.26026962  -5.00747797  0.0
 2.10893966  -5.05426183  0.0
 2.10893554  -5.05426310  0.0
 2.10885329  -5.05428866  0.0
 2.10884918  -5.05428994  0.0
 2.10883219  -5.05429525  0.0
 2.10882808  -5.05429654  0.0
 2.10874590  -5.05432233  0.0
 2.10874179  -5.05432362  0.0
 1.95768277  -5.10197573  0.0
 1.95763136  -5.10199200  0.0
 1.95761880  -5.10199599  0.0
 1.95756742  -5.10201234  0.0
 1.80667291  -5.15018119  0.0
 1.80664895  -5.15018885  0.0
 1.65581122  -5.19854643  0.0
 1.50499951  -5.24676303  0.0
 1.35412224  -5.29454722  0.0
 1.20309198  -5.34162191  0.0
 1.05181784  -5.38771690  0.0
 0.90024559  -5.43263391  0.0
 0.83900000  -5.45016360  0.0
 0.84400000  -5.44353173  0.0
 0.89884732  -5.42783335  0.0
 1.05037880  -5.38292842  0.0
 1.20161933  -5.33684367  0.0
 1.35262348  -5.28977712  0.0
 1.50348336  -5.24199843  0.0
 1.65428668  -5.19378452  0.0
 1.80512648  -5.14542628  0.0
 1.80515240  -5.14541800  0.0
 1.95605088  -5.09724788  0.0
 1.95610604  -5.09723032  0.0
 1.95612298  -5.09722495  0.0
 1.95617857  -5.09720736  0.0
 2.10724101  -5.04955417  0.0
 2.10724854  -5.04955180  0.0
 2.10733415  -5.04952494  0.0
 2.10734168  -5.04952258  0.0
 2.10736210  -5.04951620  0.0
 2.10736964  -5.04951386  0.0
 2.10745532  -5.04948723  0.0
 2.10746286  -5.04948490  0.0
 2.25879282  -5.00270104  0.0
 2.25879778  -5.00269951  0.0
 2.25880374  -5.00269768  0.0
 2.25880870  -5.00269615  0.0
 2.25892780  -5.00265960  0.0
 2.25893276  -5.00265808  0.0
 2.25893872  -5.00265626  0.0
 2.25894368  -5.00265475  0.0
 2.25896831  -5.00264724  0.0
 2.25897328  -5.00264573  0.0
 2.25897924  -5.00264392  0.0
 2.25898421  -5.00264242  0.0
 2.25910346  -5.00260637  0.0
 2.25910843  -5.00260487  0.0
 2.25911440  -5.00260307  0.0
 2.25911937  -5.00260157  0.0
 2.41083212  -4.95707637  0.0
 2.41083878  -4.95707437  0.0
 2.41084676  -4.95707199  0.0
 2.41085342  -4.95707001  0.0
 2.41101323  -4.95702254  0.0
 2.41101989  -4.95702056  0.0
 2.41102788  -4.95701820  0.0
 2.41103454  -4.95701624  0.0
 2.41106760  -4.95700652  0.0
 2.41107426  -4.95700456  0.0
 2.41108226  -4.95700222  0.0
 2.41108893  -4.95700028  0.0
 2.41124900  -4.95695370  0.0
 2.41125567  -4.95695176  0.0
 2.41126368  -4.95694944  0.0
 2.41127035  -4.95694751  0.0
 2.53372566  -4.92168037  0.0
 2.53872566  -4.92544360  0.0
;;

