# exterior:
# ---------
 2.54172566  -4.95892092  0.0
 2.42178690  -4.99346329  0.0
 2.42175385  -4.99347301  0.0
 2.27004109  -5.03899822  0.0
 2.27001646  -5.03900572  0.0
 2.11868650  -5.08578958  0.0
 2.11866951  -5.08579489  0.0
 1.96761294  -5.13344622  0.0
 1.96760283  -5.13344943  0.0
 1.81670936  -5.18161795  0.0
 1.81670569  -5.18161912  0.0
 1.66587320  -5.22997502  0.0
 1.51500607  -5.27820934  0.0
 1.36401403  -5.32602988  0.0
 1.21281141  -5.37315829  0.0
 1.06131551  -5.41932086  0.0
 0.90947421  -5.46431760  0.0
 0.83600000  -5.48534737  0.0
 0.83600000  -5.45414273  0.0
 0.90108456  -5.43551424  0.0
 1.05268127  -5.39058999  0.0
 1.20397556  -5.34448885  0.0
 1.35502149  -5.29740928  0.0
 1.50590920  -5.24962178  0.0
 1.65672594  -5.20140357  0.0
 1.80756482  -5.15304563  0.0
 1.80758626  -5.15303878  0.0
 1.95847973  -5.10487026  0.0
 1.95852866  -5.10485469  0.0
 1.95853878  -5.10485148  0.0
 1.95858774  -5.10483598  0.0
 2.10964431  -5.05718465  0.0
 2.10972649  -5.05715885  0.0
 2.10974348  -5.05715355  0.0
 2.10982573  -5.05712799  0.0
 2.26115569  -5.01034413  0.0
 2.26127480  -5.01030758  0.0
 2.26129943  -5.01030008  0.0
 2.26141868  -5.01026403  0.0
 2.41313143  -4.96473882  0.0
 2.41329124  -4.96469135  0.0
 2.41332429  -4.96468163  0.0
 2.41348436  -4.96463505  0.0
 2.54172566  -4.92770154  0.0
 2.54172566  -4.95892092  0.0
;;

