# exterior:
# ---------
 4.60672000  -4.78584457  0.0
 4.45105393  -4.75669910  0.0
 4.29385704  -4.73746655  0.0
 4.13582074  -4.72705382  0.0
 3.97746491  -4.72421651  0.0
 3.81913231  -4.72825313  0.0
 3.66109616  -4.73875242  0.0
 3.50358238  -4.75534223  0.0
 3.34675563  -4.77753038  0.0
 3.19070945  -4.80467007  0.0
 3.03551775  -4.83632376  0.0
 2.88119269  -4.87195146  0.0
 2.72766247  -4.91092164  0.0
 2.57484937  -4.95260729  0.0
 2.42264483  -4.99644221  0.0
 2.27093207  -5.04196742  0.0
 2.11960212  -5.08875128  0.0
 1.96854555  -5.13640261  0.0
 1.81765209  -5.18457113  0.0
 1.66681841  -5.23292741  0.0
 1.51594608  -5.28116339  0.0
 1.36494325  -5.32898734  0.0
 1.21372445  -5.37612080  0.0
 1.06220771  -5.42228972  0.0
 0.91034114  -5.46729395  0.0
 0.75806159  -5.51087936  0.0
 0.60528413  -5.55268557  0.0
 0.45191786  -5.59227277  0.0
 0.29788859  -5.62919551  0.0
 0.14315724  -5.66305453  0.0
-0.01231523  -5.69331495  0.0
-0.16856836  -5.71924450  0.0
-0.32557248  -5.74013115  0.0
-0.48323833  -5.75519421  0.0
-0.64140315  -5.76349357  0.0
-0.79977888  -5.76415826  0.0
-0.95797874  -5.75667427  0.0
-1.11555753  -5.74081314  0.0
-1.27213160  -5.71696056  0.0
-1.42741939  -5.68581080  0.0
-1.58121278  -5.64795552  0.0
-1.73329560  -5.60372562  0.0
-1.88340758  -5.55321064  0.0
-2.03122959  -5.49634457  0.0
-2.17643780  -5.43310337  0.0
-2.31861129  -5.36330603  0.0
-2.45706271  -5.28640755  0.0
-2.59066931  -5.20138313  0.0
-2.71735489  -5.10639315  0.0
-2.83246099  -4.99777168  0.0
-2.92279614  -4.86842654  0.0
-2.94528000  -4.76908800  0.0
-2.93998542  -4.71368527  0.0
-2.86903871  -4.57368566  0.0
-2.75890332  -4.46018250  0.0
-2.63374550  -4.36322919  0.0
-2.50009642  -4.27829635  0.0
-2.36068909  -4.20315597  0.0
-2.21709225  -4.13635283  0.0
-2.07029313  -4.07690468  0.0
-1.92097810  -4.02408124  0.0
-1.76963275  -3.97738409  0.0
-1.61662560  -3.93645913  0.0
-1.46224077  -3.90107831  0.0
-1.30669859  -3.87119625  0.0
-1.15018464  -3.84691388  0.0
-0.99290110  -3.82825273  0.0
-0.83508592  -3.81478721  0.0
-0.67694001  -3.80600419  0.0
-0.51861364  -3.80147879  0.0
-0.36022364  -3.80090491  0.0
-0.20186457  -3.80405295  0.0
-0.04361695  -3.81075350  0.0
 0.11446060  -3.82077235  0.0
 0.27231326  -3.83385627  0.0
 0.42990640  -3.84975634  0.0
 0.58722059  -3.86821401  0.0
 0.74423826  -3.88904705  0.0
 0.90095654  -3.91202551  0.0
 1.05738892  -3.93687772  0.0
 1.21355367  -3.96336103  0.0
 1.36945613  -3.99134697  0.0
 1.52511382  -4.02066491  0.0
 1.68054054  -4.05118382  0.0
 1.83574597  -4.08280727  0.0
 1.99075299  -4.11539100  0.0
 2.14558336  -4.14880699  0.0
 2.30025071  -4.18296759  0.0
 2.45477281  -4.21777969  0.0
 2.60917323  -4.25312749  0.0
 2.76345338  -4.28899636  0.0
 2.91761369  -4.32537685  0.0
 3.07166361  -4.36222257  0.0
 3.22561411  -4.39948130  0.0
 3.37947916  -4.43709105  0.0
 3.53327558  -4.47498110  0.0
 3.68702397  -4.51306554  0.0
 3.84071746  -4.55137070  0.0
 3.99434472  -4.58994071  0.0
 4.14789395  -4.62881994  0.0
 4.30127181  -4.66836890  0.0
 4.45430399  -4.70923385  0.0
 4.60672000  -4.75233143  0.0
 4.60672000  -4.78584457  0.0
;;

# interior:
# ---------
 4.60612000  -4.78512180  0.0
 4.60612000  -4.75278530  0.0
 4.45414495  -4.70981240  0.0
 4.30111950  -4.66894925  0.0
 4.14774541  -4.62940126  0.0
 3.99419803  -4.59052250  0.0
 3.84057186  -4.55195277  0.0
 3.68687929  -4.51364784  0.0
 3.53313168  -4.47556359  0.0
 3.37933616  -4.43767377  0.0
 3.22547231  -4.40006430  0.0
 3.07152326  -4.36280592  0.0
 2.91747500  -4.32596060  0.0
 2.76331654  -4.28958055  0.0
 2.60903835  -4.25371213  0.0
 2.45463993  -4.21836479  0.0
 2.30012008  -4.18355320  0.0
 2.14545537  -4.14939319  0.0
 1.99062798  -4.11597784  0.0
 1.83562436  -4.08339481  0.0
 1.68042284  -4.05177216  0.0
 1.52500049  -4.02125411  0.0
 1.36934759  -3.99193708  0.0
 1.21345050  -3.96395211  0.0
 1.05729169  -3.93746980  0.0
 0.90086594  -3.91261865  0.0
 0.74415528  -3.88964130  0.0
 0.58714617  -3.86880940  0.0
 0.42984132  -3.85035282  0.0
 0.27225836  -3.83445378  0.0
 0.11441684  -3.82137078  0.0
-0.04364862  -3.81135270  0.0
-0.20188322  -3.80465269  0.0
-0.36022852  -3.80150493  0.0
-0.51860398  -3.80207876  0.0
-0.67691480  -3.80660372  0.0
-0.83504377  -3.81538579  0.0
-0.99284024  -3.82884971  0.0
-1.15010328  -3.84750843  0.0
-1.30659596  -3.87178750  0.0
-1.46211711  -3.90166552  0.0
-1.61648102  -3.93704155  0.0
-1.76946673  -3.97796077  0.0
-1.92078951  -4.02465096  0.0
-2.07008036  -4.07746585  0.0
-2.21685295  -4.13690325  0.0
-2.36041998  -4.20369253  0.0
-2.49979278  -4.27881430  0.0
-2.63340013  -4.36372061  0.0
-2.75850230  -4.46063082  0.0
-2.86854468  -4.57403813  0.0
-2.93939894  -4.71385529  0.0
-2.94467357  -4.76904935  0.0
-2.92223690  -4.86817940  0.0
-2.83200437  -4.99737760  0.0
-2.71696778  -5.10593347  0.0
-2.59032777  -5.20088929  0.0
-2.45675570  -5.28589173  0.0
-2.31833324  -5.36277412  0.0
-2.17618567  -5.43255874  0.0
-2.03100198  -5.49578927  0.0
-1.88320409  -5.55264606  0.0
-1.73311606  -5.60315298  0.0
-1.58105723  -5.64737590  0.0
-1.42728863  -5.68522508  0.0
-1.27202736  -5.71636952  0.0
-1.11548226  -5.74021769  0.0
-0.95793449  -5.75607569  0.0
-0.79976596  -5.76355820  0.0
-0.64142014  -5.76289364  0.0
-0.48328260  -5.75459570  0.0
-0.32564060  -5.73953492  0.0
-0.16865705  -5.71865101  0.0
-0.01242168  -5.69272441  0.0
 0.14303578  -5.66246691  0.0
 0.29775452  -5.62861065  0.0
 0.45177294  -5.59169051  0.0
 0.60512996  -5.55210570  0.0
 0.75789985  -5.51030156  0.0
 0.91017334  -5.46671788  0.0
 1.06203503  -5.42171510  0.0
 1.21354774  -5.37554741  0.0
 1.36476340  -5.32841493  0.0
 1.51576414  -5.28059164  0.0
 1.66663547  -5.23235598  0.0
 1.81746891  -5.18399977  0.0
 1.81746962  -5.18399954  0.0
 1.96836308  -5.13583103  0.0
 1.96836504  -5.13583041  0.0
 2.11942161  -5.08817907  0.0
 2.11942490  -5.08817804  0.0
 2.27075486  -5.04139419  0.0
 2.27075963  -5.04139274  0.0
 2.42247238  -4.99586753  0.0
 2.42247878  -4.99586565  0.0
 2.57468332  -4.95203072  0.0
 2.57469147  -4.95202844  0.0
 2.72750457  -4.91034279  0.0
 2.72751486  -4.91034009  0.0
 2.88104507  -4.87136990  0.0
 2.88105772  -4.87136684  0.0
 3.03538279  -4.83573914  0.0
 3.03539784  -4.83573586  0.0
 3.19058954  -4.80408218  0.0
 3.19060664  -4.80407894  0.0
 3.34665282  -4.77693925  0.0
 3.34667157  -4.77693630  0.0
 3.50349832  -4.75474815  0.0
 3.50351953  -4.75474554  0.0
 3.66103332  -4.73815572  0.0
 3.66105639  -4.73815374  0.0
 3.81909254  -4.72765445  0.0
 3.81911702  -4.72765332  0.0
 3.97744962  -4.72361670  0.0
 3.97747566  -4.72361660  0.0
 4.13583149  -4.72645391  0.0
 4.13586019  -4.72645512  0.0
 4.29389649  -4.73686784  0.0
 4.29392991  -4.73687099  0.0
 4.45112680  -4.75610354  0.0
 4.45116435  -4.75610934  0.0
 4.60612000  -4.78512180  0.0
;;

