# exterior:
# ---------
 4.02144699  -4.69189924  0.0
 3.97805788  -4.69112182  0.0
 3.97740684  -4.69111722  0.0
 3.97727230  -4.69111773  0.0
 3.97662131  -4.69112726  0.0
 3.95607336  -4.69165112  0.0
 3.95607336  -4.66164137  0.0
 3.97585672  -4.66113700  0.0
 3.97618219  -4.66113047  0.0
 3.97683317  -4.66112094  0.0
 3.97715869  -4.66111795  0.0
 3.97729323  -4.66111744  0.0
 3.97761876  -4.66111797  0.0
 3.97826980  -4.66112257  0.0
 3.97859531  -4.66112663  0.0
 4.02144699  -4.66189442  0.0
 4.02144699  -4.69189924  0.0
;;

