# exterior:
# ---------
 0.83600000  -3.90563455  0.0
 0.90048846  -3.91509003  0.0
 1.05688655  -3.93993679  0.0
 1.21302064  -3.96641490  0.0
 1.36889536  -3.99439586  0.0
 1.52452827  -4.02370913  0.0
 1.67993243  -4.05422361  0.0
 1.83511765  -4.08584294  0.0
 1.99010713  -4.11842299  0.0
 2.14492207  -4.15183565  0.0
 2.29957577  -4.18599323  0.0
 2.45408625  -4.22080271  0.0
 2.54172566  -4.24086652  0.0
 2.54172566  -4.27164265  0.0
 2.44744209  -4.25005776  0.0
 2.29304402  -4.21527360  0.0
 2.13852254  -4.18114523  0.0
 1.98385692  -4.14776479  0.0
 1.82903715  -4.11522042  0.0
 1.67404746  -4.08364092  0.0
 1.51886162  -4.05316931  0.0
 1.36346857  -4.02390122  0.0
 1.20786227  -3.99596845  0.0
 1.05202493  -3.96954065  0.0
 0.89595871  -3.94474662  0.0
 0.83600000  -3.93595531  0.0
 0.83600000  -3.90563455  0.0
;;

