# exterior:
# ---------
 0.83600000  -3.90250141  0.0
 0.90095654  -3.91202551  0.0
 1.05738892  -3.93687772  0.0
 1.21355367  -3.96336103  0.0
 1.36945613  -3.99134697  0.0
 1.52511382  -4.02066491  0.0
 1.68054054  -4.05118382  0.0
 1.83574597  -4.08280727  0.0
 1.99075299  -4.11539100  0.0
 2.14558336  -4.14880699  0.0
 2.30025071  -4.18296759  0.0
 2.45477281  -4.21777969  0.0
 2.54172566  -4.23768632  0.0
 2.54172566  -4.23830184  0.0
 2.45463993  -4.21836479  0.0
 2.30012008  -4.18355320  0.0
 2.14545537  -4.14939319  0.0
 1.99062798  -4.11597784  0.0
 1.83562436  -4.08339481  0.0
 1.68042284  -4.05177216  0.0
 1.52500049  -4.02125411  0.0
 1.36934759  -3.99193708  0.0
 1.21345050  -3.96395211  0.0
 1.05729169  -3.93746980  0.0
 0.90086594  -3.91261865  0.0
 0.83600000  -3.90310782  0.0
 0.83600000  -3.90250141  0.0
;;

