# exterior:
# ---------
 0.83600000  -3.93595531  0.0
 0.89595871  -3.94474662  0.0
 1.05202493  -3.96954065  0.0
 1.20786227  -3.99596845  0.0
 1.36346857  -4.02390122  0.0
 1.51886162  -4.05316931  0.0
 1.67404746  -4.08364092  0.0
 1.82903715  -4.11522042  0.0
 1.98385692  -4.14776479  0.0
 2.13852254  -4.18114523  0.0
 2.29304402  -4.21527360  0.0
 2.44744209  -4.25005776  0.0
 2.54172566  -4.27164265  0.0
 2.53872566  -4.27403346  0.0
 2.44677767  -4.25298326  0.0
 2.29239085  -4.21820164  0.0
 2.13788259  -4.18407618  0.0
 1.98323189  -4.15069897  0.0
 1.82842911  -4.11815816  0.0
 1.67345896  -4.08658265  0.0
 1.51829496  -4.05611533  0.0
 1.36292589  -4.02685176  0.0
 1.20734643  -3.99892380  0.0
 1.05153877  -3.97250104  0.0
 0.89550574  -3.94771228  0.0
 0.83900000  -3.93942726  0.0
 0.83600000  -3.93595531  0.0
;;

