# exterior:
# ---------
-0.75000000  -3.81066268  0.0
-0.67691480  -3.80660372  0.0
-0.51860398  -3.80207876  0.0
-0.36022852  -3.80150493  0.0
-0.20188322  -3.80465269  0.0
-0.04364862  -3.81135270  0.0
 0.11441684  -3.82137078  0.0
 0.27225836  -3.83445378  0.0
 0.42984132  -3.85035282  0.0
 0.58714617  -3.86880940  0.0
 0.74415528  -3.88964130  0.0
 0.75000000  -3.89049827  0.0
 0.75000000  -3.89302500  0.0
 0.74380952  -3.89211733  0.0
 0.58683608  -3.87129016  0.0
 0.42957016  -3.85283815  0.0
 0.27202961  -3.83694339  0.0
 0.11423451  -3.82386424  0.0
-0.04378058  -3.81384935  0.0
-0.20196096  -3.80715164  0.0
-0.36024883  -3.80400502  0.0
-0.51856373  -3.80457863  0.0
-0.67680975  -3.80910174  0.0
-0.75000000  -3.81316653  0.0
-0.75000000  -3.81066268  0.0
;;

