# exterior:
# ---------
 0.83600000  -3.90310782  0.0
 0.90086594  -3.91261865  0.0
 1.05729169  -3.93746980  0.0
 1.21345050  -3.96395211  0.0
 1.36934759  -3.99193708  0.0
 1.52500049  -4.02125411  0.0
 1.68042284  -4.05177216  0.0
 1.83562436  -4.08339481  0.0
 1.99062798  -4.11597784  0.0
 2.14545537  -4.14939319  0.0
 2.30012008  -4.18355320  0.0
 2.45463993  -4.21836479  0.0
 2.54172566  -4.23830184  0.0
 2.54172566  -4.24086652  0.0
 2.45408625  -4.22080271  0.0
 2.29957577  -4.18599323  0.0
 2.14492207  -4.15183565  0.0
 1.99010713  -4.11842299  0.0
 1.83511765  -4.08584294  0.0
 1.67993243  -4.05422361  0.0
 1.52452827  -4.02370913  0.0
 1.36889536  -3.99439586  0.0
 1.21302064  -3.96641490  0.0
 1.05688655  -3.93993679  0.0
 0.90048846  -3.91509003  0.0
 0.83600000  -3.90563455  0.0
 0.83600000  -3.90310782  0.0
;;

