# exterior:
# ---------
 2.62772566  -4.90387380  0.0
 2.62772566  -4.29142357  0.0
 2.75590434  -4.32122407  0.0
 2.90996258  -4.35758047  0.0
 3.06392075  -4.39440424  0.0
 3.21779142  -4.43164365  0.0
 3.37159051  -4.46923728  0.0
 3.52533734  -4.50711511  0.0
 3.60672000  -4.52727411  0.0
 3.60672000  -4.55818078  0.0
 3.67180826  -4.57430355  0.0
 3.82540502  -4.61258461  0.0
 3.97891793  -4.65112591  0.0
 4.02144699  -4.66189442  0.0
 3.97859531  -4.66112663  0.0
 3.97826980  -4.66112257  0.0
 3.97761876  -4.66111797  0.0
 3.97729323  -4.66111744  0.0
 3.97715869  -4.66111795  0.0
 3.97683317  -4.66112094  0.0
 3.97618219  -4.66113047  0.0
 3.97585672  -4.66113700  0.0
 3.81752413  -4.66517362  0.0
 3.81721790  -4.66518300  0.0
 3.81660556  -4.66520487  0.0
 3.81629945  -4.66521737  0.0
 3.81617295  -4.66522318  0.0
 3.81586698  -4.66523880  0.0
 3.81525522  -4.66527317  0.0
 3.81494942  -4.66529192  0.0
 3.65691327  -4.67579121  0.0
 3.65662452  -4.67581179  0.0
 3.65604724  -4.67585574  0.0
 3.65575870  -4.67587911  0.0
 3.65563950  -4.67588935  0.0
 3.65535120  -4.67591550  0.0
 3.65477487  -4.67597058  0.0
 3.65448684  -4.67599951  0.0
 3.60672000  -4.68103046  0.0
 3.60672000  -4.71119639  0.0
 3.50011536  -4.72242431  0.0
 3.49958463  -4.72248499  0.0
 3.49947507  -4.72249851  0.0
 3.49894550  -4.72256863  0.0
 3.34211875  -4.74475677  0.0
 3.34164924  -4.74482699  0.0
 3.34155233  -4.74484227  0.0
 3.34108398  -4.74491991  0.0
 3.18503781  -4.77205961  0.0
 3.18460970  -4.77213727  0.0
 3.18452134  -4.77215396  0.0
 3.18409440  -4.77223782  0.0
 3.02890271  -4.80389150  0.0
 3.02852576  -4.80397091  0.0
 3.02844797  -4.80398782  0.0
 3.02807208  -4.80407206  0.0
 2.87374701  -4.83969976  0.0
 2.87343039  -4.83977467  0.0
 2.87336503  -4.83979050  0.0
 2.87304924  -4.83986884  0.0
 2.71951903  -4.87883903  0.0
 2.71926153  -4.87890560  0.0
 2.71920837  -4.87891960  0.0
 2.71895147  -4.87898846  0.0
 2.62772566  -4.90387380  0.0
;;

# interior:
# ---------
 2.63072566  -4.89994582  0.0
 2.71816195  -4.87609421  0.0
 2.71817479  -4.87609074  0.0
 2.71843169  -4.87602188  0.0
 2.71844454  -4.87601847  0.0
 2.71849770  -4.87600447  0.0
 2.71851057  -4.87600112  0.0
 2.71876807  -4.87593454  0.0
 2.71878095  -4.87593124  0.0
 2.87231116  -4.83696105  0.0
 2.87232694  -4.83695709  0.0
 2.87264274  -4.83687876  0.0
 2.87265854  -4.83687488  0.0
 2.87272389  -4.83685905  0.0
 2.87273971  -4.83685526  0.0
 2.87305634  -4.83678035  0.0
 2.87307218  -4.83677665  0.0
 3.02739725  -4.80114895  0.0
 3.02741603  -4.80114467  0.0
 3.02779192  -4.80106043  0.0
 3.02781073  -4.80105628  0.0
 3.02788852  -4.80103937  0.0
 3.02790735  -4.80103534  0.0
 3.02828429  -4.80095593  0.0
 3.02830315  -4.80095202  0.0
 3.18349485  -4.76929834  0.0
 3.18351618  -4.76929407  0.0
 3.18394312  -4.76921021  0.0
 3.18396449  -4.76920609  0.0
 3.18405284  -4.76918940  0.0
 3.18407423  -4.76918544  0.0
 3.18450234  -4.76910778  0.0
 3.18452376  -4.76910397  0.0
 3.34056994  -4.74196428  0.0
 3.34059334  -4.74196031  0.0
 3.34106168  -4.74188267  0.0
 3.34108512  -4.74187888  0.0
 3.34118203  -4.74186360  0.0
 3.34120549  -4.74185999  0.0
 3.34167500  -4.74178977  0.0
 3.34169849  -4.74178635  0.0
 3.49852524  -4.71959821  0.0
 3.49855171  -4.71959458  0.0
 3.49908127  -4.71952446  0.0
 3.49910776  -4.71952108  0.0
 3.49921733  -4.71950756  0.0
 3.49924385  -4.71950441  0.0
 3.49977458  -4.71944373  0.0
 3.49980113  -4.71944081  0.0
 3.60372000  -4.70849577  0.0
 3.60372000  -4.68103046  0.0
 3.60373431  -4.68073775  0.0
 3.60377712  -4.68044784  0.0
 3.60384800  -4.68016349  0.0
 3.60394630  -4.67988741  0.0
 3.60407106  -4.67962223  0.0
 3.60422109  -4.67937050  0.0
 3.60439498  -4.67913461  0.0
 3.60459104  -4.67891680  0.0
 3.60480743  -4.67871917  0.0
 3.60504206  -4.67854359  0.0
 3.60529271  -4.67839174  0.0
 3.60555697  -4.67826507  0.0
 3.60583234  -4.67816479  0.0
 3.60611617  -4.67809185  0.0
 3.60640577  -4.67804696  0.0
 3.65417261  -4.67301602  0.0
 3.65418701  -4.67301453  0.0
 3.65447504  -4.67298560  0.0
 3.65448944  -4.67298419  0.0
 3.65506577  -4.67292911  0.0
 3.65508018  -4.67292776  0.0
 3.65536848  -4.67290161  0.0
 3.65538290  -4.67290034  0.0
 3.65550211  -4.67289011  0.0
 3.65551653  -4.67288890  0.0
 3.65580507  -4.67286554  0.0
 3.65581949  -4.67286440  0.0
 3.65639678  -4.67282045  0.0
 3.65641121  -4.67281939  0.0
 3.65669996  -4.67279880  0.0
 3.65671440  -4.67279781  0.0
 3.81475055  -4.66229852  0.0
 3.81476584  -4.66229754  0.0
 3.81507163  -4.66227880  0.0
 3.81508693  -4.66227790  0.0
 3.81569869  -4.66224353  0.0
 3.81571399  -4.66224271  0.0
 3.81601996  -4.66222708  0.0
 3.81603526  -4.66222634  0.0
 3.81616175  -4.66222053  0.0
 3.81617706  -4.66221986  0.0
 3.81648317  -4.66220736  0.0
 3.81649848  -4.66220678  0.0
 3.81711082  -4.66218491  0.0
 3.81712613  -4.66218440  0.0
 3.81743236  -4.66217503  0.0
 3.81744767  -4.66217460  0.0
 3.97578027  -4.65813798  0.0
 3.97579654  -4.65813761  0.0
 3.97612200  -4.65813108  0.0
 3.97613828  -4.65813080  0.0
 3.97678926  -4.65812127  0.0
 3.97680554  -4.65812107  0.0
 3.97713105  -4.65811807  0.0
 3.97714733  -4.65811797  0.0
 3.97728187  -4.65811746  0.0
 3.97729815  -4.65811744  0.0
 3.97762368  -4.65811797  0.0
 3.97763996  -4.65811804  0.0
 3.97829099  -4.65812264  0.0
 3.97830727  -4.65812280  0.0
 3.97863278  -4.65812687  0.0
 3.97864905  -4.65812712  0.0
 3.99554173  -4.65842979  0.0
 3.97818448  -4.65403487  0.0
 3.82467702  -4.61549494  0.0
 3.67108485  -4.57721503  0.0
 3.60599868  -4.56109278  0.0
 3.60572612  -4.56101137  0.0
 3.60546249  -4.56090451  0.0
 3.60521017  -4.56077316  0.0
 3.60497143  -4.56061851  0.0
 3.60474840  -4.56044193  0.0
 3.60454310  -4.56024503  0.0
 3.60435738  -4.56002957  0.0
 3.60419289  -4.55979749  0.0
 3.60405113  -4.55955087  0.0
 3.60393336  -4.55929193  0.0
 3.60384065  -4.55902301  0.0
 3.60377382  -4.55874651  0.0
 3.60373349  -4.55846492  0.0
 3.60372000  -4.55818078  0.0
 3.60372000  -4.52962166  0.0
 3.52461786  -4.51002756  0.0
 3.37087552  -4.47215084  0.0
 3.21708242  -4.43455867  0.0
 3.06321898  -4.39732101  0.0
 2.90926913  -4.36049922  0.0
 2.75522013  -4.32414501  0.0
 2.63072566  -4.29520106  0.0
 2.63072566  -4.89994582  0.0
;;

