# exterior:
# ---------
 3.95607336  -4.72166087  0.0
 3.81905330  -4.72515413  0.0
 3.81892681  -4.72515995  0.0
 3.66089066  -4.73565924  0.0
 3.66077146  -4.73566947  0.0
 3.60672000  -4.74136233  0.0
 3.60672000  -4.71119639  0.0
 3.65762915  -4.70583449  0.0
 3.65820548  -4.70577941  0.0
 3.65832468  -4.70576917  0.0
 3.65890197  -4.70572522  0.0
 3.81693812  -4.69522593  0.0
 3.81754988  -4.69519156  0.0
 3.81767637  -4.69518575  0.0
 3.81828872  -4.69516388  0.0
 3.95607336  -4.69165112  0.0
 3.95607336  -4.72166087  0.0
;;

