# exterior:
# ---------
-0.83600000  -5.76244474  0.0
-0.95797874  -5.75667427  0.0
-1.11555753  -5.74081314  0.0
-1.27213160  -5.71696056  0.0
-1.42741939  -5.68581080  0.0
-1.58121278  -5.64795552  0.0
-1.73329560  -5.60372562  0.0
-1.88340758  -5.55321064  0.0
-2.03122959  -5.49634457  0.0
-2.17643780  -5.43310337  0.0
-2.31861129  -5.36330603  0.0
-2.45706271  -5.28640755  0.0
-2.59066931  -5.20138313  0.0
-2.71735489  -5.10639315  0.0
-2.83246099  -4.99777168  0.0
-2.92279614  -4.86842654  0.0
-2.94528000  -4.76908800  0.0
-2.93998542  -4.71368527  0.0
-2.86903871  -4.57368566  0.0
-2.75890332  -4.46018250  0.0
-2.63374550  -4.36322919  0.0
-2.50009642  -4.27829635  0.0
-2.36068909  -4.20315597  0.0
-2.21709225  -4.13635283  0.0
-2.07029313  -4.07690468  0.0
-1.92097810  -4.02408124  0.0
-1.76963275  -3.97738409  0.0
-1.61662560  -3.93645913  0.0
-1.46224077  -3.90107831  0.0
-1.30669859  -3.87119625  0.0
-1.15018464  -3.84691388  0.0
-0.99290110  -3.82825273  0.0
-0.83600000  -3.81486520  0.0
-0.83600000  -3.81546738  0.0
-0.99284024  -3.82884971  0.0
-1.15010328  -3.84750843  0.0
-1.30659596  -3.87178750  0.0
-1.46211711  -3.90166552  0.0
-1.61648102  -3.93704155  0.0
-1.76946673  -3.97796077  0.0
-1.92078951  -4.02465096  0.0
-2.07008036  -4.07746585  0.0
-2.21685295  -4.13690325  0.0
-2.36041998  -4.20369253  0.0
-2.49979278  -4.27881430  0.0
-2.63340013  -4.36372061  0.0
-2.75850230  -4.46063082  0.0
-2.86854468  -4.57403813  0.0
-2.93939894  -4.71385529  0.0
-2.94467357  -4.76904935  0.0
-2.92223690  -4.86817940  0.0
-2.83200437  -4.99737760  0.0
-2.71696778  -5.10593347  0.0
-2.59032777  -5.20088929  0.0
-2.45675570  -5.28589173  0.0
-2.31833324  -5.36277412  0.0
-2.17618567  -5.43255874  0.0
-2.03100198  -5.49578927  0.0
-1.88320409  -5.55264606  0.0
-1.73311606  -5.60315298  0.0
-1.58105723  -5.64737590  0.0
-1.42728863  -5.68522508  0.0
-1.27202736  -5.71636952  0.0
-1.11548226  -5.74021769  0.0
-0.95793449  -5.75607569  0.0
-0.83600000  -5.76184407  0.0
-0.83600000  -5.76244474  0.0
;;

