# exterior:
# ---------
 3.60672000  -4.74136233  0.0
 3.50325767  -4.75225929  0.0
 3.50314811  -4.75227280  0.0
 3.34632136  -4.77446095  0.0
 3.34622444  -4.77447623  0.0
 3.19017827  -4.80161592  0.0
 3.19008991  -4.80163261  0.0
 3.03489822  -4.83328630  0.0
 3.03482042  -4.83330321  0.0
 2.88049536  -4.86893091  0.0
 2.88043001  -4.86894674  0.0
 2.72689979  -4.90791693  0.0
 2.72684664  -4.90793092  0.0
 2.62772566  -4.93496998  0.0
 2.62772566  -4.90387380  0.0
 2.71895147  -4.87898846  0.0
 2.71920837  -4.87891960  0.0
 2.71926153  -4.87890560  0.0
 2.71951903  -4.87883903  0.0
 2.87304924  -4.83986884  0.0
 2.87336503  -4.83979050  0.0
 2.87343039  -4.83977467  0.0
 2.87374701  -4.83969976  0.0
 3.02807208  -4.80407206  0.0
 3.02844797  -4.80398782  0.0
 3.02852576  -4.80397091  0.0
 3.02890271  -4.80389150  0.0
 3.18409440  -4.77223782  0.0
 3.18452134  -4.77215396  0.0
 3.18460970  -4.77213727  0.0
 3.18503781  -4.77205961  0.0
 3.34108398  -4.74491991  0.0
 3.34155233  -4.74484227  0.0
 3.34164924  -4.74482699  0.0
 3.34211875  -4.74475677  0.0
 3.49894550  -4.72256863  0.0
 3.49947507  -4.72249851  0.0
 3.49958463  -4.72248499  0.0
 3.50011536  -4.72242431  0.0
 3.60672000  -4.71119639  0.0
 3.60672000  -4.74136233  0.0
;;

