# exterior:
# ---------
 0.75000000  -5.44807306  0.0
 0.74118693  -5.45059553  0.0
 0.58919922  -5.49218564  0.0
 0.43679761  -5.53152384  0.0
 0.28390003  -5.56817530  0.0
 0.13048478  -5.60174632  0.0
-0.02342127  -5.63170186  0.0
-0.17782234  -5.65732407  0.0
-0.33267925  -5.67792507  0.0
-0.48785737  -5.69275046  0.0
-0.64317569  -5.70090046  0.0
-0.75000000  -5.70134879  0.0
-0.74700000  -5.69833617  0.0
-0.64326063  -5.69790079  0.0
-0.48807873  -5.68975795  0.0
-0.33301983  -5.67494395  0.0
-0.17826582  -5.65435664  0.0
-0.02395351  -5.62874916  0.0
 0.12987747  -5.59880823  0.0
 0.28322965  -5.56525101  0.0
 0.43607300  -5.52861254  0.0
 0.58842838  -5.48928628  0.0
 0.74037824  -5.44770653  0.0
 0.74700000  -5.44581125  0.0
 0.75000000  -5.44807306  0.0
;;

