# exterior:
# ---------
 4.60362000  -4.78211028  0.0
 4.45162443  -4.75365204  0.0
 4.45143040  -4.75362204  0.0
 4.29423351  -4.73438949  0.0
 4.29406085  -4.73437325  0.0
 4.13602455  -4.72396052  0.0
 4.13587628  -4.72395431  0.0
 3.97752044  -4.72111701  0.0
 3.97738590  -4.72111752  0.0
 3.81905330  -4.72515413  0.0
 3.81892681  -4.72515995  0.0
 3.66089066  -4.73565924  0.0
 3.66077146  -4.73566947  0.0
 3.60672000  -4.74136233  0.0
 3.60672000  -4.71119639  0.0
 3.65762915  -4.70583449  0.0
 3.65820548  -4.70577941  0.0
 3.65832468  -4.70576917  0.0
 3.65890197  -4.70572522  0.0
 3.81693812  -4.69522593  0.0
 3.81754988  -4.69519156  0.0
 3.81767637  -4.69518575  0.0
 3.81828872  -4.69516388  0.0
 3.97662131  -4.69112726  0.0
 3.97727230  -4.69111773  0.0
 3.97740684  -4.69111722  0.0
 3.97805788  -4.69112182  0.0
 4.13641371  -4.69395913  0.0
 4.13713154  -4.69398059  0.0
 4.13727981  -4.69398680  0.0
 4.13799692  -4.69402543  0.0
 4.29603322  -4.70443816  0.0
 4.29686976  -4.70450504  0.0
 4.29704242  -4.70452128  0.0
 4.29787675  -4.70461153  0.0
 4.31784665  -4.70705479  0.0
 4.29286953  -4.70038502  0.0
 4.13969928  -4.66088959  0.0
 3.98625237  -4.62203627  0.0
 3.83268510  -4.58348133  0.0
 3.67904236  -4.54518881  0.0
 3.60672000  -4.52727411  0.0
 3.60672000  -4.49636743  0.0
 3.68627645  -4.51607406  0.0
 3.83996519  -4.55437804  0.0
 3.99358682  -4.59294664  0.0
 4.14712647  -4.63182344  0.0
 4.30048489  -4.67136739  0.0
 4.45348231  -4.71222305  0.0
 4.60362000  -4.75467642  0.0
 4.60362000  -4.78211028  0.0
;;

