# exterior:
# ---------
-0.83600000  -5.75934127  0.0
-0.95775011  -5.75358162  0.0
-1.11516861  -5.73773663  0.0
-1.27159302  -5.71390684  0.0
-1.42674376  -5.68278458  0.0
-1.58040911  -5.64496081  0.0
-1.73236799  -5.60076696  0.0
-1.88235623  -5.55029362  0.0
-2.03005361  -5.49347549  0.0
-2.17513514  -5.43028946  0.0
-2.31717470  -5.36055787  0.0
-2.45547652  -5.28374249  0.0
-2.58890470  -5.19883161  0.0
-2.71535485  -5.10401815  0.0
-2.83010179  -4.99573560  0.0
-2.91990674  -4.86714964  0.0
-2.94214679  -4.76888829  0.0
-2.93695525  -4.71456371  0.0
-2.86648622  -4.57550672  0.0
-2.75683138  -4.46249880  0.0
-2.63196108  -4.36576821  0.0
-2.49852763  -4.28097241  0.0
-2.35929867  -4.20592817  0.0
-2.21585587  -4.13919668  0.0
-2.06919383  -4.07980405  0.0
-1.92000375  -4.02702481  0.0
-1.76877495  -3.98036362  0.0
-1.61587862  -3.93946830  0.0
-1.46160189  -3.90411226  0.0
-1.30616836  -3.87425107  0.0
-1.14976426  -3.84998574  0.0
-0.99258662  -3.83133716  0.0
-0.83600000  -3.81797647  0.0
-0.83600000  -3.84808547  0.0
-0.98954326  -3.86118649  0.0
-1.14569598  -3.87971347  0.0
-1.30103706  -3.90381388  0.0
-1.45541924  -3.93347309  0.0
-1.60864972  -3.96858936  0.0
-1.76047367  -4.00919785  0.0
-1.91057462  -4.05551104  0.0
-2.05855547  -4.10786249  0.0
-2.20389086  -4.16671788  0.0
-2.34584295  -4.23275587  0.0
-2.48334584  -4.30686975  0.0
-2.61469255  -4.39033945  0.0
-2.73678029  -4.48491454  0.0
-2.84178473  -4.59312986  0.0
-2.90763096  -4.72306465  0.0
-2.91182541  -4.76695558  0.0
-2.89194478  -4.85479251  0.0
-2.80727087  -4.97603167  0.0
-2.69599970  -5.08103425  0.0
-2.57182783  -5.17413943  0.0
-2.44012628  -5.25795152  0.0
-2.30327219  -5.33396281  0.0
-2.16252882  -5.40305806  0.0
-2.01867316  -5.46571020  0.0
-1.87218186  -5.52206435  0.0
-1.72339113  -5.57213471  0.0
-1.57263173  -5.61597972  0.0
-1.42020540  -5.65349852  0.0
-1.26638099  -5.68435473  0.0
-1.11140490  -5.70796387  0.0
-0.95553750  -5.72365274  0.0
-0.83600000  -5.72930772  0.0
-0.83600000  -5.75934127  0.0
;;

