# exterior:
# ---------
 0.74700000  -5.44581125  0.0
 0.74037824  -5.44770653  0.0
 0.58842838  -5.48928628  0.0
 0.43607300  -5.52861254  0.0
 0.28322965  -5.56525101  0.0
 0.12987747  -5.59880823  0.0
-0.02395351  -5.62874916  0.0
-0.17826582  -5.65435664  0.0
-0.33301983  -5.67494395  0.0
-0.48807873  -5.68975795  0.0
-0.64326063  -5.69790079  0.0
-0.74700000  -5.69833617  0.0
-0.74200000  -5.69331514  0.0
-0.64340221  -5.69290134  0.0
-0.48844767  -5.68477043  0.0
-0.33358746  -5.66997541  0.0
-0.17900496  -5.64941092  0.0
-0.02484057  -5.62382798  0.0
 0.12886529  -5.59391141  0.0
 0.28211235  -5.56037719  0.0
 0.43486531  -5.52376039  0.0
 0.58714364  -5.48445402  0.0
 0.73903042  -5.44289153  0.0
 0.74200000  -5.44204158  0.0
 0.74700000  -5.44581125  0.0
;;

