# exterior:
# ---------
-0.75000000  -3.81316653  0.0
-0.67680975  -3.80910174  0.0
-0.51856373  -3.80457863  0.0
-0.36024883  -3.80400502  0.0
-0.20196096  -3.80715164  0.0
-0.04378058  -3.81384935  0.0
 0.11423451  -3.82386424  0.0
 0.27202961  -3.83694339  0.0
 0.42957016  -3.85283815  0.0
 0.58683608  -3.87129016  0.0
 0.74380952  -3.89211733  0.0
 0.75000000  -3.89302500  0.0
 0.75000000  -3.95316117  0.0
 0.73558032  -3.95104692  0.0
 0.57945595  -3.93033240  0.0
 0.42311654  -3.91198910  0.0
 0.26658531  -3.89619617  0.0
 0.10989488  -3.88320858  0.0
-0.04692123  -3.87326968  0.0
-0.20381103  -3.86662662  0.0
-0.36073240  -3.86350716  0.0
-0.51760580  -3.86407555  0.0
-0.67430962  -3.86855458  0.0
-0.75000000  -3.87275822  0.0
-0.75000000  -3.81316653  0.0
;;

