# exterior:
# ---------
-0.74700000  -3.87559623  0.0
-0.67418356  -3.87155220  0.0
-0.51755750  -3.86707540  0.0
-0.36075678  -3.86650727  0.0
-0.20390431  -3.86962536  0.0
-0.04707959  -3.87626567  0.0
 0.10967608  -3.88620073  0.0
 0.26631081  -3.89918371  0.0
 0.42279114  -3.91497150  0.0
 0.57908384  -3.93330932  0.0
 0.73516541  -3.95401816  0.0
 0.74700000  -3.95575338  0.0
 0.74200000  -3.96007372  0.0
 0.73447388  -3.95897022  0.0
 0.57846366  -3.93827085  0.0
 0.42224882  -3.91994216  0.0
 0.26585330  -3.90416293  0.0
 0.10931140  -3.89118765  0.0
-0.04734351  -3.88125897  0.0
-0.20405978  -3.87462326  0.0
-0.36079741  -3.87150745  0.0
-0.51747701  -3.87207514  0.0
-0.67397346  -3.87654824  0.0
-0.74200000  -3.88032625  0.0
-0.74700000  -3.87559623  0.0
;;

