# exterior:
# ---------
 4.31784665  -4.70705479  0.0
 4.29787675  -4.70461153  0.0
 4.29704242  -4.70452128  0.0
 4.29686976  -4.70450504  0.0
 4.29603322  -4.70443816  0.0
 4.13799692  -4.69402543  0.0
 4.13727981  -4.69398680  0.0
 4.13713154  -4.69398059  0.0
 4.13641371  -4.69395913  0.0
 3.97805788  -4.69112182  0.0
 3.97740684  -4.69111722  0.0
 3.97727230  -4.69111773  0.0
 3.97662131  -4.69112726  0.0
 3.81828872  -4.69516388  0.0
 3.81767637  -4.69518575  0.0
 3.81754988  -4.69519156  0.0
 3.81693812  -4.69522593  0.0
 3.65890197  -4.70572522  0.0
 3.65832468  -4.70576917  0.0
 3.65820548  -4.70577941  0.0
 3.65762915  -4.70583449  0.0
 3.60672000  -4.71119639  0.0
 3.60672000  -4.68103046  0.0
 3.65448684  -4.67599951  0.0
 3.65477487  -4.67597058  0.0
 3.65535120  -4.67591550  0.0
 3.65563950  -4.67588935  0.0
 3.65575870  -4.67587911  0.0
 3.65604724  -4.67585574  0.0
 3.65662452  -4.67581179  0.0
 3.65691327  -4.67579121  0.0
 3.81494942  -4.66529192  0.0
 3.81525522  -4.66527317  0.0
 3.81586698  -4.66523880  0.0
 3.81617295  -4.66522318  0.0
 3.81629945  -4.66521737  0.0
 3.81660556  -4.66520487  0.0
 3.81721790  -4.66518300  0.0
 3.81752413  -4.66517362  0.0
 3.97585672  -4.66113700  0.0
 3.97618219  -4.66113047  0.0
 3.97683317  -4.66112094  0.0
 3.97715869  -4.66111795  0.0
 3.97729323  -4.66111744  0.0
 3.97761876  -4.66111797  0.0
 3.97826980  -4.66112257  0.0
 3.97859531  -4.66112663  0.0
 4.02144699  -4.66189442  0.0
 3.97891793  -4.65112591  0.0
 3.82540502  -4.61258461  0.0
 3.67180826  -4.57430355  0.0
 3.60672000  -4.55818078  0.0
 3.60672000  -4.52727411  0.0
 3.67904236  -4.54518881  0.0
 3.83268510  -4.58348133  0.0
 3.98625237  -4.62203627  0.0
 4.13969928  -4.66088959  0.0
 4.29286953  -4.70038502  0.0
 4.31784665  -4.70705479  0.0
;;

