# exterior:
# ---------
-0.74700000   3.83983983  0.0
-0.74700000   5.66257977  0.0
-0.67418356   5.66662380  0.0
-0.51755750   5.67110060  0.0
-0.36075678   5.67166873  0.0
-0.20390431   5.66855064  0.0
-0.04707959   5.66191033  0.0
 0.10967608   5.65197527  0.0
 0.26631081   5.63899229  0.0
 0.42279114   5.62320450  0.0
 0.57908384   5.60486668  0.0
 0.73516541   5.58415784  0.0
 0.74700000   5.58242262  0.0
 0.74700000   4.09236475  0.0
 0.74037824   4.09046947  0.0
 0.58842838   4.04888972  0.0
 0.43607300   4.00956346  0.0
 0.28322965   3.97292499  0.0
 0.12987747   3.93936777  0.0
-0.02395351   3.90942684  0.0
-0.17826582   3.88381936  0.0
-0.33301983   3.86323205  0.0
-0.48807873   3.84841805  0.0
-0.64326063   3.84027521  0.0
-0.74700000   3.83983983  0.0
;;

# interior:
# ---------
-0.74200000   3.84486086  0.0
-0.64340221   3.84527466  0.0
-0.48844767   3.85340557  0.0
-0.33358746   3.86820059  0.0
-0.17900496   3.88876508  0.0
-0.02484057   3.91434802  0.0
 0.12886529   3.94426459  0.0
 0.28211235   3.97779881  0.0
 0.43486531   4.01441561  0.0
 0.58714364   4.05372198  0.0
 0.73903042   4.09528447  0.0
 0.74200000   4.09613442  0.0
 0.74200000   5.57810228  0.0
 0.73447388   5.57920578  0.0
 0.57846366   5.59990515  0.0
 0.42224882   5.61823384  0.0
 0.26585330   5.63401307  0.0
 0.10931140   5.64698835  0.0
-0.04734351   5.65691703  0.0
-0.20405978   5.66355274  0.0
-0.36079741   5.66666855  0.0
-0.51747701   5.66610086  0.0
-0.67397346   5.66162776  0.0
-0.74200000   5.65784975  0.0
-0.74200000   3.84486086  0.0
;;

