# exterior:
# ---------
-0.75000000   3.83682721  0.0
-0.75000000   5.66541778  0.0
-0.67430962   5.66962142  0.0
-0.51760580   5.67410045  0.0
-0.36073240   5.67466884  0.0
-0.20381103   5.67154938  0.0
-0.04692123   5.66490632  0.0
 0.10989488   5.65496742  0.0
 0.26658531   5.64197983  0.0
 0.42311654   5.62618690  0.0
 0.57945595   5.60784360  0.0
 0.73558032   5.58712908  0.0
 0.75000000   5.58501483  0.0
 0.75000000   4.09010294  0.0
 0.74118693   4.08758047  0.0
 0.58919922   4.04599036  0.0
 0.43679761   4.00665216  0.0
 0.28390003   3.97000070  0.0
 0.13048478   3.93642968  0.0
-0.02342127   3.90647414  0.0
-0.17782234   3.88085193  0.0
-0.33267925   3.86025093  0.0
-0.48785737   3.84542554  0.0
-0.64317569   3.83727554  0.0
-0.75000000   3.83682721  0.0
;;

# interior:
# ---------
-0.74700000   3.83983983  0.0
-0.64326063   3.84027521  0.0
-0.48807873   3.84841805  0.0
-0.33301983   3.86323205  0.0
-0.17826582   3.88381936  0.0
-0.02395351   3.90942684  0.0
 0.12987747   3.93936777  0.0
 0.28322965   3.97292499  0.0
 0.43607300   4.00956346  0.0
 0.58842838   4.04888972  0.0
 0.74037824   4.09046947  0.0
 0.74700000   4.09236475  0.0
 0.74700000   5.58242262  0.0
 0.73516541   5.58415784  0.0
 0.57908384   5.60486668  0.0
 0.42279114   5.62320450  0.0
 0.26631081   5.63899229  0.0
 0.10967608   5.65197527  0.0
-0.04707959   5.66191033  0.0
-0.20390431   5.66855064  0.0
-0.36075678   5.67166873  0.0
-0.51755750   5.67110060  0.0
-0.67418356   5.66662380  0.0
-0.74700000   5.66257977  0.0
-0.74700000   3.83983983  0.0
;;

