# exterior:
# ---------
 0.83600000   5.63254145  0.0
 0.90048846   5.62308597  0.0
 1.05688655   5.59823921  0.0
 1.21302064   5.57176110  0.0
 1.36889536   5.54378014  0.0
 1.52452827   5.51446687  0.0
 1.67993243   5.48395239  0.0
 1.83511765   5.45233306  0.0
 1.99010713   5.41975301  0.0
 2.14492207   5.38634035  0.0
 2.29957577   5.35218277  0.0
 2.45408625   5.31737329  0.0
 2.54172566   5.29730948  0.0
 2.54172566   5.26653335  0.0
 2.44744209   5.28811824  0.0
 2.29304402   5.32290240  0.0
 2.13852254   5.35703077  0.0
 1.98385692   5.39041121  0.0
 1.82903715   5.42295558  0.0
 1.67404746   5.45453508  0.0
 1.51886162   5.48500669  0.0
 1.36346857   5.51427478  0.0
 1.20786227   5.54220755  0.0
 1.05202493   5.56863535  0.0
 0.89595871   5.59342938  0.0
 0.83600000   5.60222069  0.0
 0.83600000   5.63254145  0.0
;;

