# exterior:
# ---------
-0.83600000   3.77883473  0.0
-0.95775011   3.78459438  0.0
-1.11516861   3.80043937  0.0
-1.27159302   3.82426916  0.0
-1.42674376   3.85539142  0.0
-1.58040911   3.89321519  0.0
-1.73236799   3.93740904  0.0
-1.88235623   3.98788238  0.0
-2.03005361   4.04470051  0.0
-2.17513514   4.10788654  0.0
-2.31717470   4.17761813  0.0
-2.45547652   4.25443351  0.0
-2.58890470   4.33934439  0.0
-2.71535485   4.43415785  0.0
-2.83010179   4.54244040  0.0
-2.91990674   4.67102636  0.0
-2.94214679   4.76928771  0.0
-2.93695525   4.82361229  0.0
-2.86648622   4.96266928  0.0
-2.75683138   5.07567720  0.0
-2.63196108   5.17240779  0.0
-2.49852763   5.25720359  0.0
-2.35929867   5.33224783  0.0
-2.21585587   5.39897932  0.0
-2.06919383   5.45837195  0.0
-1.92000375   5.51115119  0.0
-1.76877495   5.55781238  0.0
-1.61587862   5.59870770  0.0
-1.46160189   5.63406374  0.0
-1.30616836   5.66392493  0.0
-1.14976426   5.68819026  0.0
-0.99258662   5.70683884  0.0
-0.83600000   5.72019953  0.0
-0.83600000   5.69009053  0.0
-0.98954326   5.67698951  0.0
-1.14569598   5.65846253  0.0
-1.30103706   5.63436212  0.0
-1.45541924   5.60470291  0.0
-1.60864972   5.56958664  0.0
-1.76047367   5.52897815  0.0
-1.91057462   5.48266496  0.0
-2.05855547   5.43031351  0.0
-2.20389086   5.37145812  0.0
-2.34584295   5.30542013  0.0
-2.48334584   5.23130625  0.0
-2.61469255   5.14783655  0.0
-2.73678029   5.05326146  0.0
-2.84178473   4.94504614  0.0
-2.90763096   4.81511135  0.0
-2.91182541   4.77122042  0.0
-2.89194478   4.68338349  0.0
-2.80727087   4.56214433  0.0
-2.69599970   4.45714175  0.0
-2.57182783   4.36403657  0.0
-2.44012628   4.28022448  0.0
-2.30327219   4.20421319  0.0
-2.16252882   4.13511794  0.0
-2.01867316   4.07246580  0.0
-1.87218186   4.01611165  0.0
-1.72339113   3.96604129  0.0
-1.57263173   3.92219628  0.0
-1.42020540   3.88467748  0.0
-1.26638099   3.85382127  0.0
-1.11140490   3.83021213  0.0
-0.95553750   3.81452326  0.0
-0.83600000   3.80886828  0.0
-0.83600000   3.77883473  0.0
;;

