# exterior:
# ---------
 4.60672000   4.75233143  0.0
 4.45105393   4.78147690  0.0
 4.29385704   4.80070945  0.0
 4.13582074   4.81112218  0.0
 3.97746491   4.81395949  0.0
 3.81913231   4.80992287  0.0
 3.66109616   4.79942358  0.0
 3.50358238   4.78283377  0.0
 3.34675563   4.76064562  0.0
 3.19070945   4.73350593  0.0
 3.03551775   4.70185224  0.0
 2.88119269   4.66622454  0.0
 2.72766247   4.62725436  0.0
 2.57484937   4.58556871  0.0
 2.42264483   4.54173379  0.0
 2.27093207   4.49620858  0.0
 2.11960212   4.44942472  0.0
 1.96854555   4.40177339  0.0
 1.81765209   4.35360487  0.0
 1.66681841   4.30524859  0.0
 1.51594608   4.25701261  0.0
 1.36494325   4.20918866  0.0
 1.21372445   4.16205520  0.0
 1.06220771   4.11588628  0.0
 0.91034114   4.07088205  0.0
 0.75806159   4.02729664  0.0
 0.60528413   3.98549043  0.0
 0.45191786   3.94590323  0.0
 0.29788859   3.90898049  0.0
 0.14315724   3.87512147  0.0
-0.01231523   3.84486105  0.0
-0.16856836   3.81893150  0.0
-0.32557248   3.79804485  0.0
-0.48323833   3.78298179  0.0
-0.64140315   3.77468243  0.0
-0.79977888   3.77401774  0.0
-0.95797874   3.78150173  0.0
-1.11555753   3.79736286  0.0
-1.27213160   3.82121544  0.0
-1.42741939   3.85236520  0.0
-1.58121278   3.89022048  0.0
-1.73329560   3.93445038  0.0
-1.88340758   3.98496536  0.0
-2.03122959   4.04183143  0.0
-2.17643780   4.10507263  0.0
-2.31861129   4.17486997  0.0
-2.45706271   4.25176845  0.0
-2.59066931   4.33679287  0.0
-2.71735489   4.43178285  0.0
-2.83246099   4.54040432  0.0
-2.92279614   4.66974946  0.0
-2.94528000   4.76908800  0.0
-2.93998542   4.82449073  0.0
-2.86903871   4.96449034  0.0
-2.75890332   5.07799350  0.0
-2.63374550   5.17494681  0.0
-2.50009642   5.25987965  0.0
-2.36068909   5.33502003  0.0
-2.21709225   5.40182317  0.0
-2.07029313   5.46127132  0.0
-1.92097810   5.51409476  0.0
-1.76963275   5.56079191  0.0
-1.61662560   5.60171687  0.0
-1.46224077   5.63709769  0.0
-1.30669859   5.66697975  0.0
-1.15018464   5.69126212  0.0
-0.99290110   5.70992327  0.0
-0.83508592   5.72338879  0.0
-0.67694001   5.73217181  0.0
-0.51861364   5.73669721  0.0
-0.36022364   5.73727109  0.0
-0.20186457   5.73412305  0.0
-0.04361695   5.72742250  0.0
 0.11446060   5.71740365  0.0
 0.27231326   5.70431973  0.0
 0.42990640   5.68841966  0.0
 0.58722059   5.66996199  0.0
 0.74423826   5.64912895  0.0
 0.90095654   5.62615049  0.0
 1.05738892   5.60129828  0.0
 1.21355367   5.57481497  0.0
 1.36945613   5.54682903  0.0
 1.52511382   5.51751109  0.0
 1.68054054   5.48699218  0.0
 1.83574597   5.45536873  0.0
 1.99075299   5.42278500  0.0
 2.14558336   5.38936901  0.0
 2.30025071   5.35520841  0.0
 2.45477281   5.32039631  0.0
 2.60917323   5.28504851  0.0
 2.76345338   5.24917964  0.0
 2.91761369   5.21279915  0.0
 3.07166361   5.17595343  0.0
 3.22561411   5.13869470  0.0
 3.37947916   5.10108495  0.0
 3.53327558   5.06319490  0.0
 3.68702397   5.02511046  0.0
 3.84071746   4.98680530  0.0
 3.99434472   4.94823529  0.0
 4.14789395   4.90935606  0.0
 4.30127181   4.86980710  0.0
 4.45430399   4.82894215  0.0
 4.60672000   4.78584457  0.0
 4.60672000   4.75233143  0.0
;;

# interior:
# ---------
 4.60612000   4.75305420  0.0
 4.60612000   4.78539070  0.0
 4.45414495   4.82836360  0.0
 4.30111950   4.86922675  0.0
 4.14774541   4.90877474  0.0
 3.99419803   4.94765350  0.0
 3.84057186   4.98622323  0.0
 3.68687929   5.02452816  0.0
 3.53313168   5.06261241  0.0
 3.37933616   5.10050223  0.0
 3.22547231   5.13811170  0.0
 3.07152326   5.17537008  0.0
 2.91747500   5.21221540  0.0
 2.76331654   5.24859545  0.0
 2.60903835   5.28446387  0.0
 2.45463993   5.31981121  0.0
 2.30012008   5.35462280  0.0
 2.14545537   5.38878281  0.0
 1.99062798   5.42219816  0.0
 1.83562436   5.45478119  0.0
 1.68042284   5.48640384  0.0
 1.52500049   5.51692189  0.0
 1.36934759   5.54623892  0.0
 1.21345050   5.57422389  0.0
 1.05729169   5.60070620  0.0
 0.90086594   5.62555735  0.0
 0.74415528   5.64853470  0.0
 0.58714617   5.66936660  0.0
 0.42984132   5.68782318  0.0
 0.27225836   5.70372222  0.0
 0.11441684   5.71680522  0.0
-0.04364862   5.72682330  0.0
-0.20188322   5.73352331  0.0
-0.36022852   5.73667107  0.0
-0.51860398   5.73609724  0.0
-0.67691480   5.73157228  0.0
-0.83504377   5.72279021  0.0
-0.99284024   5.70932629  0.0
-1.15010328   5.69066757  0.0
-1.30659596   5.66638850  0.0
-1.46211711   5.63651048  0.0
-1.61648102   5.60113445  0.0
-1.76946673   5.56021523  0.0
-1.92078951   5.51352504  0.0
-2.07008036   5.46071015  0.0
-2.21685295   5.40127275  0.0
-2.36041998   5.33448347  0.0
-2.49979278   5.25936170  0.0
-2.63340013   5.17445539  0.0
-2.75850230   5.07754518  0.0
-2.86854468   4.96413787  0.0
-2.93939894   4.82432071  0.0
-2.94467357   4.76912665  0.0
-2.92223690   4.66999660  0.0
-2.83200437   4.54079840  0.0
-2.71696778   4.43224253  0.0
-2.59032777   4.33728671  0.0
-2.45675570   4.25228427  0.0
-2.31833324   4.17540188  0.0
-2.17618567   4.10561726  0.0
-2.03100198   4.04238673  0.0
-1.88320409   3.98552994  0.0
-1.73311606   3.93502302  0.0
-1.58105723   3.89080010  0.0
-1.42728863   3.85295092  0.0
-1.27202736   3.82180648  0.0
-1.11548226   3.79795831  0.0
-0.95793449   3.78210031  0.0
-0.79976596   3.77461780  0.0
-0.64142014   3.77528236  0.0
-0.48328260   3.78358030  0.0
-0.32564060   3.79864108  0.0
-0.16865705   3.81952499  0.0
-0.01242168   3.84545159  0.0
 0.14303578   3.87570909  0.0
 0.29775452   3.90956535  0.0
 0.45177294   3.94648549  0.0
 0.60512996   3.98607030  0.0
 0.75789985   4.02787444  0.0
 0.91017334   4.07145812  0.0
 1.06203503   4.11646090  0.0
 1.21354774   4.16262859  0.0
 1.36476340   4.20976107  0.0
 1.51576414   4.25758436  0.0
 1.66663547   4.30582002  0.0
 1.81746891   4.35417623  0.0
 1.81746962   4.35417646  0.0
 1.96836308   4.40234497  0.0
 1.96836504   4.40234559  0.0
 2.11942161   4.44999693  0.0
 2.11942490   4.44999796  0.0
 2.27075486   4.49678181  0.0
 2.27075963   4.49678326  0.0
 2.42247238   4.54230847  0.0
 2.42247878   4.54231035  0.0
 2.57468332   4.58614528  0.0
 2.57469147   4.58614756  0.0
 2.72750457   4.62783321  0.0
 2.72751486   4.62783591  0.0
 2.88104507   4.66680610  0.0
 2.88105772   4.66680916  0.0
 3.03538279   4.70243686  0.0
 3.03539784   4.70244014  0.0
 3.19058954   4.73409382  0.0
 3.19060664   4.73409706  0.0
 3.34665282   4.76123675  0.0
 3.34667157   4.76123970  0.0
 3.50349832   4.78342785  0.0
 3.50351953   4.78343046  0.0
 3.66103332   4.80002028  0.0
 3.66105639   4.80002226  0.0
 3.81909254   4.81052155  0.0
 3.81911702   4.81052268  0.0
 3.97744962   4.81455930  0.0
 3.97747566   4.81455940  0.0
 4.13583149   4.81172209  0.0
 4.13586019   4.81172088  0.0
 4.29389649   4.80130816  0.0
 4.29392991   4.80130501  0.0
 4.45112680   4.78207246  0.0
 4.45116435   4.78206666  0.0
 4.60612000   4.75305420  0.0
;;

