# exterior:
# ---------
 4.60362000   4.75606572  0.0
 4.45162443   4.78452396  0.0
 4.45143040   4.78455396  0.0
 4.29423351   4.80378651  0.0
 4.29406085   4.80380275  0.0
 4.13602455   4.81421548  0.0
 4.13587628   4.81422169  0.0
 3.97752044   4.81705899  0.0
 3.97738590   4.81705848  0.0
 3.81905330   4.81302187  0.0
 3.81892681   4.81301605  0.0
 3.66089066   4.80251676  0.0
 3.66077146   4.80250653  0.0
 3.60672000   4.79681367  0.0
 3.60672000   4.82697961  0.0
 3.65762915   4.83234151  0.0
 3.65820548   4.83239659  0.0
 3.65832468   4.83240683  0.0
 3.65890197   4.83245078  0.0
 3.81693812   4.84295007  0.0
 3.81754988   4.84298444  0.0
 3.81767637   4.84299025  0.0
 3.81828872   4.84301212  0.0
 3.97662131   4.84704874  0.0
 3.97727230   4.84705827  0.0
 3.97740684   4.84705878  0.0
 3.97805788   4.84705418  0.0
 4.13641371   4.84421687  0.0
 4.13713154   4.84419541  0.0
 4.13727981   4.84418920  0.0
 4.13799692   4.84415057  0.0
 4.29603322   4.83373784  0.0
 4.29686976   4.83367096  0.0
 4.29704242   4.83365472  0.0
 4.29787675   4.83356447  0.0
 4.31784665   4.83112121  0.0
 4.29286953   4.83779098  0.0
 4.13969928   4.87728641  0.0
 3.98625237   4.91613973  0.0
 3.83268510   4.95469467  0.0
 3.67904236   4.99298719  0.0
 3.60672000   5.01090189  0.0
 3.60672000   5.04180857  0.0
 3.68627645   5.02210194  0.0
 3.83996519   4.98379796  0.0
 3.99358682   4.94522936  0.0
 4.14712647   4.90635256  0.0
 4.30048489   4.86680861  0.0
 4.45348231   4.82595295  0.0
 4.60362000   4.78349958  0.0
 4.60362000   4.75606572  0.0
;;

