# exterior:
# ---------
 0.83900000   4.08801240  0.0
 0.83900000   5.59874874  0.0
 0.89550574   5.59046372  0.0
 1.05153877   5.56567496  0.0
 1.20734643   5.53925220  0.0
 1.36292589   5.51132424  0.0
 1.51829496   5.48206067  0.0
 1.67345896   5.45159335  0.0
 1.82842911   5.42001784  0.0
 1.98323189   5.38747703  0.0
 2.13788259   5.35409982  0.0
 2.29239085   5.31997436  0.0
 2.44677767   5.28519274  0.0
 2.53872566   5.26414254  0.0
 2.53872566   4.61273240  0.0
 2.41265411   4.57642378  0.0
 2.41264610   4.57642146  0.0
 2.41248603   4.57637488  0.0
 2.41247803   4.57637254  0.0
 2.41244498   4.57636282  0.0
 2.41243698   4.57636046  0.0
 2.41227718   4.57631299  0.0
 2.41226919   4.57631060  0.0
 2.26055644   4.53078539  0.0
 2.26055047   4.53078360  0.0
 2.26043122   4.53074754  0.0
 2.26042526   4.53074573  0.0
 2.26040063   4.53073823  0.0
 2.26039467   4.53073641  0.0
 2.26027557   4.53069986  0.0
 2.26026962   4.53069803  0.0
 2.10893966   4.48391417  0.0
 2.10893554   4.48391290  0.0
 2.10885329   4.48388734  0.0
 2.10884918   4.48388606  0.0
 2.10883219   4.48388075  0.0
 2.10882808   4.48387946  0.0
 2.10874590   4.48385367  0.0
 2.10874179   4.48385238  0.0
 1.95768277   4.43620027  0.0
 1.95763136   4.43618400  0.0
 1.95761880   4.43618001  0.0
 1.95756742   4.43616366  0.0
 1.80667291   4.38799481  0.0
 1.80664895   4.38798715  0.0
 1.65581122   4.33962957  0.0
 1.50499951   4.29141297  0.0
 1.35412224   4.24362878  0.0
 1.20309198   4.19655409  0.0
 1.05181784   4.15045910  0.0
 0.90024559   4.10554209  0.0
 0.83900000   4.08801240  0.0
;;

# interior:
# ---------
 0.84400000   4.09464427  0.0
 0.89884732   4.11034265  0.0
 1.05037880   4.15524758  0.0
 1.20161933   4.20133233  0.0
 1.35262348   4.24839888  0.0
 1.50348336   4.29617757  0.0
 1.65428668   4.34439148  0.0
 1.80512648   4.39274972  0.0
 1.80515240   4.39275800  0.0
 1.95605088   4.44092812  0.0
 1.95610604   4.44094568  0.0
 1.95612298   4.44095105  0.0
 1.95617857   4.44096864  0.0
 2.10724101   4.48862183  0.0
 2.10724854   4.48862420  0.0
 2.10733415   4.48865106  0.0
 2.10734168   4.48865342  0.0
 2.10736210   4.48865980  0.0
 2.10736964   4.48866214  0.0
 2.10745532   4.48868877  0.0
 2.10746286   4.48869110  0.0
 2.25879282   4.53547496  0.0
 2.25879778   4.53547649  0.0
 2.25880374   4.53547832  0.0
 2.25880870   4.53547985  0.0
 2.25892780   4.53551640  0.0
 2.25893276   4.53551792  0.0
 2.25893872   4.53551974  0.0
 2.25894368   4.53552125  0.0
 2.25896831   4.53552876  0.0
 2.25897328   4.53553027  0.0
 2.25897924   4.53553208  0.0
 2.25898421   4.53553358  0.0
 2.25910346   4.53556963  0.0
 2.25910843   4.53557113  0.0
 2.25911440   4.53557293  0.0
 2.25911937   4.53557443  0.0
 2.41083212   4.58109963  0.0
 2.41083878   4.58110163  0.0
 2.41084676   4.58110401  0.0
 2.41085342   4.58110599  0.0
 2.41101323   4.58115346  0.0
 2.41101989   4.58115544  0.0
 2.41102788   4.58115780  0.0
 2.41103454   4.58115976  0.0
 2.41106760   4.58116948  0.0
 2.41107426   4.58117144  0.0
 2.41108226   4.58117378  0.0
 2.41108893   4.58117572  0.0
 2.41124900   4.58122230  0.0
 2.41125567   4.58122424  0.0
 2.41126368   4.58122656  0.0
 2.41127035   4.58122849  0.0
 2.53372566   4.61649563  0.0
 2.53372566   5.26015786  0.0
 2.44567031   5.28031689  0.0
 2.29130222   5.31509430  0.0
 2.13681600   5.34921489  0.0
 1.98219019   5.38258673  0.0
 1.82741569   5.41512159  0.0
 1.67247813   5.44669046  0.0
 1.51735052   5.47715064  0.0
 1.36202142   5.50640668  0.0
 1.20648670   5.53432661  0.0
 1.05072850   5.56074098  0.0
 0.89475078   5.58552095  0.0
 0.84400000   5.59296217  0.0
 0.84400000   4.09464427  0.0
;;

