# exterior:
# ---------
-0.83900000   5.68682365  0.0
-0.83900000   3.81201356  0.0
-0.95531624   3.81751615  0.0
-1.11102853   3.83318940  0.0
-1.26585978   3.85677648  0.0
-1.41955157   3.88760609  0.0
-1.57185399   3.92509438  0.0
-1.72249345   3.96890451  0.0
-1.87116443   4.01893457  0.0
-2.01753512   4.07524233  0.0
-2.16126819   4.13784108  0.0
-2.30188194   4.20687270  0.0
-2.43859126   4.28280358  0.0
-2.57012015   4.36650578  0.0
-2.69406419   4.45944014  0.0
-2.80498778   4.56411473  0.0
-2.88914858   4.68461921  0.0
-2.90879327   4.77141369  0.0
-2.90469853   4.81426126  0.0
-2.83931458   4.94328383  0.0
-2.73477518   5.05101989  0.0
-2.61296569   5.14537943  0.0
-2.48182766   5.22871651  0.0
-2.34449738   5.30273736  0.0
-2.20269436   5.36870600  0.0
-2.05749164   5.42750766  0.0
-1.90963170   5.47981634  0.0
-1.75964355   5.52609473  0.0
-1.60792683   5.56667454  0.0
-1.45480097   5.60176683  0.0
-1.30052393   5.63140584  0.0
-1.14528916   5.65548975  0.0
-0.98923892   5.67400458  0.0
-0.83900000   5.68682365  0.0
;;

# interior:
# ---------
-0.84400000   5.68137886  0.0
-0.98873169   5.66902969  0.0
-1.14461111   5.65053513  0.0
-1.29966871   5.62647871  0.0
-1.45377053   5.59687336  0.0
-1.60672201   5.56182103  0.0
-1.75826000   5.52128903  0.0
-1.90806018   5.47506863  0.0
-2.05571858   5.42283126  0.0
-2.20070019   5.36411914  0.0
-2.34225476   5.29826608  0.0
-2.47929736   5.22440029  0.0
-2.61008760   5.14128422  0.0
-2.73143334   5.04728393  0.0
-2.83519767   4.94034664  0.0
-2.89981115   4.81284443  0.0
-2.90373971   4.77173581  0.0
-2.88448825   4.68667873  0.0
-2.80118262   4.56739872  0.0
-2.69083833   4.46327079  0.0
-2.56727400   4.37062115  0.0
-2.43603289   4.28710207  0.0
-2.29956486   4.21130520  0.0
-2.15916714   4.14237965  0.0
-2.01563838   4.07986988  0.0
-1.86946870   4.02363945  0.0
-1.72099731   3.97367655  0.0
-1.57055776   3.92992456  0.0
-1.41846184   3.89248710  0.0
-1.26499111   3.86170184  0.0
-1.11040124   3.83815153  0.0
-0.95494747   3.82250429  0.0
-0.84400000   3.81725568  0.0
-0.84400000   5.68137886  0.0
;;

