# exterior:
# ---------
 4.60612000   4.75305420  0.0
 4.45116435   4.78206666  0.0
 4.45112680   4.78207246  0.0
 4.29392991   4.80130501  0.0
 4.29389649   4.80130816  0.0
 4.13586019   4.81172088  0.0
 4.13583149   4.81172209  0.0
 3.97747566   4.81455940  0.0
 3.97744962   4.81455930  0.0
 3.81911702   4.81052268  0.0
 3.81909254   4.81052155  0.0
 3.66105639   4.80002226  0.0
 3.66103332   4.80002028  0.0
 3.50351953   4.78343046  0.0
 3.50349832   4.78342785  0.0
 3.34667157   4.76123970  0.0
 3.34665282   4.76123675  0.0
 3.19060664   4.73409706  0.0
 3.19058954   4.73409382  0.0
 3.03539784   4.70244014  0.0
 3.03538279   4.70243686  0.0
 2.88105772   4.66680916  0.0
 2.88104507   4.66680610  0.0
 2.72751486   4.62783591  0.0
 2.72750457   4.62783321  0.0
 2.57469147   4.58614756  0.0
 2.57468332   4.58614528  0.0
 2.42247878   4.54231035  0.0
 2.42247238   4.54230847  0.0
 2.27075963   4.49678326  0.0
 2.27075486   4.49678181  0.0
 2.11942490   4.44999796  0.0
 2.11942161   4.44999693  0.0
 1.96836504   4.40234559  0.0
 1.96836308   4.40234497  0.0
 1.81746962   4.35417646  0.0
 1.81746891   4.35417623  0.0
 1.66663547   4.30582002  0.0
 1.51576414   4.25758436  0.0
 1.36476340   4.20976107  0.0
 1.21354774   4.16262859  0.0
 1.06203503   4.11646090  0.0
 0.91017334   4.07145812  0.0
 0.75789985   4.02787444  0.0
 0.60512996   3.98607030  0.0
 0.45177294   3.94648549  0.0
 0.29775452   3.90956535  0.0
 0.14303578   3.87570909  0.0
-0.01242168   3.84545159  0.0
-0.16865705   3.81952499  0.0
-0.32564060   3.79864108  0.0
-0.48328260   3.78358030  0.0
-0.64142014   3.77528236  0.0
-0.79976596   3.77461780  0.0
-0.95793449   3.78210031  0.0
-1.11548226   3.79795831  0.0
-1.27202736   3.82180648  0.0
-1.42728863   3.85295092  0.0
-1.58105723   3.89080010  0.0
-1.73311606   3.93502302  0.0
-1.88320409   3.98552994  0.0
-2.03100198   4.04238673  0.0
-2.17618567   4.10561726  0.0
-2.31833324   4.17540188  0.0
-2.45675570   4.25228427  0.0
-2.59032777   4.33728671  0.0
-2.71696778   4.43224253  0.0
-2.83200437   4.54079840  0.0
-2.92223690   4.66999660  0.0
-2.94467357   4.76912665  0.0
-2.93939894   4.82432071  0.0
-2.86854468   4.96413787  0.0
-2.75850230   5.07754518  0.0
-2.63340013   5.17445539  0.0
-2.49979278   5.25936170  0.0
-2.36041998   5.33448347  0.0
-2.21685295   5.40127275  0.0
-2.07008036   5.46071015  0.0
-1.92078951   5.51352504  0.0
-1.76946673   5.56021523  0.0
-1.61648102   5.60113445  0.0
-1.46211711   5.63651048  0.0
-1.30659596   5.66638850  0.0
-1.15010328   5.69066757  0.0
-0.99284024   5.70932629  0.0
-0.83504377   5.72279021  0.0
-0.67691480   5.73157228  0.0
-0.51860398   5.73609724  0.0
-0.36022852   5.73667107  0.0
-0.20188322   5.73352331  0.0
-0.04364862   5.72682330  0.0
 0.11441684   5.71680522  0.0
 0.27225836   5.70372222  0.0
 0.42984132   5.68782318  0.0
 0.58714617   5.66936660  0.0
 0.74415528   5.64853470  0.0
 0.90086594   5.62555735  0.0
 1.05729169   5.60070620  0.0
 1.21345050   5.57422389  0.0
 1.36934759   5.54623892  0.0
 1.52500049   5.51692189  0.0
 1.68042284   5.48640384  0.0
 1.83562436   5.45478119  0.0
 1.99062798   5.42219816  0.0
 2.14545537   5.38878281  0.0
 2.30012008   5.35462280  0.0
 2.45463993   5.31981121  0.0
 2.60903835   5.28446387  0.0
 2.76331654   5.24859545  0.0
 2.91747500   5.21221540  0.0
 3.07152326   5.17537008  0.0
 3.22547231   5.13811170  0.0
 3.37933616   5.10050223  0.0
 3.53313168   5.06261241  0.0
 3.68687929   5.02452816  0.0
 3.84057186   4.98622323  0.0
 3.99419803   4.94765350  0.0
 4.14774541   4.90877474  0.0
 4.30111950   4.86922675  0.0
 4.45414495   4.82836360  0.0
 4.60612000   4.78539070  0.0
 4.60612000   4.75305420  0.0
;;

# interior:
# ---------
 4.60362000   4.75606572  0.0
 4.60362000   4.78349958  0.0
 4.45348231   4.82595295  0.0
 4.30048489   4.86680861  0.0
 4.14712647   4.90635256  0.0
 3.99358682   4.94522936  0.0
 3.83996519   4.98379796  0.0
 3.68627645   5.02210194  0.0
 3.53253212   5.06018537  0.0
 3.37874034   5.09807427  0.0
 3.22488148   5.13568251  0.0
 3.07093845   5.17293944  0.0
 2.91689712   5.20978310  0.0
 2.76274637   5.24616133  0.0
 2.60847633   5.28202786  0.0
 2.45408625   5.31737329  0.0
 2.29957577   5.35218277  0.0
 2.14492207   5.38634035  0.0
 1.99010713   5.41975301  0.0
 1.83511765   5.45233306  0.0
 1.67993243   5.48395239  0.0
 1.52452827   5.51446687  0.0
 1.36889536   5.54378014  0.0
 1.21302064   5.57176110  0.0
 1.05688655   5.59823921  0.0
 0.90048846   5.62308597  0.0
 0.74380952   5.64605867  0.0
 0.58683608   5.66688584  0.0
 0.42957016   5.68533785  0.0
 0.27202961   5.70123261  0.0
 0.11423451   5.71431176  0.0
-0.04378058   5.72432665  0.0
-0.20196096   5.73102436  0.0
-0.36024883   5.73417098  0.0
-0.51856373   5.73359737  0.0
-0.67680975   5.72907426  0.0
-0.83486814   5.72029611  0.0
-0.99258662   5.70683884  0.0
-1.14976426   5.68819026  0.0
-1.30616836   5.66392493  0.0
-1.46160189   5.63406374  0.0
-1.61587862   5.59870770  0.0
-1.76877495   5.55781238  0.0
-1.92000375   5.51115119  0.0
-2.06919383   5.45837195  0.0
-2.21585587   5.39897932  0.0
-2.35929867   5.33224783  0.0
-2.49852763   5.25720359  0.0
-2.63196108   5.17240779  0.0
-2.75683138   5.07567720  0.0
-2.86648622   4.96266928  0.0
-2.93695525   4.82361229  0.0
-2.94214679   4.76928771  0.0
-2.91990674   4.67102636  0.0
-2.83010179   4.54244040  0.0
-2.71535485   4.43415785  0.0
-2.58890470   4.33934439  0.0
-2.45547652   4.25443351  0.0
-2.31717470   4.17761813  0.0
-2.17513514   4.10788654  0.0
-2.03005361   4.04470051  0.0
-1.88235623   3.98788238  0.0
-1.73236799   3.93740904  0.0
-1.58040911   3.89321519  0.0
-1.42674376   3.85539142  0.0
-1.27159302   3.82426916  0.0
-1.11516861   3.80043937  0.0
-0.95775011   3.78459438  0.0
-0.79971210   3.77711805  0.0
-0.64149093   3.77778208  0.0
-0.48346707   3.78607406  0.0
-0.32592441   3.80112535  0.0
-0.16902662   3.82199785  0.0
-0.01286521   3.84791218  0.0
 0.14252969   3.87815750  0.0
 0.29719587   3.91200226  0.0
 0.45116909   3.94891157  0.0
 0.60448759   3.98848644  0.0
 0.75722594   4.03028195  0.0
 0.90947421   4.07385840  0.0
 1.06131551   4.11885514  0.0
 1.21281141   4.16501771  0.0
 1.36401403   4.21214612  0.0
 1.51500607   4.25996666  0.0
 1.66587320   4.30820098  0.0
 1.81670717   4.35655735  0.0
 1.81670936   4.35655805  0.0
 1.96760283   4.40472657  0.0
 1.96760690   4.40472786  0.0
 1.96760886   4.40472849  0.0
 1.96761294   4.40472978  0.0
 2.11866951   4.45238111  0.0
 2.11867636   4.45238326  0.0
 2.11867965   4.45238429  0.0
 2.11868650   4.45238642  0.0
 2.27001646   4.49917028  0.0
 2.27002639   4.49917332  0.0
 2.27003115   4.49917477  0.0
 2.27004109   4.49917778  0.0
 2.42175385   4.54470299  0.0
 2.42176716   4.54470694  0.0
 2.42177356   4.54470882  0.0
 2.42178690   4.54471271  0.0
 2.57399144   4.58854763  0.0
 2.57400840   4.58855245  0.0
 2.57401655   4.58855474  0.0
 2.57403354   4.58855943  0.0
 2.72684664   4.63024508  0.0
 2.72686805   4.63025082  0.0
 2.72687834   4.63025352  0.0
 2.72689979   4.63025907  0.0
 2.88043001   4.66922926  0.0
 2.88045632   4.66923579  0.0
 2.88046897   4.66923885  0.0
 2.88049536   4.66924509  0.0
 3.03482042   4.70487279  0.0
 3.03485175   4.70487981  0.0
 3.03486681   4.70488309  0.0
 3.03489822   4.70488970  0.0
 3.19008991   4.73654339  0.0
 3.19012549   4.73655038  0.0
 3.19014259   4.73655361  0.0
 3.19017827   4.73656008  0.0
 3.34622444   4.76369977  0.0
 3.34626347   4.76370624  0.0
 3.34628223   4.76370920  0.0
 3.34632136   4.76371505  0.0
 3.50314811   4.78590320  0.0
 3.50319224   4.78590904  0.0
 3.50321344   4.78591166  0.0
 3.50325767   4.78591671  0.0
 3.66077146   4.80250653  0.0
 3.66081948   4.80251112  0.0
 3.66084256   4.80251310  0.0
 3.66089066   4.80251676  0.0
 3.81892681   4.81301605  0.0
 3.81897779   4.81301892  0.0
 3.81900228   4.81302004  0.0
 3.81905330   4.81302187  0.0
 3.97738590   4.81705848  0.0
 3.97744015   4.81705928  0.0
 3.97746619   4.81705938  0.0
 3.97752044   4.81705899  0.0
 4.13587628   4.81422169  0.0
 4.13593610   4.81421990  0.0
 4.13596479   4.81421870  0.0
 4.13602455   4.81421548  0.0
 4.29406085   4.80380275  0.0
 4.29413057   4.80379717  0.0
 4.29416398   4.80379403  0.0
 4.29423351   4.80378651  0.0
 4.45143040   4.78455396  0.0
 4.45150883   4.78454310  0.0
 4.45154639   4.78453729  0.0
 4.45162443   4.78452396  0.0
 4.60362000   4.75606572  0.0
;;

