# curd 115 lp3
 4.72936000  -0.02646916  0.0
 4.70342480  -0.01990908  0.0
 4.59472580   0.00305120  0.0
 4.47809368   0.01769696  0.0
 4.35345216   0.02311284  0.0
 4.22080124   0.01968024  0.0
 4.08021720   0.00785684  0.0
 3.93162376  -0.01220480  0.0
 3.77509720  -0.04111492  0.0
 3.61056124  -0.07971260  0.0
 3.43809216  -0.12822668  0.0
 3.25761368  -0.18703856  0.0
 3.06912580  -0.25584312  0.0
 2.87270480  -0.33425896  0.0
 2.66980000  -0.42098932  0.0
 2.46636124  -0.51237276  0.0
 2.26299876  -0.60703624  0.0
 2.05956000  -0.70391184  0.0
 1.85612124  -0.80208420  0.0
 1.65275876  -0.90040912  0.0
 1.44932000  -0.99797124  0.0
 1.24588124  -1.09332124  0.0
 1.04251876  -1.18516236  0.0
 0.83908000  -1.27181644  0.0
 0.63564124  -1.35221556  0.0
 0.43227876  -1.42513924  0.0
 0.22884000  -1.48951956  0.0
 0.02540124  -1.54451744  0.0
 0.00000000  -1.55003406  0.0
-0.17796124  -1.58868356  0.0
-0.38140000  -1.62041604  0.0
-0.58483876  -1.63818928  0.0
-0.75300000  -1.63976619  0.0
-0.78820124  -1.64009628  0.0
-0.83300000  -1.63666960  0.0
-0.83600000  -1.63644013  0.0