# curd 110 lp3
-0.83600000  -1.63082377  0.0
-0.83300000  -1.63105324  0.0
-0.78801360  -1.63449427  0.0
-0.75300000  -1.63416594  0.0
-0.58510912  -1.63259157  0.0
-0.38207599  -1.61485377  0.0
-0.17898791  -1.58317599  0.0
 0.00000000  -1.54430352  0.0
 0.02407543  -1.53907483  0.0
 0.22726377  -1.48414465  0.0
 0.43048820  -1.41983216  0.0
 0.63366650  -1.34697452  0.0
 0.83695326  -1.26663547  0.0
 1.04026880  -1.18003388  0.0
 1.24354039  -1.08823381  0.0
 1.44692091  -0.99291111  0.0
 1.65032919  -0.89536360  0.0
 1.85368744  -0.79704073  0.0
 2.05712620  -0.69886837  0.0
 2.05713788  -0.69886275  0.0
 2.05714068  -0.69886141  0.0
 2.05715237  -0.69885582  0.0
 2.26059113  -0.60198022  0.0
 2.26061092  -0.60197085  0.0
 2.26061567  -0.60196861  0.0
 2.26063550  -0.60195933  0.0
 2.46399798  -0.50729585  0.0
 2.46402858  -0.50728173  0.0
 2.46403593  -0.50727837  0.0
 2.46406662  -0.50726446  0.0
 2.66750538  -0.41588102  0.0
 2.66754707  -0.41586252  0.0
 2.66755710  -0.41585813  0.0
 2.66759896  -0.41584001  0.0
 2.87050376  -0.32910965  0.0
 2.87055931  -0.32908630  0.0
 2.87057267  -0.32908078  0.0
 2.87062850  -0.32905810  0.0
 3.06704950  -0.25064226  0.0
 3.06711896  -0.25061512  0.0
 3.06713568  -0.25060874  0.0
 3.06720554  -0.25058264  0.0
 3.25569342  -0.18177808  0.0
 3.25577585  -0.18174881  0.0
 3.25579570  -0.18174196  0.0
 3.25587863  -0.18171413  0.0
 3.43635711  -0.12290225  0.0
 3.43645443  -0.12287163  0.0
 3.43647785  -0.12286452  0.0
 3.43657578  -0.12283589  0.0
 3.60904486  -0.07432181  0.0
 3.60915055  -0.07429333  0.0
 3.60917599  -0.07428677  0.0
 3.60928228  -0.07426060  0.0
 3.77381824  -0.03566292  0.0
 3.77393485  -0.03563703  0.0
 3.77396290  -0.03563116  0.0
 3.77408009  -0.03560806  0.0
 3.93060665  -0.00669794  0.0
 3.93072600  -0.00667739  0.0
 3.93075470  -0.00667281  0.0
 3.93087450  -0.00665515  0.0
 4.07946794   0.01340649  0.0
 4.07959274   0.01342174  0.0
 4.07962274   0.01342503  0.0
 4.07974789   0.01343714  0.0
 4.22033193   0.02526054  0.0
 4.22047665   0.02527060  0.0
 4.22051142   0.02527251  0.0
 4.22065638   0.02527837  0.0
 4.35330730   0.02871097  0.0
 4.35348052   0.02871245  0.0
 4.35352209   0.02871208  0.0
 4.35369526   0.02870756  0.0
 4.47833678   0.02329168  0.0
 4.47854009   0.02327869  0.0
 4.47858880   0.02327458  0.0
 4.47879141   0.02325332  0.0
 4.59542353   0.00860756  0.0
 4.59562943   0.00857734  0.0
 4.59567867   0.00856907  0.0
 4.59588314   0.00853030  0.0
 4.70458214  -0.01442998  0.0
 4.70467874  -0.01445138  0.0
 4.70470187  -0.01445675  0.0
 4.70479802  -0.01448006  0.0
 4.72376000  -0.01927632  0.0