# curd 117 lp3
-0.83600000   1.44463548  0.0
-0.68652000   1.44771812  0.0
-0.48308124   1.44275992  0.0
-0.27971876   1.42994488  0.0
-0.07628000   1.41049348  0.0
 0.00000000   1.40085480  0.0
 0.12715876   1.38478712  0.0
 0.33052124   1.35313092  0.0
 0.53396000   1.31605884  0.0
 0.73739876   1.27395228  0.0
 0.94076124   1.22719264  0.0
 1.14420000   1.17600876  0.0
 1.34763876   1.12116344  0.0
 1.55100124   1.06319064  0.0
 1.75444000   1.00247176  0.0
 1.95787876   0.93961704  0.0
 2.16124124   0.87500788  0.0
 2.36468000   0.80894940  0.0
 2.56811876   0.74174672  0.0
 2.77148124   0.67370496  0.0
 2.97194508   0.60619716  0.0
 3.16439952   0.54113032  0.0
 3.34884456   0.47865700  0.0
 3.52535648   0.41900604  0.0
 3.69385900   0.36263512  0.0
 3.85435212   0.30939168  0.0
 4.00691212   0.25935200  0.0
 4.15153900   0.21251608  0.0
 4.28815648   0.16873136  0.0
 4.41676456   0.12738760  0.0
 4.53743952   0.08833224  0.0
 4.65010508   0.05171784  0.0
 4.67703192   0.04309820  0.0
 4.70342480   0.03470740  0.0
 4.72936000   0.02646916  0.0
