 4.72376000   0.02237225  0.0
 4.70172813   0.02937061  0.0
 4.67533051   0.03776292  0.0
 4.67532463   0.03776480  0.0
 4.64839779   0.04638444  0.0
 4.64838729   0.04638781  0.0
 4.64838477   0.04638863  0.0
 4.64837428   0.04639202  0.0
 4.53571195   0.08300537  0.0
 4.41504546   0.12205799  0.0
 4.32494918   0.15102132  0.0
 4.28644499   0.16339930  0.0
 4.14982988   0.20718327  0.0
 4.14982266   0.20718559  0.0
 4.14982093   0.20718614  0.0
 4.14981371   0.20718847  0.0
 4.01264555   0.25160896  0.0
 4.00518683   0.25402439  0.0
 4.00517789   0.25402730  0.0
 4.00517574   0.25402800  0.0
 4.00516681   0.25403092  0.0
 3.85260681   0.30407060  0.0
 3.85259878   0.30407324  0.0
 3.85259685   0.30407388  0.0
 3.85258882   0.30407653  0.0
 3.72936000   0.34495757  0.0
 3.69209570   0.35731997  0.0
 3.69208974   0.35732195  0.0
 3.69208831   0.35732243  0.0
 3.69208236   0.35732442  0.0
 3.52357984   0.41369534  0.0
 3.52357259   0.41369777  0.0
 3.52357085   0.41369835  0.0
 3.52356361   0.41370080  0.0
 3.34704804   0.47335299  0.0
 3.16260448   0.53582581  0.0
 2.97015468   0.60089108  0.0
 2.76969920   0.66839607  0.0
 2.60615022   0.72311688  0.0
 2.60315022   0.72412063  0.0
 2.56635207   0.73643269  0.0
 2.52315022   0.75070372  0.0
 2.52015220   0.75169406  0.0
 2.36293699   0.80362755  0.0
 2.15952867   0.86967614  0.0
 1.95620438   0.93427317  0.0
 1.75281263   0.99711336  0.0
 1.54943277   1.05781467  0.0
 1.34614223   1.11576696  0.0
 1.14278789   1.17058952  0.0
 0.93945049   1.22174790  0.0
 0.83600000   1.24553453  0.0
 0.83300000   1.24622432  0.0
 0.75300000   1.26461892  0.0
 0.75000000   1.26530872  0.0
 0.73620368   1.26848094  0.0
 0.53289038   1.31056153  0.0
 0.32958844   1.34760868  0.0
 0.12637691   1.37924138  0.0
 0.00000000   1.39521027  0.0
-0.07689766   1.40492700  0.0
-0.28016147   1.42436167  0.0
-0.48332565   1.43716421  0.0
-0.68653050   1.44211671  0.0
-0.75000000   1.44080782  0.0
-0.75300000   1.44074595  0.0
-0.83300000   1.43909616  0.0
-0.83600000   1.43903429  0.0
;;

