# exterior:
# ---------
 3.60672000  -0.33980128  0.0
 3.49737880  -0.37439811  0.0
 3.49726706  -0.37443476  0.0
 3.32651634  -0.43243412  0.0
 3.32640714  -0.43247247  0.0
 3.14772682  -0.49731395  0.0
 3.14763363  -0.49734870  0.0
 2.96102371  -0.56884349  0.0
 2.96094585  -0.56887399  0.0
 2.76648185  -0.64672756  0.0
 2.76642351  -0.64675129  0.0
 2.62772566  -0.70409712  0.0
 2.62772566  -0.63917091  0.0
 2.74349823  -0.59130373  0.0
 2.74381040  -0.59117569  0.0
 2.74386874  -0.59115196  0.0
 2.74418162  -0.59102567  0.0
 2.93864562  -0.51317210  0.0
 2.93906215  -0.51300715  0.0
 2.93914002  -0.51297665  0.0
 2.93955777  -0.51281481  0.0
 3.12616769  -0.44132002  0.0
 3.12666611  -0.44113160  0.0
 3.12675930  -0.44109684  0.0
 3.12725938  -0.44091285  0.0
 3.30593970  -0.37607138  0.0
 3.30652361  -0.37586289  0.0
 3.30663281  -0.37582454  0.0
 3.30721884  -0.37562209  0.0
 3.47796956  -0.31762273  0.0
 3.47856716  -0.31742324  0.0
 3.47867890  -0.31738659  0.0
 3.47927856  -0.31719338  0.0
 3.60672000  -0.27686942  0.0
 3.60672000  -0.33980128  0.0
;;

