# exterior:
# ---------
 2.54172566  -0.73986161  0.0
 2.36409019  -0.81485215  0.0
 2.36406837  -0.81486142  0.0
 2.16273205  -0.90086359  0.0
 1.96132050  -0.98709220  0.0
 1.75992657  -1.07289795  0.0
 1.55862552  -1.15742778  0.0
 1.35726977  -1.23998590  0.0
 1.15593827  -1.31944655  0.0
 0.95471136  -1.39478964  0.0
 0.83600000  -1.43600701  0.0
 0.83600000  -1.37249332  0.0
 0.93434907  -1.33834587  0.0
 1.13440369  -1.26344170  0.0
 1.33487441  -1.18432079  0.0
 1.53562921  -1.10200906  0.0
 1.73655240  -1.01763790  0.0
 1.93775441  -0.93191393  0.0
 2.13916285  -0.84568667  0.0
 2.34049917  -0.75968449  0.0
 2.34061602  -0.75963473  0.0
 2.34063784  -0.75962546  0.0
 2.34075480  -0.75957594  0.0
 2.54172566  -0.67473414  0.0
 2.54172566  -0.73986161  0.0
;;

