# exterior:
# ---------
-0.83600000  -1.72000734  0.0
-0.85581656  -1.71907524  0.0
-1.05718141  -1.69375929  0.0
-1.25190192  -1.65331269  0.0
-1.43605370  -1.60033224  0.0
-1.60956129  -1.53725642  0.0
-1.77249869  -1.46592789  0.0
-1.92486468  -1.38754775  0.0
-2.06658387  -1.30304476  0.0
-2.19780682  -1.21352171  0.0
-2.31830678  -1.11962084  0.0
-2.42831071  -1.02211220  0.0
-2.52766766  -0.92187946  0.0
-2.61645320  -0.81982894  0.0
-2.69466730  -0.71674638  0.0
-2.76223339  -0.61368355  0.0
-2.81922742  -0.50969776  0.0
-2.86565113  -0.40487076  0.0
-2.90150408  -0.29946309  0.0
-2.92671477  -0.18665656  0.0
-2.94135989  -0.07423641  0.0
-2.94332126  -0.04676210  0.0
-2.94467989   0.00000491  0.0
-2.94332071   0.10728179  0.0
-2.94135788   0.21110059  0.0
-2.92671587   0.32006278  0.0
-2.90150681   0.42273310  0.0
-2.86565401   0.52481923  0.0
-2.81923297   0.62503583  0.0
-2.76224262   0.72318757  0.0
-2.69468263   0.81892649  0.0
-2.61647716   0.91144447  0.0
-2.52770066   1.00010018  0.0
-2.42835268   1.08448557  0.0
-2.31835709   1.16398890  0.0
-2.19786431   1.23817199  0.0
-2.06664801   1.30657358  0.0
-1.92493458   1.36834765  0.0
-1.77257319   1.42290481  0.0
-1.60963918   1.46917263  0.0
-1.43613220   1.50646379  0.0
-1.25197501   1.53377403  0.0
-1.05723988   1.55137494  0.0
-0.85585404   1.56017188  0.0
-0.83600000   1.56023965  0.0
-0.83600000   1.55523962  0.0
-0.85573636   1.55517226  0.0
-1.05690556   1.54638478  0.0
-1.25138275   1.52880718  0.0
-1.43523922   1.50154154  0.0
-1.60842967   1.46431841  0.0
-1.77104576   1.41814086  0.0
-1.92309072   1.36369701  0.0
-2.06449080   1.30205953  0.0
-2.19539486   1.23382071  0.0
-2.31557813   1.15982818  0.0
-2.42526503   1.08054796  0.0
-2.52431015   0.99641982  0.0
-2.61279478   0.90805557  0.0
-2.69072321   0.81586534  0.0
-2.75802978   0.72048554  0.0
-2.81479309   0.62272483  0.0
-2.86101611   0.52293572  0.0
-2.89670889   0.42130522  0.0
-2.92179614   0.31913103  0.0
-2.93636420   0.21071913  0.0
-2.93832131   0.10720286  0.0
-2.93967897   0.00004586  0.0
-2.93832644  -0.04651138  0.0
-2.93638296  -0.07373501  0.0
-2.92178586  -0.18578657  0.0
-2.89668339  -0.29810884  0.0
-2.86098919  -0.40304979  0.0
-2.81474125  -0.50747990  0.0
-2.75794366  -0.61110729  0.0
-2.69058010  -0.71386117  0.0
-2.61257116  -0.81667335  0.0
-2.52400219  -0.91847494  0.0
-2.42487331  -1.01847760  0.0
-2.31510858  -1.11577420  0.0
-2.19485828  -1.20948053  0.0
-2.06389211  -1.29882839  0.0
-1.92243836  -1.38317311  0.0
-1.77035043  -1.46141022  0.0
-1.60770268  -1.53261194  0.0
-1.43450653  -1.59557455  0.0
-1.25070056  -1.64845550  0.0
-1.05635982  -1.68882322  0.0
-0.85538660  -1.71408993  0.0
-0.83600000  -1.71500181  0.0
-0.83600000  -1.72000734  0.0
;;

