# exterior:
# ---------
 3.60672000   0.52452961  0.0
 3.66196480   0.50392230  0.0
 3.81693184   0.44407270  0.0
 3.96404480   0.38475174  0.0
 4.10322816   0.32507584  0.0
 4.23455744   0.26419162  0.0
 4.35795712   0.20083789  0.0
 4.47342720   0.15215014  0.0
 4.53186694   0.11289915  0.0
 4.53149629   0.11242532  0.0
 4.47314073   0.15161978  0.0
 4.35772401   0.20028502  0.0
 4.35768308   0.20030412  0.0
 4.23429414   0.26365234  0.0
 4.10298371   0.32452783  0.0
 3.96381436   0.38419772  0.0
 3.81671155   0.44351459  0.0
 3.66175186   0.50336135  0.0
 3.60672000   0.52388923  0.0
 3.60672000   0.52452961  0.0
;;

