# exterior:
# ---------
 0.83600000   1.37445036  0.0
 0.95647763   1.34793806  0.0
 1.15780397   1.29982665  0.0
 1.35920699   1.24822609  0.0
 1.56061105   1.19358948  0.0
 1.76194033   1.13620384  0.0
 1.96334570   1.07625044  0.0
 2.16475152   1.01391054  0.0
 2.36608339   0.94934992  0.0
 2.54172566   0.89196818  0.0
 2.54172566   0.88670812  0.0
 2.36454364   0.94459289  0.0
 2.16324890   1.00914161  0.0
 1.96189319   1.07146599  0.0
 1.76054173   1.13140335  0.0
 1.55927117   1.18877225  0.0
 1.35793192   1.24339128  0.0
 1.15660234   1.29497302  0.0
 0.95535917   1.34306455  0.0
 0.83600000   1.36933073  0.0
 0.83600000   1.37445036  0.0
;;

