# exterior:
# ---------
 0.75000000  -1.47163211  0.0
 0.55378816  -1.53362240  0.0
 0.35245184  -1.58995277  0.0
 0.15104000  -1.63809677  0.0
-0.05037184  -1.67735962  0.0
-0.25170816  -1.70651789  0.0
-0.45312000  -1.72421222  0.0
-0.65453184  -1.72914368  0.0
-0.75000000  -1.72465317  0.0
-0.75000000  -1.72405250  0.0
-0.65452508  -1.72854333  0.0
-0.45315363  -1.72361287  0.0
-0.25177747  -1.70592167  0.0
-0.05047230  -1.67676791  0.0
 0.15091280  -1.63751027  0.0
 0.35230121  -1.58937187  0.0
 0.55361690  -1.53304727  0.0
 0.75000000  -1.47100288  0.0
 0.75000000  -1.47163211  0.0
;;

