# exterior:
# ---------
 3.60672000  -0.34504560  0.0
 3.49888716  -0.37916517  0.0
 3.49887519  -0.37916910  0.0
 3.32812447  -0.43716846  0.0
 3.32811277  -0.43717257  0.0
 3.14943245  -0.50201404  0.0
 3.14942246  -0.50201776  0.0
 2.96281254  -0.57351255  0.0
 2.96280420  -0.57351581  0.0
 2.76834020  -0.65136938  0.0
 2.76833395  -0.65137192  0.0
 2.62772566  -0.70950764  0.0
 2.62772566  -0.70409712  0.0
 2.76642351  -0.64675129  0.0
 2.76644952  -0.64674062  0.0
 2.76645577  -0.64673808  0.0
 2.76648185  -0.64672756  0.0
 2.96094585  -0.56887399  0.0
 2.96098056  -0.56886024  0.0
 2.96098890  -0.56885698  0.0
 2.96102371  -0.56884349  0.0
 3.14763363  -0.49734870  0.0
 3.14767517  -0.49733300  0.0
 3.14768515  -0.49732928  0.0
 3.14772682  -0.49731395  0.0
 3.32640714  -0.43247247  0.0
 3.32645580  -0.43245510  0.0
 3.32646750  -0.43245099  0.0
 3.32651634  -0.43243412  0.0
 3.49726706  -0.37443476  0.0
 3.49731686  -0.37441814  0.0
 3.49732883  -0.37441421  0.0
 3.49737880  -0.37439811  0.0
 3.60672000  -0.33980128  0.0
 3.60672000  -0.34504560  0.0
;;

