# exterior:
# ---------
 4.60608463   0.00001596  0.0
 4.58057128  -0.06750437  0.0
 4.47323049  -0.11442547  0.0
 4.35781202  -0.14436332  0.0
 4.23441791  -0.17386765  0.0
 4.23441455  -0.17386846  0.0
 4.10308527  -0.20607019  0.0
 4.10307830  -0.20607195  0.0
 3.96389494  -0.24197415  0.0
 3.96388656  -0.24197638  0.0
 3.81677360  -0.28219833  0.0
 3.81676309  -0.28220131  0.0
 3.66179605  -0.32761904  0.0
 3.66178380  -0.32762277  0.0
 3.49888716  -0.37916517  0.0
 3.49887519  -0.37916910  0.0
 3.32812447  -0.43716846  0.0
 3.32811277  -0.43717257  0.0
 3.14943245  -0.50201404  0.0
 3.14942246  -0.50201776  0.0
 2.96281254  -0.57351255  0.0
 2.96280420  -0.57351581  0.0
 2.76834020  -0.65136938  0.0
 2.76833395  -0.65137192  0.0
 2.56745075  -0.73442882  0.0
 2.56744665  -0.73443053  0.0
 2.36603481  -0.81945850  0.0
 2.36603247  -0.81945949  0.0
 2.16469615  -0.90546167  0.0
 1.96328434  -0.99169039  0.0
 1.76187442  -1.07750295  0.0
 1.56054188  -1.16204600  0.0
 1.35913605  -1.24462466  0.0
 1.15773281  -1.32411362  0.0
 0.95640822  -1.39949329  0.0
 0.75501119  -1.46941967  0.0
 0.55361690  -1.53304727  0.0
 0.35230121  -1.58937187  0.0
 0.15091280  -1.63751027  0.0
-0.05047230  -1.67676791  0.0
-0.25177747  -1.70592167  0.0
-0.45315363  -1.72361287  0.0
-0.65452508  -1.72854333  0.0
-0.85581656  -1.71907524  0.0
-1.05718141  -1.69375929  0.0
-1.25190192  -1.65331269  0.0
-1.43605370  -1.60033224  0.0
-1.60956129  -1.53725642  0.0
-1.77249869  -1.46592789  0.0
-1.92486468  -1.38754775  0.0
-2.06658387  -1.30304476  0.0
-2.19780682  -1.21352171  0.0
-2.31830678  -1.11962084  0.0
-2.42831071  -1.02211220  0.0
-2.52766766  -0.92187946  0.0
-2.61645320  -0.81982894  0.0
-2.69466730  -0.71674638  0.0
-2.76223339  -0.61368355  0.0
-2.81922742  -0.50969776  0.0
-2.86565113  -0.40487076  0.0
-2.90150408  -0.29946309  0.0
-2.92671477  -0.18665656  0.0
-2.94135989  -0.07423641  0.0
-2.94332126  -0.04676210  0.0
-2.94467989   0.00000491  0.0
-2.94332071   0.10728179  0.0
-2.94135788   0.21110059  0.0
-2.92671587   0.32006278  0.0
-2.90150681   0.42273310  0.0
-2.86565401   0.52481923  0.0
-2.81923297   0.62503583  0.0
-2.76224262   0.72318757  0.0
-2.69468263   0.81892649  0.0
-2.61647716   0.91144447  0.0
-2.52770066   1.00010018  0.0
-2.42835268   1.08448557  0.0
-2.31835709   1.16398890  0.0
-2.19786431   1.23817199  0.0
-2.06664801   1.30657358  0.0
-1.92493458   1.36834765  0.0
-1.77257319   1.42290481  0.0
-1.60963918   1.46917263  0.0
-1.43613220   1.50646379  0.0
-1.25197501   1.53377403  0.0
-1.05723988   1.55137494  0.0
-0.85585404   1.56017188  0.0
-0.65454017   1.56085904  0.0
-0.45314846   1.55457640  0.0
-0.25175558   1.54173166  0.0
-0.05043686   1.52264943  0.0
 0.15095878   1.49782800  0.0
 0.35235557   1.46761470  0.0
 0.55367781   1.43235688  0.0
 0.75507693   1.39225829  0.0
 0.95647763   1.34793806  0.0
 1.15780397   1.29982665  0.0
 1.35920699   1.24822609  0.0
 1.56061105   1.19358948  0.0
 1.76194033   1.13620384  0.0
 1.96334570   1.07625044  0.0
 2.16475152   1.01391054  0.0
 2.36608339   0.94934992  0.0
 2.56749367   0.88354986  0.0
 2.76837493   0.81793116  0.0
 2.96283459   0.75292500  0.0
 3.14944003   0.68880251  0.0
 3.32811575   0.62591862  0.0
 3.49886121   0.56412251  0.0
 3.66175186   0.50336135  0.0
 3.81671155   0.44351459  0.0
 3.96381436   0.38419772  0.0
 4.10298371   0.32452783  0.0
 4.23429414   0.26365234  0.0
 4.35768308   0.20030412  0.0
 4.35772401   0.20028502  0.0
 4.47314073   0.15161978  0.0
 4.58053574   0.07948801  0.0
 4.60608463   0.00001596  0.0
;;

# interior:
# ---------
 4.60078984   0.00014897  0.0
 4.57630695   0.07630517  0.0
 4.47075349   0.14720006  0.0
 4.35578139   0.19567783  0.0
 4.35560938   0.19575420  0.0
 4.35556846   0.19577330  0.0
 4.35539945   0.19585609  0.0
 4.23209993   0.25915839  0.0
 4.10094662   0.31996104  0.0
 3.96189404   0.37958087  0.0
 3.81487583   0.43886362  0.0
 3.65997738   0.49868673  0.0
 3.49713664   0.55942927  0.0
 3.32643496   0.62120954  0.0
 3.14779761   0.68407992  0.0
 2.96122951   0.74818958  0.0
 2.76680603   0.81318365  0.0
 2.56594095   0.87879706  0.0
 2.36454364   0.94459289  0.0
 2.16324890   1.00914161  0.0
 1.96189319   1.07146599  0.0
 1.76054173   1.13140335  0.0
 1.55927117   1.18877225  0.0
 1.35793192   1.24339128  0.0
 1.15660234   1.29497302  0.0
 0.95535917   1.34306455  0.0
 0.75405137   1.38736435  0.0
 0.55275826   1.42744183  0.0
 0.35155329   1.46267911  0.0
 0.15028196   1.49287358  0.0
-0.05097868   1.51767837  0.0
-0.25215070   1.53674670  0.0
-0.45338560   1.54958137  0.0
-0.65460961   1.55585877  0.0
-0.85573636   1.55517226  0.0
-1.05690556   1.54638478  0.0
-1.25138275   1.52880718  0.0
-1.43523922   1.50154154  0.0
-1.60842967   1.46431841  0.0
-1.77104576   1.41814086  0.0
-1.92309072   1.36369701  0.0
-2.06449080   1.30205953  0.0
-2.19539486   1.23382071  0.0
-2.31557813   1.15982818  0.0
-2.42526503   1.08054796  0.0
-2.52431015   0.99641982  0.0
-2.61279478   0.90805557  0.0
-2.69072321   0.81586534  0.0
-2.75802978   0.72048554  0.0
-2.81479309   0.62272483  0.0
-2.86101611   0.52293572  0.0
-2.89670889   0.42130522  0.0
-2.92179614   0.31913103  0.0
-2.93636420   0.21071913  0.0
-2.93832131   0.10720286  0.0
-2.93967897   0.00004586  0.0
-2.93832644  -0.04651138  0.0
-2.93638296  -0.07373501  0.0
-2.92178586  -0.18578657  0.0
-2.89668339  -0.29810884  0.0
-2.86098919  -0.40304979  0.0
-2.81474125  -0.50747990  0.0
-2.75794366  -0.61110729  0.0
-2.69058010  -0.71386117  0.0
-2.61257116  -0.81667335  0.0
-2.52400219  -0.91847494  0.0
-2.42487331  -1.01847760  0.0
-2.31510858  -1.11577420  0.0
-2.19485828  -1.20948053  0.0
-2.06389211  -1.29882839  0.0
-1.92243836  -1.38317311  0.0
-1.77035043  -1.46141022  0.0
-1.60770268  -1.53261194  0.0
-1.43450653  -1.59557455  0.0
-1.25070056  -1.64845550  0.0
-1.05635982  -1.68882322  0.0
-0.85538660  -1.71408993  0.0
-0.65446874  -1.72354046  0.0
-0.45343389  -1.71861823  0.0
-0.25235503  -1.70095315  0.0
-0.05130946  -1.67183698  0.0
 0.14985278  -1.63262279  0.0
 0.35104595  -1.58453106  0.0
 0.55218978  -1.52825455  0.0
 0.75343773  -1.46467317  0.0
 0.95471136  -1.39478964  0.0
 1.15593827  -1.31944655  0.0
 1.35726977  -1.23998590  0.0
 1.55862552  -1.15742778  0.0
 1.75992657  -1.07289795  0.0
 1.96132050  -0.98709220  0.0
 2.16273205  -0.90086359  0.0
 2.36406837  -0.81486142  0.0
 2.36407811  -0.81485727  0.0
 2.36408044  -0.81485628  0.0
 2.36409019  -0.81485215  0.0
 2.56550203  -0.72982418  0.0
 2.56551911  -0.72981701  0.0
 2.56552321  -0.72981530  0.0
 2.56554031  -0.72980819  0.0
 2.76642351  -0.64675129  0.0
 2.76644952  -0.64674062  0.0
 2.76645577  -0.64673808  0.0
 2.76648185  -0.64672756  0.0
 2.96094585  -0.56887399  0.0
 2.96098056  -0.56886024  0.0
 2.96098890  -0.56885698  0.0
 2.96102371  -0.56884349  0.0
 3.14763363  -0.49734870  0.0
 3.14767517  -0.49733300  0.0
 3.14768515  -0.49732928  0.0
 3.14772682  -0.49731395  0.0
 3.32640714  -0.43247247  0.0
 3.32645580  -0.43245510  0.0
 3.32646750  -0.43245099  0.0
 3.32651634  -0.43243412  0.0
 3.49726706  -0.37443476  0.0
 3.49731686  -0.37441814  0.0
 3.49732883  -0.37441421  0.0
 3.49737880  -0.37439811  0.0
 3.66027544  -0.32285571  0.0
 3.66032641  -0.32283988  0.0
 3.66033867  -0.32283615  0.0
 3.66038980  -0.32282086  0.0
 3.81535684  -0.27740313  0.0
 3.81540059  -0.27739053  0.0
 3.81541110  -0.27738755  0.0
 3.81545496  -0.27737535  0.0
 3.96256792  -0.23715339  0.0
 3.96260277  -0.23714400  0.0
 3.96261115  -0.23714177  0.0
 3.96264607  -0.23713263  0.0
 4.10182943  -0.20123042  0.0
 4.10185848  -0.20122302  0.0
 4.10186546  -0.20122127  0.0
 4.10189455  -0.20121404  0.0
 4.23322383  -0.16901231  0.0
 4.23323781  -0.16900891  0.0
 4.23324117  -0.16900809  0.0
 4.23325515  -0.16900473  0.0
 4.35660284  -0.13951150  0.0
 4.47159123  -0.10968521  0.0
 4.57663859  -0.06376661  0.0
 4.60078984   0.00014897  0.0
;;

