# exterior:
# ---------
 4.44392492   0.01464178  0.0
 4.43060970   0.00882139  0.0
 4.32637336  -0.01821598  0.0
 4.20418276  -0.04743255  0.0
 4.20409532  -0.04745352  0.0
 4.20392399  -0.04749475  0.0
 4.20383658  -0.04751585  0.0
 4.20380177  -0.04752428  0.0
 4.20371440  -0.04754551  0.0
 4.20354318  -0.04758723  0.0
 4.20345583  -0.04760858  0.0
 4.07212655  -0.07981031  0.0
 4.07211928  -0.07981210  0.0
 4.07194464  -0.07985520  0.0
 4.07193737  -0.07985700  0.0
 4.07158823  -0.07994372  0.0
 4.07158096  -0.07994553  0.0
 4.07140645  -0.07998915  0.0
 4.07139918  -0.07999097  0.0
 4.07133406  -0.08000735  0.0
 4.07132679  -0.08000919  0.0
 4.07115242  -0.08005333  0.0
 4.07114516  -0.08005518  0.0
 4.07079655  -0.08014399  0.0
 4.07078929  -0.08014584  0.0
 4.07061505  -0.08019051  0.0
 4.07060779  -0.08019238  0.0
 3.93142443  -0.11609458  0.0
 3.93141569  -0.11609685  0.0
 3.93120605  -0.11615133  0.0
 3.93119732  -0.11615360  0.0
 3.93077824  -0.11626332  0.0
 3.93076951  -0.11626561  0.0
 3.93056007  -0.11632085  0.0
 3.93055134  -0.11632316  0.0
 3.93047319  -0.11634392  0.0
 3.93046447  -0.11634625  0.0
 3.93025523  -0.11640224  0.0
 3.93024651  -0.11640458  0.0
 3.92982824  -0.11651732  0.0
 3.92981953  -0.11651968  0.0
 3.92961049  -0.11657642  0.0
 3.92960178  -0.11657879  0.0
 3.78248882  -0.15680075  0.0
 3.78247785  -0.15680376  0.0
 3.78221453  -0.15687640  0.0
 3.78220357  -0.15687944  0.0
 3.78167727  -0.15702591  0.0
 3.78166631  -0.15702897  0.0
 3.78140333  -0.15710281  0.0
 3.78139237  -0.15710590  0.0
 3.78129426  -0.15713368  0.0
 3.78128331  -0.15713680  0.0
 3.78102067  -0.15721183  0.0
 3.78100973  -0.15721497  0.0
 3.78048479  -0.15736623  0.0
 3.78047386  -0.15736939  0.0
 3.78021156  -0.15744562  0.0
 3.78020064  -0.15744880  0.0
 3.62523360  -0.20286653  0.0
 3.62522080  -0.20287030  0.0
 3.62491374  -0.20296119  0.0
 3.62490095  -0.20296499  0.0
 3.62428732  -0.20314839  0.0
 3.62427454  -0.20315223  0.0
 3.62396797  -0.20324475  0.0
 3.62395520  -0.20324862  0.0
 3.62384084  -0.20328347  0.0
 3.62382809  -0.20328738  0.0
 3.62352201  -0.20338153  0.0
 3.62350927  -0.20338547  0.0
 3.62289763  -0.20357542  0.0
 3.62288489  -0.20357939  0.0
 3.62257933  -0.20367518  0.0
 3.62256660  -0.20367919  0.0
 3.60521165  -0.20917050  0.0
 3.60475587  -0.20933949  0.0
 3.60431866  -0.20955195  0.0
 3.60390415  -0.20980586  0.0
 3.60351625  -0.21009881  0.0
 3.60315863  -0.21042805  0.0
 3.60283467  -0.21079047  0.0
 3.60276282  -0.21088856  0.0
 3.59880095  -0.20783596  0.0
 3.59880095  -0.20783596  0.0
 3.59910691  -0.20745823  0.0
 3.59943087  -0.20709582  0.0
 3.59977206  -0.20674958  0.0
 3.60012968  -0.20642034  0.0
 3.60050288  -0.20610887  0.0
 3.60089078  -0.20581592  0.0
 3.60129246  -0.20554216  0.0
 3.60170698  -0.20528825  0.0
 3.60213334  -0.20505480  0.0
 3.60257055  -0.20484234  0.0
 3.60301757  -0.20465139  0.0
 3.60347335  -0.20448239  0.0
 3.60370329  -0.20440344  0.0
 3.62105825  -0.19891213  0.0
 3.62106461  -0.19891012  0.0
 3.62107734  -0.19890611  0.0
 3.62108370  -0.19890411  0.0
 3.62138926  -0.19880832  0.0
 3.62139563  -0.19880633  0.0
 3.62140837  -0.19880236  0.0
 3.62141474  -0.19880037  0.0
 3.62202638  -0.19861043  0.0
 3.62203275  -0.19860846  0.0
 3.62204550  -0.19860452  0.0
 3.62205187  -0.19860255  0.0
 3.62235794  -0.19850839  0.0
 3.62236432  -0.19850644  0.0
 3.62237708  -0.19850253  0.0
 3.62238346  -0.19850058  0.0
 3.62249782  -0.19846574  0.0
 3.62250420  -0.19846380  0.0
 3.62251697  -0.19845992  0.0
 3.62252335  -0.19845799  0.0
 3.62282992  -0.19836547  0.0
 3.62283631  -0.19836355  0.0
 3.62284909  -0.19835971  0.0
 3.62285548  -0.19835779  0.0
 3.62346911  -0.19817439  0.0
 3.62347551  -0.19817248  0.0
 3.62348829  -0.19816868  0.0
 3.62349469  -0.19816678  0.0
 3.62380175  -0.19807590  0.0
 3.62380815  -0.19807401  0.0
 3.62382095  -0.19807024  0.0
 3.62382735  -0.19806836  0.0
 3.77879439  -0.15265063  0.0
 3.77879985  -0.15264903  0.0
 3.77881078  -0.15264585  0.0
 3.77881624  -0.15264425  0.0
 3.77907854  -0.15256803  0.0
 3.77908400  -0.15256644  0.0
 3.77909493  -0.15256328  0.0
 3.77910040  -0.15256170  0.0
 3.77962534  -0.15241044  0.0
 3.77963081  -0.15240887  0.0
 3.77964175  -0.15240573  0.0
 3.77964722  -0.15240417  0.0
 3.77990986  -0.15232913  0.0
 3.77991534  -0.15232757  0.0
 3.77992628  -0.15232446  0.0
 3.77993176  -0.15232291  0.0
 3.78002987  -0.15229512  0.0
 3.78003535  -0.15229357  0.0
 3.78004630  -0.15229048  0.0
 3.78005178  -0.15228894  0.0
 3.78031476  -0.15221511  0.0
 3.78032024  -0.15221357  0.0
 3.78033120  -0.15221051  0.0
 3.78033668  -0.15220898  0.0
 3.78086298  -0.15206251  0.0
 3.78086846  -0.15206098  0.0
 3.78087943  -0.15205794  0.0
 3.78088491  -0.15205643  0.0
 3.78114823  -0.15198379  0.0
 3.78115371  -0.15198228  0.0
 3.78116469  -0.15197927  0.0
 3.78117018  -0.15197776  0.0
 3.92828749  -0.11175462  0.0
 3.92830055  -0.11175107  0.0
 3.92851394  -0.11169314  0.0
 3.92852701  -0.11168961  0.0
 3.92894965  -0.11157569  0.0
 3.92896272  -0.11157219  0.0
 3.92917632  -0.11151503  0.0
 3.92918940  -0.11151154  0.0
 3.92927192  -0.11148962  0.0
 3.92928501  -0.11148616  0.0
 3.92949881  -0.11142978  0.0
 3.92951190  -0.11142634  0.0
 3.92993535  -0.11131548  0.0
 3.92994845  -0.11131207  0.0
 3.93016246  -0.11125645  0.0
 3.93017556  -0.11125306  0.0
 4.06936255  -0.07534992  0.0
 4.06937344  -0.07534712  0.0
 4.06955131  -0.07530153  0.0
 4.06956220  -0.07529874  0.0
 4.06991444  -0.07520901  0.0
 4.06992534  -0.07520624  0.0
 4.07010335  -0.07516118  0.0
 4.07011425  -0.07515843  0.0
 4.07018300  -0.07514114  0.0
 4.07019391  -0.07513840  0.0
 4.07037205  -0.07509387  0.0
 4.07038296  -0.07509116  0.0
 4.07073573  -0.07500354  0.0
 4.07074664  -0.07500084  0.0
 4.07092492  -0.07495684  0.0
 4.07093583  -0.07495416  0.0
 4.20226854  -0.04275159  0.0
 4.20235941  -0.04272938  0.0
 4.20253409  -0.04268682  0.0
 4.20262485  -0.04266477  0.0
 4.20266327  -0.04265547  0.0
 4.20275420  -0.04263352  0.0
 4.20292900  -0.04259145  0.0
 4.20302000  -0.04256963  0.0
 4.32516418  -0.01336416  0.0
 4.42897044   0.01356165  0.0
 4.43357118   0.01557274  0.0
 4.43357119   0.01557274  0.0
 4.44392492   0.01464178  0.0
;;

