# exterior:
# ---------
 0.83600000   1.30789511  0.0
 0.94193773   1.28458246  0.0
 1.14218289   1.23672942  0.0
 1.34263100   1.18537352  0.0
 1.54319256   1.13096546  0.0
 1.74375859   1.07379737  0.0
 1.94446307   1.01405261  0.0
 2.14521735   0.95191438  0.0
 2.34606659   0.88750852  0.0
 2.54172566   0.82358736  0.0
 2.53672566   0.81996078  0.0
 2.34452684   0.88275149  0.0
 2.14371472   0.94714544  0.0
 1.94301056   1.00926816  0.0
 1.74235999   1.06899687  0.0
 1.54185268   1.12614823  0.0
 1.34135593   1.18053870  0.0
 1.14098127   1.23187579  0.0
 0.94081928   1.27970895  0.0
 0.84100000   1.30167518  0.0
 0.83600000   1.30789511  0.0
;;

