# exterior:
# ---------
 2.54172566  -0.67473414  0.0
 2.34075480  -0.75957594  0.0
 2.34063784  -0.75962546  0.0
 2.34061602  -0.75963473  0.0
 2.34049917  -0.75968449  0.0
 2.13916285  -0.84568667  0.0
 1.93775441  -0.93191393  0.0
 1.73655240  -1.01763790  0.0
 1.53562921  -1.10200906  0.0
 1.33487441  -1.18432079  0.0
 1.13440369  -1.26344170  0.0
 0.93434907  -1.33834587  0.0
 0.83600000  -1.37249332  0.0
 0.84100000  -1.36546448  0.0
 0.93265221  -1.33364223  0.0
 1.13260914  -1.25877463  0.0
 1.33300813  -1.17968203  0.0
 1.53371285  -1.09739084  0.0
 1.73460455  -1.01303290  0.0
 1.93579057  -0.92731574  0.0
 2.13719500  -0.84109020  0.0
 2.33853507  -0.75508642  0.0
 2.33853994  -0.75508434  0.0
 2.33865679  -0.75503457  0.0
 2.33866166  -0.75503250  0.0
 2.33868348  -0.75502324  0.0
 2.33868835  -0.75502117  0.0
 2.33880531  -0.75497165  0.0
 2.33881018  -0.75496959  0.0
 2.53672566  -0.67141765  0.0
 2.53672566  -0.67141764  0.0
 2.54172566  -0.67473414  0.0
;;

