# exterior:
# ---------
 0.84100000   1.30167518  0.0
 0.94081928   1.27970895  0.0
 1.14098127   1.23187579  0.0
 1.34135593   1.18053870  0.0
 1.54185268   1.12614823  0.0
 1.74235999   1.06899687  0.0
 1.94301056   1.00926816  0.0
 2.14371472   0.94714544  0.0
 2.34452684   0.88275149  0.0
 2.53672566   0.81996078  0.0
 2.53172566   0.81633420  0.0
 2.53172563   0.81633420  0.0
 2.34298709   0.87799446  0.0
 2.14221209   0.94237651  0.0
 1.94155805   1.00448371  0.0
 1.74096140   1.06419638  0.0
 1.54051279   1.12133100  0.0
 1.34008085   1.17570389  0.0
 1.13977964   1.22702216  0.0
 0.93970082   1.27483544  0.0
 0.84600000   1.29545524  0.0
 0.84100000   1.30167518  0.0
;;

