# exterior:
# ---------
 2.53672566  -0.67141764  0.0
 2.53672566  -0.67141765  0.0
 2.33881018  -0.75496959  0.0
 2.33880531  -0.75497165  0.0
 2.33868835  -0.75502117  0.0
 2.33868348  -0.75502324  0.0
 2.33866166  -0.75503250  0.0
 2.33865679  -0.75503457  0.0
 2.33853994  -0.75508434  0.0
 2.33853507  -0.75508642  0.0
 2.13719500  -0.84109020  0.0
 1.93579057  -0.92731574  0.0
 1.73460455  -1.01303290  0.0
 1.53371285  -1.09739084  0.0
 1.33300813  -1.17968203  0.0
 1.13260914  -1.25877463  0.0
 0.93265221  -1.33364223  0.0
 0.84100000  -1.36546448  0.0
 0.84600000  -1.35843564  0.0
 0.93095536  -1.32893858  0.0
 1.13081459  -1.25410756  0.0
 1.33114185  -1.17504327  0.0
 1.53179649  -1.09277261  0.0
 1.73265671  -1.00842789  0.0
 1.93382673  -0.92271755  0.0
 2.13523090  -0.83649212  0.0
 2.33657340  -0.75048730  0.0
 2.33658071  -0.75048419  0.0
 2.33669999  -0.75043338  0.0
 2.33670730  -0.75043028  0.0
 2.33673155  -0.75041998  0.0
 2.33673886  -0.75041688  0.0
 2.33685826  -0.75036633  0.0
 2.33686557  -0.75036324  0.0
 2.53172566  -0.66810115  0.0
 2.53172566  -0.66810115  0.0
 2.53172566  -0.66810115  0.0
 2.53672566  -0.67141764  0.0
;;

