# exterior:
# ---------
 0.75000000  -1.33989796  0.0
 0.71598954  -1.35170662  0.0
 0.51822414  -1.41418773  0.0
 0.32117090  -1.46931977  0.0
 0.12462432  -1.51630081  0.0
-0.07123384  -1.55448103  0.0
-0.26610103  -1.58270242  0.0
-0.46010403  -1.59974588  0.0
-0.65312782  -1.60447196  0.0
-0.75000000  -1.59991541  0.0
-0.74500000  -1.59514506  0.0
-0.65307148  -1.59946908  0.0
-0.46038429  -1.59475125  0.0
-0.26667860  -1.57773391  0.0
-0.07207099  -1.54955011  0.0
 0.12356430  -1.51141333  0.0
 0.31991564  -1.46447896  0.0
 0.51679702  -1.40939500  0.0
 0.71441609  -1.34696012  0.0
 0.74500000  -1.33634119  0.0
 0.74500000  -1.33634119  0.0
 0.75000000  -1.33989796  0.0
;;

