# exterior:
# ---------
-0.74500000   1.43154952  0.0
-0.65633172   1.43185217  0.0
-0.45926668   1.42570451  0.0
-0.26194986   1.41311974  0.0
-0.06441579   1.39439624  0.0
 0.13349690   1.37000407  0.0
 0.33165672   1.34027638  0.0
 0.52995326   1.30554846  0.0
 0.72861733   1.26599442  0.0
 0.74500000   1.26238925  0.0
 0.74500000   1.26238925  0.0
 0.74000000   1.25836991  0.0
 0.74000000   1.25836991  0.0
 0.72759176   1.26110047  0.0
 0.52903370   1.30063340  0.0
 0.33085444   1.33534079  0.0
 0.13282008   1.36504966  0.0
-0.06495761   1.38942518  0.0
-0.26234499   1.40813478  0.0
-0.45950382   1.42070948  0.0
-0.65640116   1.42685191  0.0
-0.74000000   1.42656655  0.0
-0.74500000   1.43154952  0.0
;;

