# exterior:
# ---------
 3.60254607   0.38773180  0.0
 3.60261285   0.38762441  0.0
 3.60292177   0.38722427  0.0
 3.60326953   0.38685736  0.0
 3.60365255   0.38652745  0.0
 3.60406692   0.38623789  0.0
 3.60450842   0.38599166  0.0
 3.60497253   0.38579127  0.0
 3.61561539   0.38182129  0.0
 3.76898282   0.32258947  0.0
 3.91388594   0.26415959  0.0
 4.05001943   0.20579134  0.0
 4.17724490   0.14680964  0.0
 4.29830862   0.08465520  0.0
 4.29835058   0.08463391  0.0
 4.29935997   0.08412763  0.0
 4.29940213   0.08410673  0.0
 4.30143026   0.08311326  0.0
 4.30147261   0.08309276  0.0
 4.30249135   0.08260557  0.0
 4.30253390   0.08258547  0.0
 4.30291584   0.08240721  0.0
 4.30295857   0.08238751  0.0
 4.30398630   0.08191958  0.0
 4.30402921   0.08190028  0.0
 4.30609329   0.08098384  0.0
 4.30613639   0.08096495  0.0
 4.30717274   0.08051644  0.0
 4.30721601   0.08049795  0.0
 4.41107258   0.03670703  0.0
 4.44392493   0.01464178  0.0
 4.44392492   0.01464178  0.0
 4.43357119   0.01557274  0.0
 4.43357118   0.01557274  0.0
 4.43357119   0.01557274  0.0
 4.40868534   0.03228730  0.0
 4.30527340   0.07589076  0.0
 4.30525174   0.07589995  0.0
 4.30520847   0.07591843  0.0
 4.30518686   0.07592773  0.0
 4.30415050   0.07637624  0.0
 4.30412893   0.07638563  0.0
 4.30408584   0.07640452  0.0
 4.30406432   0.07641402  0.0
 4.30200023   0.07733046  0.0
 4.30197875   0.07734006  0.0
 4.30193584   0.07735936  0.0
 4.30191440   0.07736905  0.0
 4.30088667   0.07783699  0.0
 4.30086529   0.07784679  0.0
 4.30082256   0.07786649  0.0
 4.30080121   0.07787639  0.0
 4.30041927   0.07805465  0.0
 4.30039798   0.07806464  0.0
 4.30035543   0.07808474  0.0
 4.30033419   0.07809484  0.0
 4.29931545   0.07858204  0.0
 4.29929425   0.07859224  0.0
 4.29925189   0.07861274  0.0
 4.29923074   0.07862304  0.0
 4.29720261   0.07961651  0.0
 4.29718150   0.07962691  0.0
 4.29713935   0.07964781  0.0
 4.29711829   0.07965830  0.0
 4.29610890   0.08016458  0.0
 4.29608790   0.08017518  0.0
 4.29604594   0.08019647  0.0
 4.29602498   0.08020717  0.0
 4.17505070   0.14231569  0.0
 4.04798235   0.20122455  0.0
 3.91196561   0.25954274  0.0
 3.76714710   0.31793850  0.0
 3.61384091   0.37714667  0.0
 3.60322505   0.38110657  0.0
 3.60299046   0.38120090  0.0
 3.60252636   0.38140130  0.0
 3.60207298   0.38162490  0.0
 3.60163148   0.38187113  0.0
 3.60120300   0.38213936  0.0
 3.60078862   0.38242892  0.0
 3.60038941   0.38273905  0.0
 3.60000639   0.38306897  0.0
 3.59964054   0.38341782  0.0
 3.59929279   0.38378473  0.0
 3.59896403   0.38416874  0.0
 3.59865510   0.38456889  0.0
 3.59836680   0.38498413  0.0
 3.59836680   0.38498414  0.0
 3.60254607   0.38773180  0.0
;;

