# exterior:
# ---------
 4.49134312   0.06109377  0.0
 4.44210666   0.09416340  0.0
 4.33247001   0.14039149  0.0
 4.33040592   0.14130793  0.0
 4.33002398   0.14148619  0.0
 4.32799585   0.14247966  0.0
 4.20576952   0.20523099  0.0
 4.07650157   0.26515958  0.0
 3.93885015   0.32417866  0.0
 3.79284719   0.38305203  0.0
 3.63868363   0.44259132  0.0
 3.60672000   0.45451433  0.0
 3.60672000   0.51855270  0.0
 3.65997738   0.49868673  0.0
 3.81487583   0.43886362  0.0
 3.96189404   0.37958087  0.0
 4.10094662   0.31996104  0.0
 4.23209993   0.25915839  0.0
 4.35539945   0.19585609  0.0
 4.35578139   0.19567783  0.0
 4.47075349   0.14720006  0.0
 4.52840759   0.10847674  0.0
 4.49134312   0.06109377  0.0
;;

