# exterior:
# ---------
 4.52307317  -0.08718128  0.0
 4.47159123  -0.10968521  0.0
 4.35660284  -0.13951150  0.0
 4.23325515  -0.16900473  0.0
 4.23322383  -0.16901231  0.0
 4.10189455  -0.20121404  0.0
 4.10182943  -0.20123042  0.0
 3.96264607  -0.23713263  0.0
 3.96256792  -0.23715339  0.0
 3.81545496  -0.27737535  0.0
 3.81535684  -0.27740313  0.0
 3.66038980  -0.32282086  0.0
 3.66027544  -0.32285571  0.0
 3.60672000  -0.33980128  0.0
 3.60672000  -0.27686942  0.0
 3.64217520  -0.26565098  0.0
 3.64278684  -0.26546103  0.0
 3.64290119  -0.26542619  0.0
 3.64351482  -0.26524278  0.0
 3.79848186  -0.21982506  0.0
 3.79900680  -0.21967380  0.0
 3.79910492  -0.21964601  0.0
 3.79963121  -0.21949954  0.0
 3.94674417  -0.17927759  0.0
 3.94716245  -0.17916485  0.0
 3.94724060  -0.17914408  0.0
 3.94765968  -0.17903437  0.0
 4.08684304  -0.14313216  0.0
 4.08719165  -0.14304335  0.0
 4.08725678  -0.14302697  0.0
 4.08760591  -0.14294025  0.0
 4.21893519  -0.11073852  0.0
 4.21910292  -0.11069765  0.0
 4.21913424  -0.11069007  0.0
 4.21930208  -0.11064968  0.0
 4.34209269  -0.08128965  0.0
 4.45192009  -0.05280204  0.0
 4.48867592  -0.03673524  0.0
 4.52307317  -0.08718128  0.0
;;

