# exterior:
# ---------
 2.13198600  -1.81614212  0.0
 2.07915338  -1.85809277  0.0
 1.93792397  -1.95762190  0.0
 1.79035842  -2.04978617  0.0
 1.63651671  -2.13461120  0.0
 1.47753302  -2.21151508  0.0
 1.31810184  -2.27868301  0.0
 1.15869746  -2.33667487  0.0
 0.99920703  -2.38612468  0.0
 0.83969861  -2.42746410  0.0
 0.83600000  -2.42824239  0.0
 0.83600000  -2.32511884  0.0
 0.97184087  -2.28991329  0.0
 1.12677772  -2.24187531  0.0
 1.28157267  -2.18556037  0.0
 1.43632033  -2.12036560  0.0
 1.59056913  -2.04575209  0.0
 1.73969202  -1.96352891  0.0
 1.88259170  -1.87427878  0.0
 2.01920957  -1.77799956  0.0
 2.13198600  -1.68845178  0.0
 2.13198600  -1.81614212  0.0
;;

