# exterior:
# ---------
 3.13198600   0.00000000  0.0
 3.11138880  -0.29409773  0.0
 3.02506230  -0.66347216  0.0
 2.93243548  -0.89879517  0.0
 2.83344776  -1.08996142  0.0
 2.72809914  -1.25638074  0.0
 2.61645020  -1.40589823  0.0
 2.49844036  -1.54262124  0.0
 2.37413020  -1.66878514  0.0
 2.24345914  -1.78585599  0.0
 2.10648776  -1.89461527  0.0
 1.96315548  -1.99562636  0.0
 1.81346230  -2.08911947  0.0
 1.65746880  -2.17513096  0.0
 1.49632600  -2.25307924  0.0
 1.33475914  -2.32114693  0.0
 1.17325286  -2.37990347  0.0
 1.01168600  -2.42999708  0.0
 0.85011914  -2.47186997  0.0
 0.68861286  -2.50585535  0.0
 0.52704600  -2.53222583  0.0
 0.36547914  -2.55112073  0.0
 0.20397286  -2.56262487  0.0
 0.04240600  -2.56675643  0.0
-0.11916086  -2.56347905  0.0
-0.28066714  -2.55269581  0.0
-0.44223400  -2.53423708  0.0
-0.60380086  -2.50788478  0.0
-0.76530714  -2.47334207  0.0
-0.92687400  -2.43016064  0.0
-1.08844086  -2.37783164  0.0
-1.24994714  -2.31568867  0.0
-1.41151400  -2.24284728  0.0
-1.56774982  -2.16123996  0.0
-1.71550444  -2.07283557  0.0
-1.85471728  -1.97828231  0.0
-1.98544892  -1.87810722  0.0
-2.10769936  -1.77278889  0.0
-2.22140802  -1.66284830  0.0
-2.32669606  -1.54859442  0.0
-2.42338174  -1.43062093  0.0
-2.51164680  -1.30911563  0.0
-2.59137008  -1.18459344  0.0
-2.66261216  -1.05733909  0.0
-2.72537304  -0.92767366  0.0
-2.77959214  -0.79607572  0.0
-2.82533004  -0.66263010  0.0
-2.86258674  -0.52753064  0.0
-2.89136224  -0.39082581  0.0
-2.91159596  -0.25220666  0.0
-2.92334848  -0.10826252  0.0
-2.92492356  -0.06921871  0.0
-2.92601400   0.00000000  0.0
-2.92492356   0.07202962  0.0
-2.92334848   0.11461130  0.0
-2.91159596   0.25839187  0.0
-2.89136224   0.39654456  0.0
-2.86258674   0.53309188  0.0
-2.82533004   0.66797931  0.0
-2.77959214   0.80115233  0.0
-2.72537304   0.93241707  0.0
-2.66261216   1.06158575  0.0
-2.59137008   1.18822218  0.0
-2.51164680   1.31200529  0.0
-2.42338174   1.43268065  0.0
-2.32669606   1.54973939  0.0
-2.22140802   1.66301187  0.0
-2.10769936   1.77190442  0.0
-1.98544892   1.87611414  0.0
-1.85471728   1.97512609  0.0
-1.71550444   2.06847987  0.0
-1.56774982   2.15569689  0.0
-1.41151400   2.23624406  0.0
-1.24994714   2.30832215  0.0
-1.08844086   2.37005317  0.0
-0.92687400   2.42232765  0.0
-0.76530714   2.46573322  0.0
-0.60380086   2.50074240  0.0
-0.44223400   2.52776108  0.0
-0.28066714   2.54704975  0.0
-0.11916086   2.55881439  0.0
 0.04240600   2.56318221  0.0
 0.20397286   2.56023802  0.0
 0.36547914   2.54999394  0.0
 0.52704600   2.53238939  0.0
 0.68861286   2.50731533  0.0
 0.85011914   2.47459001  0.0
 1.01168600   2.43391660  0.0
 1.17325286   2.38493767  0.0
 1.33475914   2.32717464  0.0
 1.49632600   2.25999142  0.0
 1.65746880   2.18285491  0.0
 1.81346230   2.09743711  0.0
 1.96315548   2.00428324  0.0
 2.10648776   1.90336908  0.0
 2.24345914   1.79442806  0.0
 2.37413020   1.67693315  0.0
 2.49844036   1.55009681  0.0
 2.61645020   1.41248934  0.0
 2.72809914   1.26186928  0.0
 2.83344776   1.09412326  0.0
 2.93243548   0.90138799  0.0
 3.02506230   0.66519869  0.0
 3.11138880   0.29464900  0.0
 3.13198600   0.00000000  0.0
;;

# interior:
# ---------
 3.13138453   0.00000004  0.0
 3.11079360   0.29455945  0.0
 3.02448783   0.66502016  0.0
 2.93188794   0.90114078  0.0
 2.83292587   1.09382610  0.0
 2.72760334   1.26153058  0.0
 2.61598087   1.41211492  0.0
 2.49799789   1.54969108  0.0
 2.37371495   1.67649965  0.0
 2.24307146   1.79396977  0.0
 2.10612800   1.90288857  0.0
 1.96282400   2.00378283  0.0
 1.81315948   2.09691886  0.0
 1.65719498   2.18232078  0.0
 1.49608112   2.25944344  0.0
 1.33454279   2.32661480  0.0
 1.17306468   2.38436775  0.0
 1.01152564   2.43333825  0.0
 0.84998625   2.47400475  0.0
 0.68850722   2.50672454  0.0
 0.52696746   2.53179440  0.0
 0.36542763   2.54939600  0.0
 0.20394839   2.55963836  0.0
 0.04240864   2.56258206  0.0
-0.11913094   2.55821498  0.0
-0.28060975   2.54645234  0.0
-0.44214891   2.52716698  0.0
-0.60368776   2.50015298  0.0
-0.76516566   2.46514995  0.0
-0.92670370   2.42175212  0.0
-1.08824126   2.36948712  0.0
-1.24971764   2.30776753  0.0
-1.41125410   2.23570301  0.0
-1.56745961   2.15517147  0.0
-1.71518459   2.06797194  0.0
-1.85436878   1.97463737  0.0
-1.98507287   1.87564629  0.0
-2.10729691   1.77145907  0.0
-2.22098043   1.66259060  0.0
-2.32624464   1.54934375  0.0
-2.42290788   1.43231218  0.0
-2.51115201   1.31166544  0.0
-2.59085594   1.18791237  0.0
-2.66208038   1.06130729  0.0
-2.72482543   0.93217121  0.0
-2.77903061   0.80094015  0.0
-2.82475660   0.66780183  0.0
-2.86200346   0.53295002  0.0
-2.89077128   0.39643913  0.0
-2.91099952   0.25832389  0.0
-2.92274938   0.11457575  0.0
-2.92432373   0.07201399  0.0
-2.92541393   0.00000018  0.0
-2.92432375  -0.06920189  0.0
-2.92274947  -0.10822600  0.0
-2.91099950  -0.25213884  0.0
-2.89077124  -0.39072058  0.0
-2.86200342  -0.52738896  0.0
-2.82475651  -0.66245291  0.0
-2.77903045  -0.79586398  0.0
-2.72482514  -0.92742845  0.0
-2.66207989  -1.05706159  0.0
-2.59085521  -1.18428486  0.0
-2.51115100  -1.30877726  0.0
-2.42290659  -1.43025414  0.0
-2.32624304  -1.54820063  0.0
-2.22097852  -1.66242898  0.0
-2.10729469  -1.77234556  0.0
-1.98507033  -1.87764142  0.0
-1.85436597  -1.97779561  0.0
-1.71518159  -2.07232954  0.0
-1.56745665  -2.16071618  0.0
-1.41125159  -2.24230743  0.0
-1.24971592  -2.31513476  0.0
-1.08824054  -2.37726583  0.0
-0.92670399  -2.42958502  0.0
-0.76516685  -2.47275850  0.0
-0.60368976  -2.50729498  0.0
-0.44215161  -2.53364259  0.0
-0.28061307  -2.55209808  0.0
-0.11913478  -2.56287945  0.0
 0.04240441  -2.56615627  0.0
 0.20394386  -2.56202542  0.0
 0.36542295  -2.55052321  0.0
 0.52696278  -2.53163147  0.0
 0.68850270  -2.50526539  0.0
 0.84998203  -2.47128568  0.0
 1.01152180  -2.42941981  0.0
 1.17306134  -2.37933468  0.0
 1.33453996  -2.32058820  0.0
 1.49607872  -2.25253235  0.0
 1.65719311  -2.17459780  0.0
 1.81315830  -2.08860193  0.0
 1.96282349  -1.99512630  0.0
 2.10612810  -1.89413471  0.0
 2.24307206  -1.78539720  0.0
 2.37371592  -1.66835073  0.0
 2.49799908  -1.54221422  0.0
 2.61598214  -1.40552225  0.0
 2.72760455  -1.25604027  0.0
 2.83292690  -1.08966245  0.0
 2.93188848  -0.89854669  0.0
 3.02448799  -0.66329306  0.0
 3.11079362  -0.29400792  0.0
 3.13138453   0.00000004  0.0
;;

