# exterior:
# ---------
-0.75000000   2.40191944  0.0
-0.74983920   2.40196264  0.0
-0.59143525   2.43629934  0.0
-0.43293068   2.46280592  0.0
-0.27439264   2.48173300  0.0
-0.11588981   2.49327885  0.0
 0.04269494   2.49756605  0.0
 0.20129761   2.49467588  0.0
 0.35984708   2.48461935  0.0
 0.51845855   2.46733682  0.0
 0.67706290   2.44272252  0.0
 0.75000000   2.42794359  0.0
 0.75000000  -2.42590116  0.0
 0.67656888  -2.44135309  0.0
 0.51794779  -2.46724277  0.0
 0.35933561  -2.48579212  0.0
 0.20080229  -2.49708450  0.0
 0.04223264  -2.50113941  0.0
-0.11630903  -2.49792340  0.0
-0.27475566  -2.48734445  0.0
-0.43322565  -2.46923953  0.0
-0.59165344  -2.44339923  0.0
-0.74996823  -2.40953910  0.0
-0.75000000  -2.40953061  0.0
-0.75000000   2.40191944  0.0
;;

# interior:
# ---------
-0.74500000   2.39789550  0.0
-0.74500000  -2.40548696  0.0
-0.59072754  -2.43848417  0.0
-0.43253903  -2.46428545  0.0
-0.27430509  -2.48236340  0.0
-0.11609167  -2.49292678  0.0
 0.04221942  -2.49613812  0.0
 0.20056063  -2.49208905  0.0
 0.35886736  -2.48081281  0.0
 0.51725433  -2.46228979  0.0
 0.67565089  -2.43643676  0.0
 0.74500000  -2.42184380  0.0
 0.74500000   2.42385511  0.0
 0.67618256   2.43779929  0.0
 0.51780401   2.46237855  0.0
 0.35941781   2.47963653  0.0
 0.20109371   2.48967876  0.0
 0.04271696   2.49256482  0.0
-0.11564050   2.48828376  0.0
-0.27391440   2.47675458  0.0
-0.43222159   2.45785507  0.0
-0.59049274   2.43138753  0.0
-0.74500000   2.39789550  0.0
;;

