# exterior:
# ---------
 3.12637231   0.00000037  0.0
 3.10583378  -0.29325956  0.0
 3.01970206  -0.66180059  0.0
 2.92733014  -0.89647601  0.0
 2.82858641  -1.08717106  0.0
 2.72348296  -1.25320309  0.0
 2.61208160  -1.40238903  0.0
 2.49432175  -1.53882240  0.0
 2.37026356  -1.66473058  0.0
 2.23984640  -1.78157396  0.0
 2.10313091  -1.89013005  0.0
 1.96005687  -1.99095915  0.0
 1.81062498  -2.08428907  0.0
 1.65489574  -2.17015485  0.0
 1.49401809  -2.24797487  0.0
 1.33271351  -2.31593206  0.0
 1.17146535  -2.37459470  0.0
 1.01015349  -2.42460924  0.0
 0.84883943  -2.46641662  0.0
 0.68758472  -2.50034906  0.0
 0.52626932  -2.52667849  0.0
 0.36495469  -2.54554390  0.0
 0.20370220  -2.55702996  0.0
 0.04239120  -2.56115497  0.0
-0.11891741  -2.55788283  0.0
-0.28016250  -2.54711703  0.0
-0.44146499  -2.52868851  0.0
-0.60276389  -2.50237992  0.0
-0.76399772  -2.46789547  0.0
-0.92528720  -2.42478818  0.0
-1.08657124  -2.37255078  0.0
-1.24778913  -2.31051878  0.0
-1.40906480  -2.23780867  0.0
-1.56501357  -2.15635129  0.0
-1.71249114  -2.06811266  0.0
-1.85143835  -1.97373981  0.0
-1.98191544  -1.87375977  0.0
-2.10392245  -1.76865116  0.0
-2.21739938  -1.65893462  0.0
-2.32246784  -1.54491902  0.0
-2.41894698  -1.42719755  0.0
-2.50701933  -1.30595753  0.0
-2.58656459  -1.18171339  0.0
-2.65764427  -1.05474912  0.0
-2.72025927  -0.92538509  0.0
-2.77434971  -0.79409943  0.0
-2.81997706  -0.66097633  0.0
-2.85714237  -0.52620827  0.0
-2.88584625  -0.38984369  0.0
-2.90602900  -0.25157375  0.0
-2.91775768  -0.10792166  0.0
-2.91932534  -0.06906172  0.0
-2.92041333   0.00000172  0.0
-2.91932513   0.07188372  0.0
-2.91775692   0.11427953  0.0
-2.90602915   0.25775736  0.0
-2.88584663   0.39556047  0.0
-2.85714278   0.53176778  0.0
-2.81997790   0.66632278  0.0
-2.77435119   0.79917204  0.0
-2.72026197   0.93012234  0.0
-2.65764888   1.05898686  0.0
-2.58657145   1.18533062  0.0
-2.50702874   1.30883337  0.0
-2.41895909   1.42924156  0.0
-2.32248277   1.54604683  0.0
-2.21741718   1.65907999  0.0
-2.10394319   1.76774780  0.0
-1.98193907   1.87174755  0.0
-1.85146463   1.97056471  0.0
-1.71251919   2.06373917  0.0
-1.56504122   2.15079290  0.0
-1.40908825   2.23119424  0.0
-1.24780510   2.30314576  0.0
-1.08657797   2.36477008  0.0
-0.92528458   2.41695608  0.0
-0.76398671   2.46028939  0.0
-0.60274526   2.49524116  0.0
-0.44143981   2.52221613  0.0
-0.28013151   2.54147393  0.0
-0.11888162   2.55321989  0.0
 0.04243067   2.55758083  0.0
 0.20374449   2.55464125  0.0
 0.36499835   2.54441318  0.0
 0.52631292   2.52683612  0.0
 0.68762689   2.50180131  0.0
 0.84887886   2.46912752  0.0
 1.01018928   2.42851867  0.0
 1.17149655   2.37961843  0.0
 1.33273985   2.32194946  0.0
 1.49404042   2.25487697  0.0
 1.65491316   2.17786973  0.0
 1.81063594   2.09260017  0.0
 1.96006169   1.99961272  0.0
 2.10313004   1.89888438  0.0
 2.23984076   1.79015068  0.0
 2.37025449   1.67288716  0.0
 2.49431063   1.54630999  0.0
 2.61206983   1.40899479  0.0
 2.72347170   1.25870804  0.0
 2.82857682   1.09134974  0.0
 2.92732511   0.89908066  0.0
 3.01970054   0.66353239  0.0
 3.10583356   0.29381317  0.0
 3.12637231   0.00000037  0.0
;;

# interior:
# ---------
 3.08627451   0.00000298  0.0
 3.06615329   0.28784293  0.0
 2.98140222   0.65163021  0.0
 2.89082248   0.88259967  0.0
 2.79378441   1.07153885  0.0
 2.69041855   1.23612774  0.0
 2.58078145   1.38403371  0.0
 2.46481258   1.51926127  0.0
 2.34257084   1.64398717  0.0
 2.21399519   1.75959795  0.0
 2.07914629   1.86685084  0.0
 1.93796316   1.96625188  0.0
 1.79044766   2.05805058  0.0
 1.63665860   2.14226129  0.0
 1.47771487   2.21834514  0.0
 1.31831636   2.28462671  0.0
 1.15895152   2.34162385  0.0
 0.99949842   2.38996200  0.0
 0.84001970   2.43010973  0.0
 0.68058423   2.46241545  0.0
 0.52107667   2.48716992  0.0
 0.36156417   2.50455062  0.0
 0.20211324   2.51466433  0.0
 0.04260685   2.51757098  0.0
-0.11688708   2.51325920  0.0
-0.27630560   2.50164664  0.0
-0.43576706   2.48260932  0.0
-0.59520525   2.45594662  0.0
-0.75455503   2.42140489  0.0
-0.91393156   2.37858776  0.0
-1.07327162   2.32703376  0.0
-1.23250483   2.26617155  0.0
-1.39176147   2.19512410  0.0
-1.54569408   2.11576435  0.0
-1.69119600   2.02987705  0.0
-1.82823138   1.93798344  0.0
-1.95686875   1.84055762  0.0
-2.07711340   1.73805770  0.0
-2.18891116   1.63099511  0.0
-2.29238780   1.51967139  0.0
-2.38736876   1.40467659  0.0
-2.47404256   1.28617679  0.0
-2.55229551   1.16467660  0.0
-2.62219687   1.04042336  0.0
-2.68375434   0.91373144  0.0
-2.73691584   0.78502713  0.0
-2.78174831   0.65449045  0.0
-2.81825736   0.52230987  0.0
-2.84644939   0.38853125  0.0
-2.86626621   0.25322513  0.0
-2.87781723   0.11190971  0.0
-2.87933632   0.07084157  0.0
-2.88040856   0.00001402  0.0
-2.87933804  -0.06794034  0.0
-2.87782336  -0.10548694  0.0
-2.86626500  -0.24705297  0.0
-2.84644635  -0.38282852  0.0
-2.81825405  -0.51676273  0.0
-2.78174151  -0.64916374  0.0
-2.73690376  -0.77998306  0.0
-2.68373232  -0.90903817  0.0
-2.62215936  -1.03624935  0.0
-2.55223966  -1.16114162  0.0
-2.47396595  -1.28339968  0.0
-2.38727012  -1.40274479  0.0
-2.29226626  -1.51866617  0.0
-2.18876627  -1.63097974  0.0
-2.07694451  -1.73909595  0.0
-1.95667630  -1.84270660  0.0
-1.82801744  -1.94129338  0.0
-1.69096755  -2.03437757  0.0
-1.54546893  -2.12143216  0.0
-1.39157050  -2.20181858  0.0
-1.23237474  -2.27359098  0.0
-1.07321684  -2.33483035  0.0
-0.91395293  -2.38641347  0.0
-0.75464473  -2.42899123  0.0
-0.59535692  -2.46305946  0.0
-0.43597210  -2.48905586  0.0
-0.27655794  -2.50726864  0.0
-0.11717849  -2.51790988  0.0
 0.04228549  -2.52114460  0.0
 0.20176892  -2.51706632  0.0
 0.36120864  -2.50570938  0.0
 0.52072163  -2.48705468  0.0
 0.68024083  -2.46101842  0.0
 0.83969861  -2.42746410  0.0
 0.99920703  -2.38612468  0.0
 1.15869746  -2.33667487  0.0
 1.31810184  -2.27868301  0.0
 1.47753302  -2.21151508  0.0
 1.63651671  -2.13461120  0.0
 1.79035842  -2.04978617  0.0
 1.93792397  -1.95762190  0.0
 2.07915338  -1.85809277  0.0
 2.21404111  -1.75098797  0.0
 2.34264473  -1.63576939  0.0
 2.46490314  -1.51168782  0.0
 2.58087728  -1.37732333  0.0
 2.69051022  -1.23050560  0.0
 2.79386249  -1.06723993  0.0
 2.89086342  -0.87991059  0.0
 2.98141463  -0.64986077  0.0
 3.06615510  -0.28727265  0.0
 3.08627451   0.00000298  0.0
;;

