# exterior:
# ---------
 2.84139466   0.00000000  0.0
 2.83058031  -0.24764460  0.0
 2.79822819  -0.49340253  0.0
 2.74457699  -0.73540974  0.0
 2.67003584  -0.97181379  0.0
 2.57517870  -1.20082456  0.0
 2.46072166  -1.42069732  0.0
 2.32753413  -1.62975577  0.0
 2.17663335  -1.82641437  0.0
 2.00916721  -2.00916721  0.0
 1.82641437  -2.17663335  0.0
 1.62975577  -2.32753413  0.0
 1.42069732  -2.46072166  0.0
 1.20082456  -2.57517870  0.0
 0.97181379  -2.67003584  0.0
 0.73540974  -2.74457699  0.0
 0.49340253  -2.79822819  0.0
 0.24764460  -2.83058031  0.0
 0.00000000  -2.84139466  0.0
-0.24764460  -2.83058031  0.0
-0.49340253  -2.79822819  0.0
-0.73540974  -2.74457699  0.0
-0.97181379  -2.67003584  0.0
-1.20082456  -2.57517870  0.0
-1.42069732  -2.46072166  0.0
-1.62975577  -2.32753413  0.0
-1.82641437  -2.17663335  0.0
-2.00916721  -2.00916721  0.0
-2.17663335  -1.82641437  0.0
-2.32753413  -1.62975577  0.0
-2.46072166  -1.42069732  0.0
-2.57517870  -1.20082456  0.0
-2.67003584  -0.97181379  0.0
-2.74457699  -0.73540974  0.0
-2.79822819  -0.49340253  0.0
-2.83058031  -0.24764460  0.0
-2.84139466   0.00000000  0.0
-2.83058031   0.24764460  0.0
-2.79822819   0.49340253  0.0
-2.74457699   0.73540974  0.0
-2.67003584   0.97181379  0.0
-2.57517870   1.20082456  0.0
-2.46072166   1.42069732  0.0
-2.32753413   1.62975577  0.0
-2.17663335   1.82641437  0.0
-2.00916721   2.00916721  0.0
-1.82641437   2.17663335  0.0
-1.62975577   2.32753413  0.0
-1.42069732   2.46072166  0.0
-1.20082456   2.57517870  0.0
-0.97181379   2.67003584  0.0
-0.73540974   2.74457699  0.0
-0.49340253   2.79822819  0.0
-0.24764460   2.83058031  0.0
 0.00000000   2.84139466  0.0
 0.24764460   2.83058031  0.0
 0.49340253   2.79822819  0.0
 0.73540974   2.74457699  0.0
 0.97181379   2.67003584  0.0
 1.20082456   2.57517870  0.0
 1.42069732   2.46072166  0.0
 1.62975577   2.32753413  0.0
 1.82641437   2.17663335  0.0
 2.00916721   2.00916721  0.0
 2.17663335   1.82641437  0.0
 2.32753413   1.62975577  0.0
 2.46072166   1.42069732  0.0
 2.57517870   1.20082456  0.0
 2.67003584   0.97181379  0.0
 2.74457699   0.73540974  0.0
 2.79822819   0.49340253  0.0
 2.83058031   0.24764460  0.0
 2.84139466   0.00000000  0.0
;;

# interior:
# ---------
 2.68124218   0.00000000  0.0
 2.67103736   0.23368658  0.0
 2.64050864   0.46559330  0.0
 2.58988179   0.69395842  0.0
 2.51954196   0.91703815  0.0
 2.43003084   1.13314220  0.0
 2.32202569   1.34062083  0.0
 2.19634529   1.53789569  0.0
 2.05394994   1.72346974  0.0
 1.89592240   1.89592240  0.0
 1.72346974   2.05394994  0.0
 1.53789569   2.19634529  0.0
 1.34062083   2.32202569  0.0
 1.13314220   2.43003084  0.0
 0.91703815   2.51954196  0.0
 0.69395842   2.58988179  0.0
 0.46559330   2.64050864  0.0
 0.23368658   2.67103736  0.0
 0.00000000   2.68124218  0.0
-0.23368658   2.67103736  0.0
-0.46559330   2.64050864  0.0
-0.69395842   2.58988179  0.0
-0.91703815   2.51954196  0.0
-1.13314220   2.43003084  0.0
-1.34062083   2.32202569  0.0
-1.53789569   2.19634529  0.0
-1.72346974   2.05394994  0.0
-1.89592240   1.89592240  0.0
-2.05394994   1.72346974  0.0
-2.19634529   1.53789569  0.0
-2.32202569   1.34062083  0.0
-2.43003084   1.13314220  0.0
-2.51954196   0.91703815  0.0
-2.58988179   0.69395842  0.0
-2.64050864   0.46559330  0.0
-2.67103736   0.23368658  0.0
-2.68124218   0.00000000  0.0
-2.67103736  -0.23368658  0.0
-2.64050864  -0.46559330  0.0
-2.58988179  -0.69395842  0.0
-2.51954196  -0.91703815  0.0
-2.43003084  -1.13314220  0.0
-2.32202569  -1.34062083  0.0
-2.19634529  -1.53789569  0.0
-2.05394994  -1.72346974  0.0
-1.89592240  -1.89592240  0.0
-1.72346974  -2.05394994  0.0
-1.53789569  -2.19634529  0.0
-1.34062083  -2.32202569  0.0
-1.13314220  -2.43003084  0.0
-0.91703815  -2.51954196  0.0
-0.69395842  -2.58988179  0.0
-0.46559330  -2.64050864  0.0
-0.23368658  -2.67103736  0.0
 0.00000000  -2.68124218  0.0
 0.23368658  -2.67103736  0.0
 0.46559330  -2.64050864  0.0
 0.69395842  -2.58988179  0.0
 0.91703815  -2.51954196  0.0
 1.13314220  -2.43003084  0.0
 1.34062083  -2.32202569  0.0
 1.53789569  -2.19634529  0.0
 1.72346974  -2.05394994  0.0
 1.89592240  -1.89592240  0.0
 2.05394994  -1.72346974  0.0
 2.19634529  -1.53789569  0.0
 2.32202569  -1.34062083  0.0
 2.43003084  -1.13314220  0.0
 2.51954196  -0.91703815  0.0
 2.58988179  -0.69395842  0.0
 2.64050864  -0.46559330  0.0
 2.67103736  -0.23368658  0.0
 2.68124218   0.00000000  0.0
;;

